,BTCUSDT,ETHUSDT,USDTUSDT,XRPUSDT,BNBUSDT,SOLUSDT,USDCUSDT,TRXUSDT,STETHUSDT,DOGEUSDT,ADAUSDT,FIGR_HELOCUSDT,WBTUSDT,WSTETHUSDT,WBTCUSDT,BCHUSDT,WBETHUSDT,HYPEUSDT,LINKUSDT,USDSUSDT,BSC-USDUSDT,LEOUSDT,ZECUSDT,XLMUSDT,WETHUSDT,WEETHUSDT,XMRUSDT,USDEUSDT,CBBTCUSDT,LTCUSDT,AVAXUSDT,HBARUSDT,SUIUSDT,SHIBUSDT,WLFIUSDT,DAIUSDT,SUSDEUSDT,CROUSDT,TONUSDT,UNIUSDT,USDT0USDT,SUSDSUSDT,DOTUSDT,PYUSDUSDT,MNTUSDT,MUSDT,CCUSDT,TAOUSDT,AAVEUSDT,USD1USDT,BGBUSDT,NEARUSDT,OKBUSDT,BUIDLUSDT,ICPUSDT,ASTERUSDT,ETCUSDT,USDFUSDT,XAUTUSDT,PIUSDT,ENAUSDT,JITOSOLUSDT,PEPEUSDT,JLPUSDT,RAINUSDT,PUMPUSDT,APTUSDT,ONDOUSDT,HTXUSDT,KCSUSDT,WLDUSDT,KASUSDT,POLUSDT,PAXGUSDT,SYRUPUSDCUSDT,USDTBUSDT,BFUSDUSDT,RETHUSDT,ALGOUSDT,RLUSDUSDT,TRUMPUSDT,GTUSDT,QNTUSDT,WBNBUSDT,ARBUSDT,BNSOLUSDT,ATOMUSDT,USDGUSDT,FILUSDT,VETUSDT,USYCUSDT,HASHUSDT,FLRUSDT,KHYPEUSDT,RSETHUSDT,FBTCUSDT,SKYUSDT
BTCUSDT,1.0,0.8627029154754018,0.1398243309993654,0.693958465969027,0.610962976903654,0.5723864081330472,-0.4799407413946038,0.726309314639216,0.7364018089623384,0.6418647202930392,0.7349260304977837,0.4190766896184498,0.7780180424145219,0.7311159918563619,0.765282150695545,-0.18238807719685377,0.7358270279393926,0.4545983382604339,0.66742686581162,0.35790745416764347,0.22554313800422238,0.05534807218198657,0.3052813093214096,0.6918152231535927,0.7371298682939598,0.7342290761828467,0.4678023575916053,0.1388104356556134,0.7504515146172861,0.7455634572149117,0.47382783133231265,0.6566010847946918,0.5935537631011933,0.4211972377048334,-0.0385964920268286,-0.21965458940342195,-0.008371556352743312,0.7941854758901394,0.5755666100030807,0.7262843600243251,0.14441636026859445,0.09140219065365389,0.5816942753641287,0.16933190475938178,0.6011871632706687,0.5340670966572337,0.5184040705409734,0.532690584280897,0.6745354815590692,0.1794040788928522,0.3915080799066699,0.723822950942777,0.6156704881929985,,0.5707271753763624,0.5295409772170843,0.6776078552114521,0.020116685097806713,0.44286903161995256,-0.09441670556607237,0.45637238292455146,0.565494271051666,0.6280035156128556,0.6534266160076485,0.24194079078945468,0.4773961213859407,0.50636805965432,0.675520627999821,0.7322606293856901,0.5555936747942866,0.41469080569015604,0.31837968495265323,0.6165524422776807,0.4545513011542784,-0.18519435083566274,-0.00564668345305535,0.07541794288131201,0.7323066432768562,0.7006847929012693,0.4282279096698741,0.5480955712100535,0.5286285628667601,0.23258300673724971,0.6368239419532064,0.6568797491557752,0.5628878745213811,0.17773789067015838,-0.04923858296277267,0.4870214790871182,0.7622235398559316,-0.5275273302800151,0.1429580666918505,0.6054565966555079,0.4590516064683448,0.7368274857160366,0.7801028799686651,0.4277763218212961
ETHUSDT,0.8627029154754018,1.0,0.08317710854385142,0.871137028789352,0.7082016819957568,0.770137592190033,-0.207751516102598,0.6451293066132696,0.9310449324754068,0.775034044508663,0.8507780156354564,0.34038274709084226,0.8356036652691299,0.9284022074182335,0.7366508994749866,-0.11347206162554442,0.9304193535444579,0.48027973695443615,0.7659176222235078,0.28342354602979025,0.3441787816925666,0.4513122501691704,0.038124340675913485,0.6318181492389651,0.9311249838113822,0.9288508697754989,0.397695364282906,0.038228957094618286,0.7343585225190762,0.8447443186606799,0.6997564227940789,0.4503349233222483,0.8582666735044007,0.6993571551728356,0.07133162388754674,-0.4334388090876231,-0.03470621617859452,0.7977137266454514,0.8081435693836978,0.7797684268039587,0.3201645647561918,-0.20707706251429384,0.7190915475543951,0.031672965383621146,0.5922716814815936,0.4858179538840732,0.7211653353519266,0.41251984252163404,0.8467794902766378,0.10379330035657243,0.4210075503776554,0.8360779328584508,0.6997868297506447,,0.675118026096507,0.6491382372565295,0.8972793058852102,-0.005661386767566908,0.6564481991411802,-0.08213527554792502,0.7564850600755908,0.7684047721406231,0.8785696783334067,0.8149463301555263,0.6150331872898369,0.7689314317147729,0.4803745032771712,0.8070296033630571,0.8152776578940852,0.5645130871970775,0.5851680165648736,0.5462650914163273,0.7322841069169822,0.7215564658866864,0.14082948580450041,-0.08315167514228815,-0.06098658242791036,0.9329366049318355,0.580559710373437,0.17987030871861429,0.6339026094649617,0.5873469021440417,0.3524720732741329,0.740018109926838,0.8992529302342471,0.7699194139761811,0.19553308510513923,0.15453746117708259,0.5797875297946207,0.9326687507969418,-0.5783756969496681,0.1956048430990795,0.5941334556338327,0.45844624513871224,0.9294905310619281,0.7661780577902978,0.3483584686737851
USDTUSDT,0.1398243309993654,0.08317710854385142,1.0,0.1621677887059794,-0.27173763754609304,-0.16364561073021136,-0.6354393403855841,-0.17033943544064842,0.0833655975667075,-0.3402444609937777,-0.15996417041028316,0.6731228697345895,0.3908050257842766,0.07002141585343584,0.18496246886280107,0.7456025209231311,0.06846511493264244,-0.28883827120839195,-0.326409841046342,0.6642876843881566,0.8045274737403875,0.05676666094842067,-0.5422199000237629,0.15060772319777627,0.09257395281369862,0.0995311806430871,0.2137889551989972,0.7735510266761928,0.12396970560091396,-0.2611980281925479,-0.2749576042350658,0.13340889997186622,-0.19343322336422336,-0.36183309343512055,0.5899626058728358,0.24253207639444951,0.7151342102560359,0.08729234028770676,0.01060782849154401,0.1216200748169656,0.7336881954776842,0.4558718488934432,-0.4163738855076151,0.39347910565471395,-0.3704611628543929,0.22307128257329373,-0.16836676577057355,-0.32164281050171584,-0.022756826517240834,0.7426340423075518,-0.3278209206396922,-0.27769799573935966,-0.26404316126751315,,-0.35200695809283233,0.3239814490070529,0.385981871940815,0.8015293835124925,0.07697797530471702,-0.574100598245181,-0.2673569390424084,-0.17425386821086256,-0.24434010182425417,-0.07151488293076891,0.17105686537945916,-0.1904705881235382,-0.6459489333640175,-0.34448824722351273,-0.15105581194957965,0.2887146709328864,-0.627261535042461,-0.07374249675774738,-0.47683840792873905,0.14394371718830137,0.265662675439129,0.4884490445657606,0.7824153460928884,0.09170957502608541,-0.18471917815905328,0.5457253802497655,-0.4808469530584517,-0.2844511133984551,-0.2433104629644143,-0.2801945757064202,-0.21896167517176834,-0.19200100704702958,-0.8074102299666619,0.27072748430380017,-0.6610510599328573,-0.017663643625006036,-0.1988834363663967,-0.18049050729813124,0.048863656342393404,-0.31403784210538804,0.0966591041753443,0.30363574167571744,-0.4191653016104733
XRPUSDT,0.693958465969027,0.871137028789352,0.1621677887059794,1.0,0.6697766948314876,0.8649948857336549,-0.18080067377412615,0.47567164092183434,0.8742395286799224,0.8260384862894655,0.7885845223160729,0.33448174902751937,0.7328456954043657,0.8800924881051753,0.7008158371765947,-0.11507364525742247,0.8667823337561392,0.5789864839624983,0.7571724371306449,0.37307845568415937,0.26182130582704244,0.5970348380513129,0.08089576999963513,0.8052311768895818,0.8626332000671,0.8739599546074174,0.3614294502288261,-0.006447591549107311,0.6961991631979755,0.7386547593130917,0.6584350277878035,0.6009814786762862,0.8569469491220986,0.6439600889926007,-0.028428330223667066,-0.09677025336492535,0.04825614901626043,0.845192679182906,0.5671283713766447,0.6054839788955052,0.31939311847986246,-0.04889312672820223,0.574246250848833,0.2477550969236874,0.49704694744936706,0.2847674223990336,0.847697413934198,0.40454789439505934,0.8871227602207479,0.25822130092627177,0.34327570881812636,0.6499183146244488,0.6220319565787713,,0.5381683186556716,0.449309805418277,0.8336796698254633,0.021602335142848476,0.8244450637818713,-0.08862814312613679,0.730496129546579,0.8711359833938928,0.8525240720393159,0.8921039196896436,0.7603914837001047,0.6626814475196683,0.39029704148846517,0.796307743495053,0.6579661498287029,0.5241719313535641,0.5767836186424223,0.5650425032477949,0.6523428829311604,0.823235745256461,0.2579705265145726,-0.15831576165913355,-0.008790421875670395,0.8796246725110249,0.5884857749263849,0.3539027244120965,0.5396002702940051,0.5251253316943362,0.2982198131606326,0.6945820934135436,0.8565177775303761,0.8624983511375832,0.18397207306358498,0.2569019260877809,0.4743969841791921,0.8759513869414634,-0.32588783283340883,-0.013891274710744106,0.759308830682241,0.5520846724124024,0.8704606401049781,0.6873615643383792,0.371470293481251
BNBUSDT,0.610962976903654,0.7082016819957568,-0.27173763754609304,0.6697766948314876,1.0,0.686732993014818,-0.02218107006391977,0.6422665262795133,0.7086466117760118,0.7945383407913165,0.7732715047829789,0.09039732346081752,0.5318865956573114,0.7132479646600901,0.5939726069255896,-0.4123374451801225,0.7129073899058624,0.5249759794355952,0.78337962019543,0.005352403302498887,-0.09869464980175317,0.24372535956386304,0.3839511612029898,0.5722259888395493,0.7037748947841214,0.6999919182674571,0.3482369529492734,-0.2904690440404561,0.6147364423732163,0.8084928656423609,0.6198664634355571,0.48656016451250006,0.7160969508579893,0.6166774167868679,-0.26881020477400824,-0.3244496616599607,-0.30479100738339565,0.698215790844747,0.571651964024905,0.5690335521475663,-0.09852445285094803,-0.16556065813040355,0.737928205940577,-0.08538340360013008,0.7009781675744887,0.312864381142525,0.6544719517092318,0.5250520347458988,0.7208992824279397,-0.17734378262486974,0.5439691705757588,0.7825818131404535,0.7188889417666643,,0.6364471097732886,0.3285687443128716,0.5312243260672675,-0.31951104119600826,0.4938474198979411,0.18138260659497749,0.6229321138640306,0.690015397099655,0.7827315553808999,0.7043522670786341,0.3469986611677943,0.6147926417118065,0.7020004506702296,0.8049954070903732,0.7311174250849574,0.3457940201003908,0.7317282580119554,0.391606326769859,0.8145219714746887,0.49500425662519104,-0.07471776267156531,-0.3005509849756175,-0.3088304659292606,0.7055057147901755,0.6424669708060126,0.04942397884117991,0.749761216335926,0.6116372405529972,0.33146585600302164,0.7399806429104031,0.7889239464868819,0.6958106897534782,0.5193855408790484,-0.048159235322484215,0.7183129278966863,0.7648919967252376,-0.4046192709701996,0.1575532898578079,0.5379457099120631,0.5246844996738761,0.700945410494864,0.5526693801316773,0.5106650842946413
SOLUSDT,0.5723864081330472,0.770137592190033,-0.16364561073021136,0.8649948857336549,0.686732993014818,1.0,0.046787988259322864,0.47706391858626024,0.7731283541818502,0.8766556733141274,0.7664176516185555,0.04187394749043571,0.545747071147562,0.7828988179716824,0.566694250456759,-0.38585203786458594,0.7704555839325393,0.6766871950223375,0.7988867940427737,0.15678968292535925,-0.02385860303692501,0.5597669487137072,0.2411011071189742,0.6943071709881931,0.7570044113333422,0.7680936667298324,0.1836630736315695,-0.23051696482082304,0.5787572158222782,0.7490508495261998,0.7173626029563395,0.48943021023038996,0.8895733719508956,0.7577451893191668,-0.20196341815657362,-0.14952595471039803,-0.18378582550481243,0.7391416331283914,0.5011814643286501,0.5244600973798721,0.06463514556320193,-0.2522549222222959,0.6448412196829324,0.17559427617681886,0.5282828545949206,0.1718324668118123,0.8601675897104814,0.5051559557338897,0.8116920924569754,0.03322251216272733,0.3448677162890669,0.6701087359872927,0.6114213040878322,,0.6543837191291123,0.3261968677068621,0.6502143573858801,-0.25093049469906553,0.7628351803218101,0.07416115263810977,0.8117682850104934,0.8825367941825419,0.8654186457430061,0.8594202298868173,0.68056619412348,0.6810295234446873,0.5500029226950731,0.8532410610527118,0.6330036268400271,0.4095831681826652,0.7182490167707052,0.5928760542125188,0.7229818233111498,0.727400582957201,0.144496048404503,-0.277137613190847,-0.26488353753172855,0.7755008302967801,0.606120338448368,0.182947319072867,0.603488121368228,0.5609333841971763,0.38585314937943455,0.7107380671605651,0.8617547431477133,0.8784302229003612,0.4109613745163795,0.17342487559239494,0.665126514818996,0.8045463259365527,-0.16155324220724773,0.0673102726030371,0.7095364950525425,0.6602215718127017,0.7662696527793201,0.5161959428895415,0.4900258715642571
USDCUSDT,-0.4799407413946038,-0.207751516102598,-0.6354393403855841,-0.18080067377412615,-0.02218107006391977,0.046787988259322864,1.0,-0.3989359544664556,-0.20661466487268607,0.02370935522233418,-0.10780960183741163,-0.4736121784433094,-0.5882364829080571,-0.18705767804766607,-0.5133098564524087,-0.1658471374149428,-0.2023580167148586,-0.002957527990408425,-0.054438662170279095,-0.5337833240793308,-0.4621879571872597,0.45045343393099985,-0.12207448737999953,-0.45520131233483374,-0.21931611700600742,-0.2129849525709181,-0.4416708308970704,-0.7195242156474783,-0.44953944833934245,-0.11841133377933381,0.10615359417878131,-0.592963421151129,0.07587493230262218,0.14466739452466346,-0.4270374198921752,-0.03888485005693072,-0.5182027749754714,-0.4700945698860199,-0.09637934470511429,-0.40403093364489207,-0.21331489554226196,-0.3493024428782587,0.15754850561592446,-0.4328178939360679,-0.1181433904171513,-0.4205222887614427,0.1950124578800048,-0.38872601635604603,-0.11298949189697298,-0.49728027233149913,0.04399511117850898,-0.11270378472813987,-0.05920719758734943,,-0.10464064916935208,-0.39605478930329857,-0.33543143479331944,-0.4436306979265689,0.055755013242496675,0.3830923730736391,0.11617594570456898,0.06866115489755155,0.12196852638126811,-0.08461245635756687,0.27692660021681953,0.22768770382138118,0.1372047671216418,-0.017449605207677188,-0.1955788205978937,-0.4997665482513166,0.3756883659668134,-0.015032114899288738,0.13772142680189073,0.08642213527055091,0.4145951625546516,-0.5000676259886128,-0.6441921859426796,-0.1990024989627612,-0.47278522518894356,-0.7731304126670634,0.22054169328892753,-0.05714180772146269,-0.10848995160587628,-0.02539547513810936,0.09542541107164842,0.08305717533581801,0.48983504281853774,0.2869377586852235,0.20228438056414014,-0.16543627824684795,0.3767214212171531,-0.1387218779998846,-0.3194511443586422,-0.0357763758737259,-0.22110071042246107,-0.6005707357225245,-0.028614122392678628
TRXUSDT,0.726309314639216,0.6451293066132696,-0.17033943544064842,0.47567164092183434,0.6422665262795133,0.47706391858626024,-0.3989359544664556,1.0,0.6446223541265843,0.619680722943499,0.7661355077014745,0.2668733279101766,0.704335162553593,0.6366844558307049,0.7201012843779869,-0.45359429375755966,0.651498766737853,0.5450693268578767,0.6908994569071171,0.22841436135191934,0.002242333376145027,-0.21064153508099942,0.5380248266159756,0.5238787770231056,0.6462628388882727,0.6381265218208185,0.297147821473634,0.033469385886644935,0.7151273219511395,0.8243064555402242,0.491031684523282,0.5405832182160478,0.5642987332327787,0.44525954852442085,-0.23917565729301407,-0.3575416455654995,-0.3005284488694236,0.6693118251893198,0.6171758399150975,0.8243369542568687,-0.09166104392540107,-0.02970168967099812,0.7496685606510474,0.09222070849289987,0.6799813609624272,0.6678586640498333,0.4416541388397018,0.6583014031459936,0.5258049580346625,-0.014753270081354419,0.3827360218265381,0.8582547933049766,0.6173773799481025,,0.7658797852380868,0.5582604054619987,0.5121199178143545,-0.20571755226223032,0.24620994391688783,0.011437288137100331,0.4350069052747954,0.46590181913699613,0.5935697101272124,0.5488680036645442,-0.031574434319546534,0.5174200483834323,0.7613615783792743,0.7106114881856198,0.8277579281668407,0.5237511803556821,0.4862581193614373,0.2389837514975766,0.7101028513996065,0.25662762025670904,-0.4942877016124141,-0.02195829488435906,-0.1463178828593901,0.6336074139700781,0.7552474214720257,0.31022443651542975,0.6759370884392017,0.5987165150747695,0.22244272627293268,0.6684382553667719,0.6413513268363239,0.47152427162747995,0.40991649713250833,-0.1777512979175222,0.7326812152062349,0.7144562169462902,-0.49497270561479595,0.2933070045696874,0.4978117842996112,0.5674835492801193,0.6445224648781019,0.7220856647053392,0.6073920101860878
STETHUSDT,0.7364018089623384,0.9310449324754068,0.0833655975667075,0.8742395286799224,0.7086466117760118,0.7731283541818502,-0.20661466487268607,0.6446223541265843,1.0,0.8147254487595079,0.8520282367131078,0.3448640126435771,0.8337526679121289,0.9271528354608457,0.7374351944335503,-0.11606266713064342,0.9286452835976746,0.48802509190646026,0.7664297882934941,0.29071694304804413,0.3398013976870455,0.452484974654194,0.04394689367091025,0.6372058974844964,0.929049906651051,0.9273888597766008,0.39241381822550797,0.0363960592599534,0.7351017929359418,0.8440781009675845,0.6982331531558298,0.4553649742069926,0.8587930310623145,0.6951065616368348,0.06020472318013514,-0.4195567918628592,-0.038165495603820494,0.7980703242379832,0.8015399466040903,0.7790143534484517,0.32050599665373,-0.1969911455723496,0.7197504454808406,0.0416783026105327,0.5896860089518584,0.48581712534782423,0.7283151678955203,0.41190848418074244,0.8466916045919057,0.11136925197844189,0.4165641396017336,0.8332871875644147,0.6970832474098141,,0.6735785128632268,0.645131643749527,0.8948325695746557,-0.0055721392748611645,0.6617134460776222,-0.08346743683067086,0.7532186948527952,0.7716411989621422,0.8784029938361182,0.8176270056638201,0.6175434053172421,0.7685105515420538,0.4833523635531988,0.8078863011341735,0.8136470009879011,0.5644849976162334,0.5857286587938417,0.5431502593529004,0.7322533446661543,0.7251060124916368,0.14030028488066976,-0.08646645839071235,-0.06149669963925941,0.931456433187592,0.5812154276925264,0.18785690698439841,0.6356244602814366,0.5867347449029287,0.34416556219445615,0.740198343050864,0.8995416556091047,0.7728609690515903,0.19988851111430073,0.1613631600799962,0.5806658751494752,0.9323566161128224,-0.5687316360152843,0.18694025841925554,0.6002285990102951,0.4659640104148741,0.9278370761626139,0.7651386349946964,0.3543157385104929
DOGEUSDT,0.6418647202930392,0.775034044508663,-0.3402444609937777,0.8260384862894655,0.7945383407913165,0.8766556733141274,0.02370935522233418,0.619680722943499,0.8147254487595079,1.0,0.8301694885123851,-0.07245929449437861,0.5196472380663477,0.7867238554137836,0.623787317692057,-0.5659085848240942,0.7798030438610408,0.6803871323289564,0.9247678988060513,-0.03838473501529188,-0.21264131794622185,0.39335759336144754,0.470316869888416,0.7449838831373199,0.7647584799530716,0.7664158756743927,0.3469406686114187,-0.38216297626185197,0.6473349084002179,0.8649644684977376,0.7494210294376767,0.6166079662361847,0.8711120194246686,0.7986053897263635,-0.2913727619159778,-0.26406162835971075,-0.2905021300859185,0.8375141892719664,0.51382039801431,0.5194679618510245,-0.19214412227932978,-0.28335395933105373,0.7361414729431461,0.013780742606038567,0.755852475666026,0.15763146421765634,0.8057574282233633,0.6918756558803524,0.8590303535412198,-0.19648277340450898,0.5722976725740638,0.7903715105310847,0.7796616428950941,,0.7231424024155504,0.24514519288972214,0.5578367173721818,-0.4317472231956761,0.6654835883226697,0.2473392748426858,0.8142880555293662,0.8844555109297572,0.9024797138922137,0.8706668593606939,0.4935752681186568,0.6402338247741481,0.742294530976442,0.9558868746861146,0.7280655072729519,0.37449553856863754,0.8692212422747462,0.569816931893403,0.8838301867135896,0.6068511449502881,-0.0353155394830531,-0.37214972881906117,-0.37707879470262207,0.7741768949831708,0.7856022389609018,0.11050772182575387,0.7533681565066194,0.6819857479612804,0.506083749097772,0.8247153878265363,0.887304741412926,0.8856092299514606,0.5889308349436914,-0.07376703307745103,0.8082600716199648,0.8330987843506206,-0.2794262390656787,0.15463420637115177,0.7227082245818023,0.683482574126157,0.7675754301317644,0.5509196838198169,0.6005666352908827
ADAUSDT,0.7349260304977837,0.8507780156354564,-0.15996417041028316,0.7885845223160729,0.7732715047829789,0.7664176516185555,-0.10780960183741163,0.7661355077014745,0.8520282367131078,0.8301694885123851,1.0,0.2917738561485273,0.7289003745112027,0.85391805873278,0.7262387332119818,-0.34861031770973516,0.8536728433186337,0.6335248768425872,0.8284903756808963,0.23182324410775917,0.071582051217369,0.2931534972170134,0.3264500422604555,0.6310181650705806,0.8454415837624992,0.8465541817047707,0.2913461910068551,-0.14656778512026808,0.7367611483403459,0.9126646600132448,0.6901252861300545,0.49787746820015244,0.8360643160008651,0.6461187913137723,-0.2705890066228225,-0.3216449709346489,-0.3031367995345732,0.7565168781163748,0.7247264423688906,0.7894221301432329,0.10350124160817165,-0.10721224534203984,0.8594906115224298,0.049833469785389155,0.6808422325045699,0.5295169493499312,0.7830464043850031,0.499673149636378,0.7870922194046341,0.011262440642277764,0.45518040252756087,0.8994686358116168,0.7293666953432751,,0.748247925961598,0.5417647612804605,0.7222828796538445,-0.20028509571072414,0.6028923701414363,0.039077284558696274,0.6797709943720917,0.7672745690390541,0.8775904141333788,0.800774241251453,0.45682711002436616,0.7745395600786383,0.7374890595744947,0.87033327999571,0.8658504041136016,0.49977045065554104,0.708643959867345,0.4268648974360775,0.8539777657767497,0.6372532984085442,-0.06031891479039141,-0.21836239778770014,-0.249151396575556,0.8501095527395903,0.6556665589933532,0.17450067646117828,0.8080748682017832,0.6552356373477677,0.23672531274015107,0.8036853636331032,0.9094957224501836,0.7712751208863217,0.47718212690040246,0.12055501784086338,0.770873620544005,0.9077733334081095,-0.4538078665671085,0.14441935657190239,0.618537568209264,0.6219866442028772,0.8463669110095823,0.7069375970010845,0.5662283611766541
FIGR_HELOCUSDT,0.4190766896184498,0.34038274709084226,0.6731228697345895,0.33448174902751937,0.09039732346081752,0.04187394749043571,-0.4736121784433094,0.2668733279101766,0.3448640126435771,-0.07245929449437861,0.2917738561485273,1.0,0.5863166927517999,0.33662845685885145,0.4494292676247032,0.5653620906334704,0.3319797094833531,0.0301089899396536,-0.025804074024730173,0.7906200047369042,0.6727956207970187,0.020269702236930153,-0.240022929455549,0.24728063511345075,0.34704853584174583,0.3580958023959053,0.183481612618767,0.5185999951333075,0.4129139552609763,0.17343724821027698,-0.08259226778645064,0.22022742117679003,0.04345069339593809,-0.33920030741153323,0.014438769414560793,0.23480140458484675,0.21833388746343368,0.20127799000318908,0.3239619958482641,0.5206172842378366,0.7365120785460648,0.7091943255093162,0.1866719900555685,0.31681041752334865,-0.05456655431384504,0.6631976345484003,0.21932899724341795,-0.31958720655247924,0.1685045945956074,0.7037127457733185,-0.11123543433122754,0.1819041876375804,0.044060428484909264,,-0.08536691080433277,0.5078587590437533,0.5246431257263666,0.641798286259256,0.2200829311236449,-0.4815448788549261,-0.24655064392738113,0.03490830558496358,0.09427226478288998,0.1498321153118264,0.20229211073250636,0.2358306829795115,-0.06672686304322357,-0.028432341411556664,0.30043351546555763,0.3744555007893238,-0.25495635172135556,-0.2128276346834127,0.01097914805798325,0.35258147164393167,0.144135516224964,0.22762922584632628,0.47751102086058483,0.3515389252070396,-0.06325683758356859,0.4914010879654524,0.1496884882539124,0.012125702064817242,-0.5716803575435163,0.09230182737254253,0.17076994231137463,0.02680276558155274,-0.29479623945620353,0.49364536626088024,-0.19912654972484872,0.3333138524194332,-0.3519174411791108,-0.2980246733211718,0.1666178410639969,-0.009470171968408957,0.34977814989755623,0.5244581309010927,-0.021000055718994326
WBTUSDT,0.7780180424145219,0.8356036652691299,0.3908050257842766,0.7328456954043657,0.5318865956573114,0.545747071147562,-0.5882364829080571,0.704335162553593,0.8337526679121289,0.5196472380663477,0.7289003745112027,0.5863166927517999,1.0,0.8206352491333582,0.7981256229193469,0.06024278421304726,0.8303353287809422,0.39138562269519633,0.5601264852674702,0.5818356701673008,0.5842637165836075,0.16404565297601337,-0.011614289366562735,0.6028279027252846,0.8391542654549552,0.8375039243242706,0.3767643043868561,0.43984464664031453,0.7633748350369953,0.707595977445502,0.49246869972798374,0.48966213457025765,0.650213435815508,0.4467835244889229,0.23718464506809311,-0.3309910489031971,0.16670521713838946,0.7406824334384771,0.7546483200635751,0.8945477475923875,0.49199763160613413,0.012717317084025091,0.5447075849899181,0.26764433006232385,0.4203118558612372,0.7063110246923975,0.49860563917578277,0.3818572749045282,0.653287280807231,0.4059893178810096,0.1847553722363773,0.7263459946449439,0.4990115928436845,,0.6055098998461466,0.812402578847333,0.911529785114933,0.27577112704251794,0.4864673472510977,-0.3359394343594595,0.5166218960036458,0.5329884496348931,0.6249599444265763,0.6419805683124369,0.3921351828392653,0.589989919977482,0.2980695567692822,0.5936641212280468,0.7547523865786906,0.705212152684472,0.21833050871207613,0.3989215539979074,0.4724085511571101,0.5629495169393129,-0.0524099357942582,0.22369962055024303,0.2534500475034128,0.8330715598628248,0.5566159320185319,0.4863607206242842,0.3953319660840333,0.4506814123712026,0.1967667340083835,0.5561345465568642,0.6750140252249105,0.5286226366733934,-0.10525040857432068,0.14218463813385204,0.36238140669880314,0.8162777388166619,-0.6118003828968913,0.20654159655504833,0.5495284263987503,0.37848334674898887,0.8405276034495278,0.880482260874653,0.2721158772737554
WSTETHUSDT,0.7311159918563619,0.9284022074182335,0.07002141585343584,0.8800924881051753,0.7132479646600901,0.7828988179716824,-0.18705767804766607,0.6366844558307049,0.9271528354608457,0.7867238554137836,0.85391805873278,0.33662845685885145,0.8206352491333582,1.0,0.7314841750736822,-0.12549409368318348,0.9261408197074177,0.4974887988224987,0.7722905243169231,0.283350238224523,0.3221589004886578,0.4654008238677418,0.05215884021383791,0.642161837613346,0.9258560041394767,0.9248700184769513,0.38673943864537835,0.015507873800770428,0.7306058681321487,0.8444686988037845,0.7019180774879614,0.45784001828116866,0.8639258946373034,0.6978406054099624,0.040451082089986344,-0.4055076157946832,-0.049705827558093586,0.7975120701962786,0.7912881432630773,0.7673379720487307,0.31128560877441847,-0.19398160123449038,0.7233969262338937,0.04178003445963865,0.5915623482252673,0.4715657743454469,0.7425706542085373,0.4102520146880684,0.8515609677660435,0.10555806129554166,0.42090008855379507,0.8296837141412116,0.6997331039835416,,0.6700085701753543,0.62843355337709,0.8865337788032805,-0.017860197119755564,0.6724388763876097,-0.07259662298379839,0.7562591134253581,0.7822322833465374,0.8849667849385666,0.8244645184808446,0.6279289400206647,0.7711250513163084,0.49137295152764704,0.8140638130946324,0.8093449667948,0.5545641136498751,0.5999867777618079,0.5436648585593944,0.7398251640085034,0.7328134597983483,0.14898993035452465,-0.10419027207439777,-0.0753558558568368,0.9293045236221089,0.5800260789419442,0.18210509201587866,0.6444621721340266,0.5888675053868958,0.3405609833032622,0.7446762632563275,0.9049404989042703,0.7833472339354134,0.21681793180383796,0.16840639426199347,0.5872334523944338,0.9320859178258235,-0.5533036734480398,0.17485986196830935,0.6064130780028071,0.4748678026776159,0.9249775592778725,0.7544638875015505,0.36182355828715734
WBTCUSDT,0.765282150695545,0.7366508994749866,0.18496246886280107,0.7008158371765947,0.5939726069255896,0.566694250456759,-0.5133098564524087,0.7201012843779869,0.7374351944335503,0.623787317692057,0.7262387332119818,0.4494292676247032,0.7981256229193469,0.7314841750736822,1.0,-0.1550168695568479,0.73593865245251,0.4553700478873683,0.6491892848822661,0.40382410603323154,0.26309482855707134,0.056451128878315486,0.2831889067243504,0.7001206455120529,0.7379326415384816,0.7362335143577499,0.45761741487536056,0.18539833494456004,0.754452220068504,0.730159595189709,0.46185750719572694,0.6611176046802495,0.5886082905983394,0.4059590204648838,-0.015026477429516235,-0.1970504262963865,0.023461387714969622,0.794293952590273,0.5707697595785378,0.7381838793199987,0.18276992427870495,0.1111839715017342,0.5602740495948344,0.21079712390579058,0.5718048260467504,0.549559054160327,0.5157713001680989,0.5223419883624131,0.6669579467699919,0.22950308167883343,0.35535342605324355,0.7071760009323,0.5906579313023665,,0.5631705082789231,0.5503162811704283,0.6955802744592819,0.05938063642795214,0.4507673566263423,-0.13095079372651483,0.44705000354259244,0.559202890764279,0.6131879565571324,0.6511986332842452,0.25171978042240706,0.46961578725452235,0.4752115098256409,0.658929025477986,0.7223925880643233,0.5766003171060397,0.3776677495985531,0.3187583805188118,0.5860665557787288,0.4630121948468782,-0.1805287546374637,0.026184085236942493,0.11337881734727351,0.7336690162326055,0.6930273391259882,0.4687361638229996,0.516709169063183,0.5120377185845313,0.21731148032754835,0.61883034833955,0.6446084633759559,0.5552750224908872,0.13702339979069014,-0.027491777115854533,0.45916946052119806,0.7589604226085275,-0.5187698153038516,0.13412658498207924,0.6146694515815102,0.4587329203852011,0.7387294002138894,0.7934312623499182,0.415839440814704
BCHUSDT,-0.18238807719685377,-0.11347206162554442,0.7456025209231311,-0.11507364525742247,-0.4123374451801225,-0.38585203786458594,-0.1658471374149428,-0.45359429375755966,-0.11606266713064342,-0.5659085848240942,-0.34861031770973516,0.5653620906334704,0.06024278421304726,-0.12549409368318348,-0.1550168695568479,1.0,-0.12671806885788992,-0.6064513348620412,-0.5471041650625632,0.33233444055316225,0.7376240429373312,0.17314683790018923,-0.801569724782895,-0.2993794292352906,-0.10031469209462375,-0.1015312841446079,0.1128462969049789,0.49279001462907746,-0.18382171318702548,-0.4450633037189539,-0.39260465294808944,-0.33193541764393447,-0.3828056615705506,-0.49784694549510244,0.5345160235279913,0.08871109581132137,0.5456478594531521,-0.30679294383723366,0.011078727964155011,-0.14150085222256703,0.7291829448246547,0.36460291595858685,-0.43001831256000045,-0.06402492897840446,-0.48518519118415704,0.06669063361951645,-0.32422342974153673,-0.7556981868781808,-0.21705833332424074,0.4337433716473161,-0.25342807175713156,-0.40859407701038625,-0.3403313317531139,,-0.6122718002686971,0.14849849649736163,0.17597691953230168,0.7326209533746223,-0.1141427088201518,-0.4107802477776842,-0.4324268949267151,-0.38998467680466364,-0.3432277977798489,-0.334551712447907,0.16632613070514068,-0.1689056409734906,-0.73474855018513,-0.5737581544360346,-0.31319790814211307,-0.05528536583156127,-0.6052098092924947,-0.2618106304978582,-0.523475062740348,0.04224304027209079,0.5398359735665892,0.30725571184431544,0.5724066320174105,-0.1029627816083727,-0.6313081206596404,-0.00818977181507734,-0.43387993843126504,-0.4246130725843287,-0.4156694123727558,-0.42184546444317356,-0.32643060122754325,-0.39404593912652713,-0.7159121232762979,0.3789575794034207,-0.7672625926225118,-0.2180699506514507,-0.22313751448184652,-0.23917782674578456,-0.37961977914727607,-0.6530138410497898,-0.10842919651735354,-0.0365446963679383,-0.6607020248117212
WBETHUSDT,0.7358270279393926,0.9304193535444579,0.06846511493264244,0.8667823337561392,0.7129073899058624,0.7704555839325393,-0.2023580167148586,0.651498766737853,0.9286452835976746,0.7798030438610408,0.8536728433186337,0.3319797094833531,0.8303353287809422,0.9261408197074177,0.73593865245251,-0.12671806885788992,1.0,0.583451279436383,0.7713496498299877,0.2735614174804426,0.3299349585566854,0.44377121825202315,0.051565210214666826,0.6309158054408845,0.9286605930957711,0.9261646565070807,0.39732076160390795,0.026903783923236387,0.734497059271052,0.8498118963449711,0.7018090833830063,0.45216679621831446,0.858399220413314,0.701783345624365,0.05998552401692334,-0.4363173060530678,-0.04668370180194076,0.7978254796075722,0.8069431100398529,0.7790966541088975,0.30565426609444,-0.20985010111846078,0.7260498068399655,0.025648696491672104,0.6007942514388697,0.48493967118814524,0.721334347138107,0.4203263563977617,0.8460484028823522,0.09187570054946384,0.42814039205546284,0.8415469580223885,0.7051194886739288,,0.6805916060186787,0.643745755420305,0.8892751090423541,-0.018558146711976725,0.6519222488782513,-0.07267522854251417,0.7569055617950401,0.7687817709054049,0.8803847800992836,0.8146218572172204,0.606275042687968,0.7691389794955097,0.4931693936801876,0.812159990163733,0.8189894424234213,0.5605386213330884,0.5942034226369975,0.5439934097971818,0.7405590600175692,0.7156125709366784,0.13090527003579672,-0.09034808197390233,-0.07190712478800101,0.9302901125071633,0.5867269785794841,0.17420501752294518,0.6428421878995179,0.5926645932952993,0.35500625276547515,0.7448896521999444,0.9009014030240714,0.7705887791413559,0.20934517866423663,0.14626821953937372,0.5906468538290062,0.932405001804546,-0.5774435280915046,0.19871708364335977,0.5937046837753824,0.46354908421304747,0.9268942867692862,0.7634857684121463,0.357041246482646
HYPEUSDT,0.4545983382604339,0.48027973695443615,-0.28883827120839195,0.5789864839624983,0.5249759794355952,0.6766871950223375,-0.002957527990408425,0.5450693268578767,0.48802509190646026,0.6803871323289564,0.6335248768425872,0.0301089899396536,0.39138562269519633,0.4974887988224987,0.4553700478873683,-0.6064513348620412,0.583451279436383,1.0,0.6251394281836313,0.33676213761607793,-0.23935587725712748,0.20479675944551823,0.5177551150498563,0.5758192122602768,0.4610453001844946,0.4847426495545422,-0.21714825520096478,-0.14565525734338902,0.4562323354447981,0.602861883206604,0.5319729502843891,0.43781638783682625,0.7030857486011476,0.5240268438798374,-0.519154163309062,0.161667275110335,-0.39156404062543293,0.49829261813903714,0.2394253461967502,0.5407804905039377,-0.0756666664178631,-0.06915871515715365,0.5958470474712128,0.5127700799089444,0.32408146884462435,0.29705378359226486,0.7750410736777605,0.5544418239898441,0.47059827692007467,0.2020696162861693,-0.006680480714806945,0.5343359123878829,0.3167523573705174,,0.7025092903183897,0.26744701239332563,0.3545496178610137,-0.3121479345791628,0.5788175037825685,-0.0046485876746865575,0.5658680355776631,0.6830318166576591,0.5974234051086658,0.6567946606533855,0.36240971707899766,0.5262664045035106,0.6501266716056258,0.7001041263934858,0.5130596679981578,0.3947003288395826,0.5214961948091617,0.3729304344298666,0.543077674863885,0.4880548404096766,-0.2334466565833851,-0.17671237020962485,-0.30714936817028055,0.484728028418119,0.5788984339999012,0.4116093816054377,0.4938268135112974,0.4470688117446206,0.11399172290582021,0.5338191848979186,0.6301697137430543,0.6743519889087378,0.5058578346335375,0.21475207261324977,0.7185524241841177,0.5691277380906469,0.21537109077762218,0.0036162557799914318,0.6799560153378216,0.8641833457636331,0.48343481255461007,0.37589181897491125,0.6950933934105396
LINKUSDT,0.66742686581162,0.7659176222235078,-0.326409841046342,0.7571724371306449,0.78337962019543,0.7988867940427737,-0.054438662170279095,0.6908994569071171,0.7664297882934941,0.9247678988060513,0.8284903756808963,-0.025804074024730173,0.5601264852674702,0.7722905243169231,0.6491892848822661,-0.5471041650625632,0.7713496498299877,0.6251394281836313,1.0,-0.065761290878156,-0.17547053247269248,0.27051750712383066,0.4831394824094541,0.6960840566378029,0.759160349450454,0.7557960156266198,0.3857759140411672,-0.32562786714454967,0.6697000213118567,0.8786584397763529,0.711988704624071,0.6030459543348524,0.8148091046872469,0.7513225304800049,-0.25870912715157457,-0.3406768662986688,-0.2945997976090316,0.8220274360688099,0.5629162408668658,0.5776180075532715,-0.1966750261288447,-0.26418930763243154,0.753777678578706,-0.03466393853298525,0.7830158662332306,0.249880271333459,0.7176706402389121,0.6990266784947892,0.8137400961148794,-0.21643201674136983,0.5908014376776615,0.8308488487064559,0.7878623172820207,,0.7375890521203972,0.30704389557897216,0.5550553767767146,-0.40848913865967545,0.566763050730615,0.22943108064031448,0.7552681737770442,0.8026297549742337,0.8596598327959879,0.8096965437758957,0.37863223260018497,0.6215692476371109,0.7603941322403891,0.9233520325660506,0.7677559493164237,0.39398676974638247,0.8224366707205142,0.5128623783505402,0.8798887235515759,0.5271259912281278,-0.12451349801057093,-0.31927088248667496,-0.34505625085735186,0.7617292754945865,0.7947956184260169,0.10558031287975328,0.762759612894543,0.6848595144226552,0.4896082067569424,0.8149790058324837,0.8532503966786885,0.8063430493798337,0.5653812636158929,-0.13692935357223077,0.8064185344291798,0.824082436485018,-0.3761231147210481,0.2119217029947781,0.6623953674826818,0.6335549738958648,0.758585930200521,0.5933660220103832,0.5902554075408014
USDSUSDT,0.35790745416764347,0.28342354602979025,0.6642876843881566,0.37307845568415937,0.005352403302498887,0.15678968292535925,-0.5337833240793308,0.22841436135191934,0.29071694304804413,-0.03838473501529188,0.23182324410775917,0.7906200047369042,0.5818356701673008,0.283350238224523,0.40382410603323154,0.33233444055316225,0.2735614174804426,0.33676213761607793,-0.065761290878156,1.0,0.6086880740098495,0.07349724752784047,-0.1690314528827966,0.3419787446364764,0.27818053018282324,0.3066325619856327,-0.19507795683512325,0.6881627547678035,0.3454714098769201,0.08831493194308339,-0.0068079633910157695,0.23641162676121702,0.18631797842178402,-0.17066036451352506,0.031670603090211656,0.4397803902656544,0.2599158456946473,0.1907307382601082,0.15487905769681054,0.5496383957411205,0.729089607407042,0.5206556060981656,0.061906690977716256,0.7973327914314301,-0.28548894129881647,0.5899770117109217,0.33410609246780837,-0.1064659017654414,0.0948514710337354,0.9497473975123996,-0.5113496193710962,0.062364841639957036,-0.19904490383857337,,0.12125770759738337,0.5453569069914128,0.5140348485350739,0.6026396821834936,0.36166841855441806,-0.628735925676552,-0.05026283795182829,0.14958171601009088,0.0544626651812331,0.23016108101211843,0.303609428626198,0.2089015161233223,-0.1382976489240986,0.01340535546115201,0.18243443724213657,0.5143228826918476,-0.3638859322796197,0.0013393982711341211,-0.16837845680132324,0.39977192541866274,0.01878287493464832,0.393042462085107,0.4942623177096722,0.2961701256315341,0.0349415129226269,0.7928053238339804,-0.11308205813688248,-0.048183858771497536,-0.44816412639513825,-0.004170868545891874,0.13495504604155642,0.12887686511251073,-0.38216483301051873,0.5809866884636714,-0.13769143056947528,0.27323838928549654,0.0732645759908348,-0.24591670511683647,0.3747614019434203,0.30550136694939706,0.30077811880969,0.46642945072794,0.1133689083779673
