,BTCUSDT,ETHUSDT,USDTUSDT,XRPUSDT,BNBUSDT,SOLUSDT,USDCUSDT,TRXUSDT,STETHUSDT,DOGEUSDT,ADAUSDT,FIGR_HELOCUSDT,WBTUSDT,WSTETHUSDT,WBTCUSDT,BCHUSDT,WBETHUSDT,USDSUSDT,LINKUSDT,BSC-USDUSDT,LEOUSDT,HYPEUSDT,ZECUSDT,XLMUSDT,WETHUSDT,WEETHUSDT,USDEUSDT,XMRUSDT,CBBTCUSDT,LTCUSDT,HBARUSDT,AVAXUSDT,SUIUSDT,SHIBUSDT,DAIUSDT,WLFIUSDT,SUSDEUSDT,CROUSDT,UNIUSDT,USDT0USDT,SUSDSUSDT,TONUSDT,DOTUSDT,PYUSDUSDT,MNTUSDT,CCUSDT,MUSDT,TAOUSDT,AAVEUSDT,USD1USDT,BGBUSDT,NEARUSDT,ASTERUSDT,BUIDLUSDT,OKBUSDT,ICPUSDT,USDFUSDT,ETCUSDT,XAUTUSDT,ENAUSDT,PIUSDT,JITOSOLUSDT,PEPEUSDT,JLPUSDT,RAINUSDT,APTUSDT,PUMPUSDT,HTXUSDT,ONDOUSDT,KCSUSDT,WLDUSDT,POLUSDT,PAXGUSDT,USDTBUSDT,KASUSDT,SYRUPUSDCUSDT,BFUSDUSDT,HASHUSDT,ALGOUSDT,TRUMPUSDT,RETHUSDT,RLUSDUSDT,ARBUSDT,ATOMUSDT,USDGUSDT,GTUSDT,BNSOLUSDT,WBNBUSDT,USYCUSDT,VETUSDT,QNTUSDT,FILUSDT,FLRUSDT,RSETHUSDT,FBTCUSDT,XDCUSDT,KHYPEUSDT
BTCUSDT,1.0,0.8811955360547801,0.23083267245778208,0.8090169773742918,0.8016028601021837,0.7390650223277369,-0.3036515424300153,0.8322002779535,0.8816342755726552,0.7739140895177051,0.8730767139083568,0.47625823021536157,0.9033715942655283,0.8749618509644664,0.9934752572399641,-0.11400320373912329,0.8860195600201368,0.3160523585546646,0.8431006635639224,0.303609941929272,0.1923090311316033,0.5168213391731151,0.23998432654512786,0.8178976710360215,0.8855495605663521,0.8800233593757621,0.18479101873841972,0.5743767175042408,0.9954537078829776,0.8768318346669675,0.7681843117090197,0.7534556599737015,0.7439239639902496,0.7226612374920557,-0.19434931671960118,0.09556986005885232,0.07340884859043546,0.9309793528876462,0.8329758476024849,0.13802833249776555,-0.0016940581052343185,0.709151338337871,0.6653914248225127,0.2185746945789053,0.7012305561161565,0.5943330937845052,0.4622570559133952,0.7581472454250167,0.8402431907380101,0.22229078364083615,0.5180345003549415,0.733848564859586,0.6604613391951669,,0.791253003841555,0.7505582132013727,0.11041096973905995,0.7814557400221204,0.47785875238929065,0.7235020149356002,-0.2482712024945235,0.7222575388788467,0.7486825722385193,0.8219918431177604,0.27634355857699905,0.5503887683804555,0.5144130186153364,0.8611399310898116,0.8302359770200453,0.8630731256220908,0.5207206818978894,0.7149964494849292,0.4291794116740122,0.019156266799068466,0.6322955214052955,-0.1643524687011004,0.2029475155860096,0.41756350636635303,0.8658811879457059,0.6230879992854447,0.8720851722026287,0.4397556947221272,0.7718089333331463,0.2107782919078491,-0.20719076193599054,0.8422855945962597,0.7248520116858783,0.8069311767655504,-0.6566806094188954,0.8883605859570798,0.7450332675567471,0.6005441891005132,0.793420856358711,0.8869851972281639,0.9635503733452667,0.31632664734942556,0.5315297849495475
ETHUSDT,0.8811955360547801,1.0,0.24401680130883813,0.9165360232515866,0.8599201801234161,0.8633238665180979,0.015127208754499698,0.7032268414014617,0.9820902754593215,0.8271015701841403,0.9127691812224648,0.4311023941917606,0.876402074372024,0.9810935555737212,0.8750534180106302,0.07401102247738077,0.9831452545569469,0.25369241679926313,0.8366687416780935,0.425931912628678,0.5448627742592552,0.47799883145560246,-0.07639652553237156,0.7149650344439413,0.9828551775486851,0.9823877045180114,0.06389503116312449,0.5171829651989197,0.8935950714133147,0.8886808243055281,0.5166447717261847,0.9051867609030372,0.896665115826953,0.8849164715789558,-0.2143609064055034,0.13574970223860144,0.03694000583245731,0.845813652163261,0.8237845441554683,0.3346332652739129,-0.2806197792651975,0.8560878965813893,0.7549135690707425,0.1087759535955868,0.5767068797503672,0.7672686851742865,0.3570149279819522,0.47502189004741147,0.9158769200121742,0.22748292942996476,0.5335315495299896,0.6985958439993335,0.6962799718422824,,0.8048534600157402,0.7220092060586362,0.1861660758237469,0.9157720353639278,0.6190158517591955,0.8953068645929941,-0.3101721835108921,0.8523517980655694,0.8980558318753707,0.9058224682449938,0.6003247994763012,0.47576687482613844,0.724565322244329,0.882735884581641,0.8566452859344216,0.7960514781942294,0.630763721872083,0.7745054536249177,0.6141891102389125,-0.10854286538943315,0.7639840171498641,0.23624990268082538,0.1355838344695085,0.24667554352214033,0.6467889071156876,0.712180862487538,0.9797778959509903,0.15385389457640364,0.9242227453953418,0.24018270973991282,0.06880951138239692,0.8408513445359026,0.8588490777860884,0.8643463574648365,-0.5862852519430355,0.9722031034541385,0.7090188692170493,0.6415096560069954,0.7103184134822633,0.9854402764660017,0.8437682916353881,0.589245038526271,0.4597044113044864
USDTUSDT,0.23083267245778208,0.24401680130883813,1.0,0.3108602139713399,0.019962885016026024,0.044688699605669964,-0.21650173911126644,0.036019504835644645,0.2421239724312137,-0.04625239193495446,-0.0634409267169277,0.5834577849402283,0.48322593296013217,0.23445729860412665,0.27547994826054983,0.8250368204574068,0.2207793325756722,0.48770676471267027,-0.18184001422317142,0.8412547337652201,0.32911222599717355,-0.2789472315934159,-0.6597845176651931,0.308338880055877,0.24795094312630658,0.25713264696994964,0.7870451920278716,0.44208454752419557,0.2227992378256731,-0.08362003232138943,0.21032007329592137,-0.08902239321166566,-0.024173547980771197,-0.050961654956140565,0.3718341162917006,0.8470536314895506,0.8364513292025496,0.2754530417052639,0.2531771347857547,0.6396365217192107,0.587496327322536,0.1699285094131261,-0.31986490041472804,0.43753690308565,-0.3796850893759772,-0.060668991404906364,-0.00904279489290269,-0.15842227323237928,0.08256438853653451,0.7581219894969715,-0.04867038119499622,-0.36124260276375647,0.36743609044310555,,-0.08502747648791245,-0.1913520298187904,0.9658076926252491,0.5219255167340853,-0.04811959821676131,-0.04517571415150454,-0.842749932146629,0.03189938677309162,-0.13785425717974728,0.1134799946465128,0.15657784074889278,-0.5915212901879539,-0.24341646068820566,0.0707974606218027,-0.15521448432979384,0.5335250630865933,-0.43999717412430145,-0.24818946264185604,-0.06304495293840326,0.6183603745483011,0.13530511836631234,0.3671591924090502,0.9603737380543826,-0.299201277466657,0.03394784010697478,-0.2459437946850963,0.2503618255522191,0.42360193627669207,-0.07067238443571118,-0.7417972069907444,0.030627320213696217,-0.10132531653626274,0.011654511114133823,0.013682612645548738,-0.22888658702398798,0.1421872487744798,0.15768038383326022,-0.28314680981446155,0.1726853328170643,0.26022947281930386,0.34338983178682436,0.5464070606525325,-0.297252209479161
XRPUSDT,0.8090169773742918,0.9165360232515866,0.3108602139713399,1.0,0.8308975979753319,0.9501195391119722,0.06633251996926302,0.560845267306739,0.9196916410329058,0.8788617517169637,0.8272940018969338,0.28555849855919546,0.7693315720706595,0.9264774841290544,0.8091890203789892,0.073295783464705,0.9135967044198392,0.28055370213201053,0.8241349420575564,0.3571341729618941,0.6751088947773783,0.5565039987526336,-0.06005617031929991,0.8571699099427008,0.9099684313015983,0.9211622011983986,0.025247895761467316,0.5039348609258765,0.8246770796593016,0.7844938004149346,0.6367545786692254,0.8791106353976567,0.8942570280135487,0.8830833622825253,0.07898261275846775,0.09347097917793212,0.14111128197622602,0.8851319027024811,0.6590628333616354,0.3049789945574425,-0.1438157549498887,0.6382773448624927,0.5966408695126186,0.3024273963872709,0.4671914217521459,0.8491644986839862,0.11744873999025314,0.5070169487120928,0.9351268803647846,0.34397757643992344,0.4789894590629908,0.4963716335167091,0.4839565960221531,,0.7269335483695233,0.6128872682823661,0.21317875741632483,0.8566703032947192,0.7402225208867852,0.9060679707363087,-0.3291704205768595,0.9445198730522635,0.8569218726031055,0.9697737273831681,0.7060450485872102,0.372334961420467,0.58832555141125,0.7420067926702018,0.8472820997957967,0.7570978777666896,0.6246860857687568,0.6983730400090447,0.6486479194114603,-0.15978871581828732,0.8339503512578632,0.3438984160257404,0.19692981939972107,-0.07702684864104481,0.671824131115824,0.6129677384879512,0.9206528369187685,0.281938986078062,0.8691992544491514,0.21802380161459897,0.10351381661347445,0.778744108140418,0.9419986150817081,0.8293252583155938,-0.3672701340343354,0.9061751527899913,0.758393088288633,0.580334195599485,0.8626324022822424,0.9219355876676878,0.7335145179226851,0.6997377391519815,0.5380720520750275
BNBUSDT,0.8016028601021837,0.8599201801234161,0.019962885016026024,0.8308975979753319,1.0,0.8793299298572859,0.2693664539845998,0.7923592812405819,0.8610484874041616,0.9595789027505063,0.8953555070319591,0.005471319346259397,0.666535532249931,0.8699562250730992,0.776964304861731,-0.10268299654062685,0.8602355084934543,-0.05586982876183905,0.9215112887260898,0.10635254631923613,0.510265227263596,0.5303563741626591,0.17878111584007778,0.7545715651533389,0.8543607820629003,0.8555161471080113,-0.25547445695659887,0.6093587029969438,0.8225732084084258,0.9357838346065604,0.6079781108447441,0.9045955892734594,0.8356283271458772,0.9216282397693226,-0.02009711928576128,-0.18129396483520488,-0.19107024027360878,0.8571252871021398,0.7115399338079224,-0.025363934144342553,-0.22018307070941587,0.7084542738745381,0.8215512555694907,0.03850061746203482,0.6880222724249676,0.7691788460276835,0.11386384115682657,0.6542119398190166,0.8498926653843037,0.03393204220275647,0.7552590433988444,0.6104432149350998,0.3935130278994393,,0.9097739740260671,0.7426584874955683,-0.019675047206351437,0.6993535885855577,0.40611383843130167,0.8389383266882305,-0.1771305643877276,0.8723252116576262,0.8571163524874479,0.8911095232353223,0.3506142129167754,0.7064225877203364,0.5561161527517469,0.9104222985859727,0.9338239699069889,0.6307986401203223,0.8362767550309728,0.9367110208647361,0.31372982393003146,-0.37260035537628794,0.6386956338758515,0.07451368809869537,0.01026044856507104,0.14404438157827879,0.7952080594157697,0.912845552700743,0.8562343170094787,-0.0017998975021329526,0.8925512195920043,0.5968007250132433,-0.22931500762219423,0.9770348147687316,0.8814309586224491,0.993780969212875,-0.43633533141181813,0.9042961603439587,0.8547966373672465,0.8749442551035478,0.71982507889295,0.8607097366630819,0.6526895300141707,0.5292380254617421,0.5359651528706365
SOLUSDT,0.7390650223277369,0.8633238665180979,0.044688699605669964,0.9501195391119722,0.8793299298572859,1.0,0.204923136670771,0.5816952465082711,0.8679972151818466,0.9482708924296401,0.8678270474174276,0.06213504548262954,0.6350886217897477,0.8800267572142918,0.7275113899431515,-0.14990962832700538,0.8645328113456865,0.15571574671049818,0.8974638194601786,0.11674161473141616,0.6597077596191494,0.7007619968826911,0.11567574861945344,0.8099321065617892,0.8516930896277355,0.8658229984747335,-0.2109523142907359,0.36756169938188793,0.7602450720618983,0.8315943551682645,0.5844359848497208,0.9492884552657938,0.9497982262579303,0.9542019861297362,0.09020666978147172,-0.19923076388756447,-0.12122667767603103,0.8226269804880821,0.6200084919214627,0.12800726850092803,-0.2938012393139988,0.5874228783649048,0.7174804279904687,0.2650651516052992,0.52683902709867,0.9395525823745629,0.07334301615239297,0.5703653348166344,0.9125848720002591,0.19456921236810812,0.4889705938361801,0.5552299183908675,0.3720884288970855,,0.7468862582174265,0.7091216999370086,-0.029504845100415854,0.7316495448221998,0.7591348536912903,0.9616796945082494,-0.16794322685893873,0.9962087963279855,0.9147382041466025,0.985794285949108,0.6858327674697193,0.5661177437020497,0.6603989805079156,0.7524521058168269,0.928661271095907,0.6410785941972685,0.7828998969689541,0.7997595377024979,0.6447385921219896,-0.35446590061817596,0.8247197693669879,0.26103610469013255,-0.05077998560422159,-0.0786943580653828,0.6874249691609043,0.7279374966879989,0.8675054978334096,0.17110933016608443,0.9221476669071241,0.4802208710284455,0.11390021277481303,0.8431880813334094,0.9978504597405244,0.8761197848182769,-0.21119173230300906,0.8907193590507315,0.7300006487790206,0.7386341446946488,0.865480972201206,0.8658091684965723,0.6098174980299786,0.5843037834372776,0.6869744849680307
USDCUSDT,-0.3036515424300153,0.015127208754499698,-0.21650173911126644,0.06633251996926302,0.2693664539845998,0.204923136670771,1.0,-0.08256313327566266,0.015786774147281628,0.24470544198195562,0.03908235554959541,-0.5975380210690583,-0.2899701997344759,0.03771032223489522,-0.3285587046220834,0.13756318582037882,0.0057666065813345565,-0.4551001898442994,0.06840442256727562,-0.1515568507206314,0.5699639558222868,0.006900234953756552,-0.25238095159679713,-0.13440206071309144,-0.00011793348301732625,0.012794235902778416,-0.5571551538327231,0.003183050612907591,-0.2694500414532087,0.07393233187609337,-0.33580468241854067,0.24918473363835453,0.17985855625333463,0.318779960390863,0.26026662425661523,-0.3197417406513921,-0.3432396717487527,-0.1469688726935466,-0.11697802248766764,-0.08179323144962476,-0.3689382144726735,0.0767851234409277,0.23787263616399504,-0.21974138764801104,-0.12836716347048333,0.29783683939862504,-0.4683100577263555,-0.2715009153561785,0.008524561826810254,-0.1703546074361916,0.2718007558352609,-0.20222384933185103,-0.28302030137091977,,0.12209519822062566,-0.004989457344517998,-0.07142451841105182,-0.024284039481522978,-0.06489672104918716,0.20957026326458733,-0.01967185609255694,0.2358587440494029,0.17844767437377584,0.11435412831675683,0.2187641728312219,0.15010222344670102,0.1360371014075797,0.08558048518977011,0.12567620211572764,-0.28509886216378955,0.41212202045528773,0.28928073567081886,-0.10310082914222303,-0.5002436567339893,0.048816988334906726,0.47112271648156134,-0.22265619656191266,-0.4361742765850727,-0.19560674348617962,0.402225226473491,0.025357008457473396,-0.6644366407488075,0.20949675248477687,0.47972897104172396,0.11027139489742896,0.16061282692834894,0.2444083571191636,0.2602227062897835,0.3414088447841396,0.05515353400782361,0.09343177121465926,0.3820102656884262,-0.1361854203039371,0.009195336926543647,-0.44755217810479364,0.38536059952197327,-0.019769176153802765
TRXUSDT,0.8322002779535,0.7032268414014617,0.036019504835644645,0.560845267306739,0.7923592812405819,0.5816952465082711,-0.08256313327566266,1.0,0.703079403567905,0.6968545696125261,0.7954938919281455,0.24264941341873061,0.7360493539141352,0.6986006126451711,0.8188003678425484,-0.2060502521813545,0.7071730474422053,0.15306347299223758,0.7455951858330783,0.1320345015195556,0.061298129237498424,0.5059971478481016,0.343053760259529,0.6072311790843249,0.703958534940627,0.6990834578573275,0.06075454103684307,0.4578845651840046,0.833906390075192,0.8485732146944406,0.5816381255880823,0.6651971655572014,0.620773473972399,0.6505878836439855,-0.13020760539814,-0.14668498933421775,-0.20010462013519895,0.7298449315784586,0.843301071799528,-0.048133896240053375,-0.021874712505303876,0.6653172633365481,0.7484228007201625,0.16463159671162844,0.6280492750977243,0.49074270926946645,0.4532649723716096,0.7406079991307147,0.5807628930191427,0.11280024334189666,0.5096719931408817,0.669174115294196,0.5899508180470658,,0.7094273901174497,0.8083836007973176,0.005240431668185538,0.5861763924298998,0.14804256264348264,0.5744823854170572,-0.2575696114229713,0.564673876407484,0.6071169659710974,0.6419979390964625,-0.023389478906513366,0.7059177793792132,0.43521287857367663,0.8756423955666832,0.7549249234412322,0.7339636249225099,0.5292494157725304,0.739826492036262,0.09740855152740581,-0.0411291266529802,0.3955258759078421,-0.37543138304917,0.09477993705625454,0.4865916126756752,0.8094669235701408,0.7282410308983764,0.691120558695651,0.25231943151610164,0.6710488507729923,0.43249405713857014,-0.32798092044086913,0.8389932333350064,0.5725330896962773,0.7938115803277751,-0.48668737711592397,0.755433317132274,0.6084563189974317,0.7737295012984797,0.5943446123159398,0.7086708831434747,0.7583052094765668,0.09603753886953463,0.5343364650244175
STETHUSDT,0.8816342755726552,0.9820902754593215,0.2421239724312137,0.9196916410329058,0.8610484874041616,0.8679972151818466,0.015786774147281628,0.703079403567905,1.0,0.830629918842739,0.9140448243801367,0.42757166099018307,0.875343715344161,0.9812635997984599,0.8756193267655664,0.06865178977689372,0.9830163255033957,0.2568208848620809,0.8393412073228009,0.42169916446200506,0.5467506578997289,0.4860000394500256,-0.07162250939849392,0.7197644168902582,0.9824377932225086,0.9823737953428286,0.06231809616129996,0.5131373128012635,0.8940838484828024,0.889124132616558,0.5205680498126821,0.9076096318585972,0.9001336351994693,0.8875303762958591,-0.20735864688559202,0.12965309880314652,0.03505058719100758,0.8477104494573673,0.8232316862183127,0.33269358248569714,-0.27937904306671446,0.8518086097988755,0.7549705446036735,0.11683502642329661,0.5755165592100756,0.7728388612141279,0.3546594083384676,0.4795582087719041,0.9173521346800437,0.23084859759067783,0.5301251383980761,0.6975083733959371,0.6935373126707984,,0.8033620936213544,0.7247655753786045,0.18336960235657607,0.9148370415319362,0.6247402759436019,0.8986053117739979,-0.31007098519350595,0.8571314606107433,0.8996720386184638,0.9097988526993462,0.6035259425819973,0.47798606206295713,0.7248773253017928,0.8817452254911569,0.8598024181756272,0.7975623486513498,0.6327815034346096,0.7748554964539289,0.6173828375278383,-0.11043125556562514,0.7676173660096071,0.2349237666188254,0.1336487113649127,0.24111716176941134,0.6500518751566288,0.7118020427326848,0.9797627076490973,0.15967922150429167,0.9256830100718905,0.24331754375881512,0.07149708021971474,0.8418252972208974,0.8634311994730686,0.8652905728314193,-0.5787382580183646,0.9727395203456172,0.7093570049559587,0.6440247718196729,0.7172091606536789,0.9853786564550147,0.8428751889113218,0.5882689875759262,0.4678286632999492
DOGEUSDT,0.7739140895177051,0.8271015701841403,-0.04625239193495446,0.8788617517169637,0.9595789027505063,0.9482708924296401,0.24470544198195562,0.6968545696125261,0.830629918842739,1.0,0.8791987464995039,-0.07118150920871631,0.5919192331951336,0.843258389893198,0.7504841292889213,-0.2224186863319433,0.8295373108990054,-0.03080563421902763,0.9554782328677826,-0.008700416372726111,0.5366576460745964,0.6416718618574673,0.2723063309314952,0.8277527560337073,0.8178510478813901,0.8245320128028463,-0.3283832072286679,0.52384482533724,0.7954410379919562,0.8949183747504521,0.6783275792615914,0.9196751806957414,0.871106245262799,0.9352115476789563,0.06226886318922113,-0.2778448418043581,-0.19983295804515458,0.8739211775397876,0.6054529406648878,-0.07687888844844162,-0.22640801917969017,0.5763684342315181,0.7653567828353389,0.127366930704857,0.6860333056887384,0.8473642440858762,0.029514632880227244,0.7049456283915281,0.8948057881856902,0.035185654539564834,0.6878851643516356,0.5842392769526488,0.27430095977510743,,0.8722536352494211,0.71996637056238,-0.12323655078936059,0.6390404590261809,0.567616772784218,0.8850400973581978,-0.07438460787645997,0.9454030422380353,0.8819529470653577,0.9452348919080166,0.4540047429955051,0.70223001367559,0.5513046790444707,0.8183695298340222,0.9637117026669915,0.5838564668613165,0.8702526475272396,0.9068828231489015,0.43468634428239156,-0.445226677254006,0.7135170571935404,0.0974422701302884,-0.07531993092482749,0.020629690267022917,0.8143180218108675,0.8496198252474613,0.8264882281054053,0.0879791023182888,0.8925901008437409,0.6260748714894161,-0.15933331017224475,0.9460313877952332,0.9509979696179627,0.9577332733351236,-0.3100747008695921,0.8762725063372416,0.8559029593980814,0.8372420390822325,0.8297328368986325,0.8274937623571831,0.6058944702508963,0.5214925840567698,0.6469303306540916
ADAUSDT,0.8730767139083568,0.9127691812224648,-0.0634409267169277,0.8272940018969338,0.8953555070319591,0.8678270474174276,0.03908235554959541,0.7954938919281455,0.9140448243801367,0.8791987464995039,1.0,0.2498168784570445,0.7722015326268551,0.9149789538210498,0.85473200663604,-0.24802670699334473,0.9208785072511744,0.15584874759810807,0.931827467599943,0.13622615006420405,0.37898180758831357,0.6515816961509869,0.23048985013187218,0.6860281358023322,0.9106167971819693,0.9095759494387248,-0.13567351221974577,0.3807407773438993,0.8854535918910632,0.960505675927712,0.5374347806122319,0.9431013267443088,0.9185586248167535,0.9123817607292303,-0.26016339065587657,-0.18747778436249057,-0.2502522280359435,0.8110928172279653,0.8201539764944261,0.08827792522903637,-0.3787934042615835,0.7918267025978101,0.886153583181631,0.08258913708711867,0.7135997911859815,0.8029208026317055,0.40542756080368964,0.646237943497237,0.8781257119394293,0.047981484130533124,0.5360834183082532,0.8295362990628721,0.6128543907499682,,0.8372428042183904,0.8659688215223768,-0.11684730367352016,0.7536880505601089,0.6003354971714944,0.9086209822553735,-0.10091509066503117,0.858456599913324,0.9301293299058484,0.8959534559407745,0.4672736088576756,0.7323223287799735,0.771074182521534,0.9124963637193493,0.947680396011726,0.7122949503816091,0.7661795586949903,0.8766039253469939,0.5719018378469046,-0.26106596819309447,0.7135908211044583,-0.013911715212226826,-0.12934136221791237,0.37063142442967145,0.7421950242214148,0.8159686185642262,0.9069222092185164,0.13223437891193898,0.949132757719741,0.5106616168755376,-0.0047958861582044965,0.9236668964533995,0.8694570945180412,0.8997313342829018,-0.48623368938206857,0.948489140173072,0.6807867517501605,0.8033712442949673,0.7330573829734265,0.9133110873917957,0.7891389004092805,0.34437547785644285,0.6492441510127792
FIGR_HELOCUSDT,0.47625823021536157,0.4311023941917606,0.5834577849402283,0.28555849855919546,0.005471319346259397,0.06213504548262954,-0.5975380210690583,0.24264941341873061,0.42757166099018307,-0.07118150920871631,0.2498168784570445,1.0,0.6788974214560596,0.40379742443458705,0.5120788824257723,0.3636774303734309,0.4296241947942044,0.6758390614926496,0.02459022050149876,0.7378863131245014,-0.024739938069966882,-0.017604265414972328,-0.3669091649537557,0.15456552177353977,0.4454520540276551,0.4384906996141063,0.7853658123392321,0.10160861004660206,0.45511120097089885,0.17676137079176482,0.09911265341935563,0.11567756216238263,0.2059006539459394,0.051442233620751204,-0.3354157688494018,0.6585909096111959,0.46865662018080745,0.25505221746336504,0.5590472684597533,0.65959715655234,0.09778947686548105,0.495019778603497,0.0610781519625761,0.2512626146530783,-0.029650182744445527,0.02533274448962391,0.6483023197874909,-0.02930045948050658,0.2281370420261992,0.4978671017881809,-0.22016623749109135,0.3165939860961624,0.8143062611603822,,0.020733548094507,0.21207662443395292,0.540621015941467,0.6077114330771635,0.24449053151194905,0.16418817491431,-0.48879488386786746,0.04351834432103438,0.14979921077830446,0.16664799277184095,0.2511725569596698,-0.2402797508110664,0.3012535995229068,0.2719726294433662,0.03829690334294423,0.6461222393052283,-0.33228433242886285,-0.10596713153592467,0.3806766501136597,0.6401112998013037,0.25086375897068564,0.04169052836610576,0.4712730832658475,0.40751615201375585,0.06485295522701438,-0.16274172493423802,0.42639939966587376,0.4752392431626591,0.18063110633739035,-0.6222414808932181,0.2785848007996858,0.01678963839056645,0.03816281964598495,0.013650613846555738,-0.517085806494423,0.34375098066319576,-0.04568690787716975,-0.19622389803922574,0.15656922319947408,0.44096133548451566,0.6747841613199814,0.1010726346079677,-0.039761910629309595
WBTUSDT,0.9033715942655283,0.876402074372024,0.48322593296013217,0.7693315720706595,0.666535532249931,0.6350886217897477,-0.2899701997344759,0.7360493539141352,0.875343715344161,0.5919192331951336,0.7722015326268551,0.6788974214560596,1.0,0.8639093197103662,0.9170796186288928,0.1891261447781246,0.8743266258114458,0.514369762031761,0.6266983241875993,0.6156283512140769,0.29919461125528224,0.3820288570683088,-0.11639271118468925,0.6628670375200211,0.8817133869922967,0.880448836809672,0.46363096391047826,0.47628414610758757,0.8999421306832194,0.7462365212678398,0.5314421750453726,0.6702000408971127,0.7003142267732994,0.6381098437239496,-0.17391810706133343,0.35421235203453405,0.24294972491159594,0.7811994320283053,0.907670347707169,0.46058449400208873,0.01212494367915895,0.7972951955103684,0.5672548950503291,0.31342998019617596,0.40436182450610114,0.5334655019010741,0.5525443889616948,0.46850188532406467,0.7119430640220676,0.4612520494111101,0.30550631982892795,0.6038361025422825,0.8635673041232693,,0.5909899060002961,0.6689195885559496,0.4188349361099738,0.9099362898473272,0.43458889263527206,0.662800827124212,-0.5383641861817977,0.6155822409109177,0.6479800220914252,0.7230081403998048,0.38010156182018384,0.29081342158154583,0.5432910924638861,0.8049689467420029,0.6493055417691972,0.9455610135515656,0.27744908733950174,0.5231449446408312,0.4493661052189184,0.2692302266925127,0.6058602327873425,0.02221877530057565,0.4107488955954464,0.36642175202836746,0.6245277875538363,0.46553733836439587,0.8706682023384054,0.4419494245212292,0.7030249744323803,-0.07582724586993934,0.028730674224228578,0.6617537821883681,0.6149666487561384,0.6702221127499859,-0.6240624701028847,0.8458591637389788,0.536475926872315,0.44874275640505906,0.6465380641739249,0.8864891633273112,0.9465593653344099,0.4001955526106652,0.37461933163742916
WSTETHUSDT,0.8749618509644664,0.9810935555737212,0.23445729860412665,0.9264774841290544,0.8699562250730992,0.8800267572142918,0.03771032223489522,0.6986006126451711,0.9812635997984599,0.843258389893198,0.9149789538210498,0.40379742443458705,0.8639093197103662,1.0,0.8682730380001143,0.0647493570036113,0.9818107875994629,0.2440870105041544,0.8461625711735395,0.40904974070097994,0.5631658081751738,0.49354565071526124,-0.06879204844659698,0.7266112266422591,0.980767414832578,0.9814049363668506,0.04238170826563558,0.5146412092373259,0.8883705775936617,0.8906215548646741,0.523337721626404,0.9153693700288588,0.9065555401745224,0.8977799581652104,-0.1901423414776089,0.11472336353815901,0.027427730914793,0.8500730717537995,0.8137585236797703,0.3230878081481339,-0.28302917569378344,0.8439022002506176,0.7573268151275163,0.11846508704513832,0.5749919488470736,0.7855468321361692,0.33322521222301416,0.481722980059968,0.9220674164123637,0.22711939789010183,0.538668748971856,0.688632535382577,0.6754112078548721,,0.8079453570341946,0.7234667990986814,0.17618898117418724,0.9102674225839527,0.63013898028625,0.9064877425832281,-0.30566680208008196,0.8697331482178189,0.9054533279328173,0.9183621400101546,0.6114068706846407,0.4837188478282872,0.7231276508329132,0.8803999592317154,0.8674151335322612,0.7890432989129639,0.6478578435579841,0.7833932532103712,0.6170217885947957,-0.12932863713109843,0.7733412365829171,0.24578432215813292,0.12647180741807285,0.21971214813941856,0.6526750489784472,0.7211761159348733,0.9791872968717994,0.15035902003310744,0.9310230003437621,0.26005805024774387,0.07089072055764362,0.8479285687235775,0.8759486151340453,0.8737763795734,-0.5629090655125659,0.9735146790222041,0.718389433311409,0.6546359883008117,0.7245976807739802,0.9842645706032315,0.8297025267095066,0.5998847313139196,0.4752254853053462
WBTCUSDT,0.9934752572399641,0.8750534180106302,0.27547994826054983,0.8091890203789892,0.776964304861731,0.7275113899431515,-0.3285587046220834,0.8188003678425484,0.8756193267655664,0.7504841292889213,0.85473200663604,0.5120788824257723,0.9170796186288928,0.8682730380001143,1.0,-0.08493700178658221,0.8789699416525675,0.36146714407644553,0.8155073091460481,0.33988082238083345,0.19381753021776962,0.512495571704049,0.21205977720390026,0.8196069559712112,0.879293056133784,0.8750401908703774,0.23779372545273927,0.5612948585305741,0.9908187516511476,0.8528254925815225,0.7656195910773416,0.7335969640067546,0.733487583616887,0.7026092860845558,-0.16995977892783282,0.13033015773535406,0.11243589554868696,0.9239856468053991,0.8380643492978864,0.17498909191160458,0.02992483896088668,0.6987590933712152,0.6346392038867471,0.2619405001515598,0.6601115250234748,0.5851770343836536,0.471600271461667,0.7422274911240491,0.8243859326247813,0.2717868817533684,0.47748094587190576,0.7081194934335809,0.6794971441004629,,0.7562043609272893,0.7376096228072879,0.1538395290849149,0.793465114125043,0.48153654253499567,0.7099017866129741,-0.2900956316167046,0.7101828954102402,0.7259200993277366,0.8130960834558023,0.2845652425559899,0.5097775512815833,0.4998059990742082,0.8436306264116817,0.805876581278854,0.8854913283310539,0.4763980483000561,0.677275508050678,0.43263124360973626,0.06515949327603565,0.6325179770166002,-0.15715196080838909,0.24421194319984987,0.40015182368325714,0.8519267225443886,0.5844484897510045,0.8664818288460533,0.47997447886343825,0.7520342535616844,0.16074094811273953,-0.183398228914948,0.8132844431229476,0.7112226179763255,0.7817158474935246,-0.6429213741131126,0.8772567260845521,0.7217447891445883,0.5699626212718079,0.7976709740960215,0.8819449009722858,0.9702415116651519,0.3184306447781637,0.5260560619651569
BCHUSDT,-0.11400320373912329,0.07401102247738077,0.8250368204574068,0.073295783464705,-0.10268299654062685,-0.14990962832700538,0.13756318582037882,-0.2060502521813545,0.06865178977689372,-0.2224186863319433,-0.24802670699334473,0.3636774303734309,0.1891261447781246,0.0647493570036113,-0.08493700178658221,1.0,0.04955040429016396,0.143391861472221,-0.3839623770043983,0.7848089620693312,0.4292870523957449,-0.5875627719691393,-0.9043251485206144,-0.08617971155449725,0.08002218441879008,0.08163119256942666,0.5197771580119439,0.3728698386922938,-0.11034439142374225,-0.2454505168030038,-0.22348020883022954,-0.19538143405595657,-0.18171558105872465,-0.14418438199205846,0.2054723422010262,0.8355472554232926,0.6881384124939107,-0.05289292034736319,0.02086350322681214,0.6188626994155132,0.3046373893156484,0.17875630676712764,-0.3430021116916993,0.01360820404205067,-0.491070956500705,-0.2106724066578221,-0.18184884298156412,-0.5637679923676615,-0.09933836706836248,0.46862201726823605,0.022160391285077227,-0.4832713272346231,0.1971310703083288,,-0.15268040065927907,-0.41832383487282276,0.89126547114175,0.3543621833284831,-0.25199166025896086,-0.17514593529851738,-0.6852170462329499,-0.1553640351618637,-0.22465226298776936,-0.12325469486634992,0.15157416048379968,-0.6835014637372391,-0.23021825218936834,-0.06910598518132725,-0.3530273339636412,0.15242966738977826,-0.41319519957466405,-0.28836595967158174,-0.17889184464796007,0.42390886231387387,-0.05081844061039827,0.627771710467722,0.7694234413868073,-0.34049508417874746,-0.3465502830177774,-0.21959304008340708,0.08203973312540454,-0.11927361379142529,-0.16419796543275592,-0.6639162783976944,0.1004680980161544,-0.2525780010916847,-0.16467403981612957,-0.1058467473514763,-0.19160005338162592,-0.033410279656327146,-0.002367019547495586,-0.3559126788528101,-0.2536988006751281,0.08207029154039329,-0.005089188554907172,0.616754245034849,-0.6261641066358272
WBETHUSDT,0.8860195600201368,0.9831452545569469,0.2207793325756722,0.9135967044198392,0.8602355084934543,0.8645328113456865,0.0057666065813345565,0.7071730474422053,0.9830163255033957,0.8295373108990054,0.9208785072511744,0.4296241947942044,0.8743266258114458,0.9818107875994629,0.8789699416525675,0.04955040429016396,1.0,0.3027479587583875,0.8466189534505462,0.4089207103224545,0.5306123503573019,0.4881041876490821,-0.055882495299854826,0.7122939989707744,0.9839862000753425,0.9829432748536219,0.051162633862338505,0.5077454586967404,0.8981666644198146,0.8961738913026374,0.5183030088663578,0.9106266880401928,0.9014347921519131,0.8876317274123958,-0.234387431292777,0.11969095081126108,0.019559121928528357,0.8459621031297307,0.8241886102205424,0.3221875423027436,-0.29608539699753994,0.857770264639114,0.7657584177896066,0.09829986996442357,0.5943986807322634,0.7696188632563088,0.36897553525281646,0.48525289821497974,0.92119051985008,0.20923366647307456,0.5339494875829418,0.7189540228529975,0.6968790994052596,,0.8113756316005779,0.7321241616633988,0.16092371915918843,0.909022214244536,0.6280095674018724,0.9004451209416482,-0.28657848366702043,0.8536331938083007,0.9067730609325464,0.9072498796329694,0.5991729809134733,0.492476262755924,0.7367966817909767,0.8853769942846731,0.8648945079997201,0.790723623663712,0.6409903440496284,0.7820959336706009,0.6252813628579238,-0.11861739428177197,0.7657624859648768,0.22207039001078582,0.11165306329222202,0.26557249456527443,0.651775441402467,0.71703017328515,0.9803219586493245,0.1524618772722588,0.9302972091892165,0.25360692621480874,0.06896077608202424,0.8464048475625097,0.8606636850824742,0.865115288380444,-0.5917920627282449,0.974867000773007,0.7073430510484139,0.646133448456549,0.711572388393644,0.9859489814765934,0.8482027298954153,0.5724284029258712,0.47037427032751994
USDSUSDT,0.3160523585546646,0.25369241679926313,0.48770676471267027,0.28055370213201053,-0.05586982876183905,0.15571574671049818,-0.4551001898442994,0.15306347299223758,0.2568208848620809,-0.03080563421902763,0.15584874759810807,0.6758390614926496,0.514369762031761,0.2440870105041544,0.36146714407644553,0.143391861472221,0.3027479587583875,1.0,-0.01567498020383045,0.4970849633818232,0.03766197790178651,0.3205801563672241,-0.18081597905409544,0.24679486879248944,0.2512685532043347,0.2693365047985383,0.7291507082096039,-0.21797134259641565,0.29783933620877473,0.050435228494361974,0.14334092558223047,0.0967272155996499,0.24442763276436288,0.056248858687303345,0.14873535132772503,0.31162118912697456,0.34297134315256583,0.1696673234619533,0.4516568147714272,0.5447235949504886,0.22422174591730148,0.16136825151724865,-0.03538737269285252,0.7100176525420668,-0.28535886007727945,0.20311985041723368,0.45766296822839436,0.07948146754802242,0.08893370306277794,0.7095085621752737,-0.5129371975767945,0.0836193947368346,0.5975840127533932,,-0.2322137049341697,0.26304799130218665,0.44690983841364046,0.4314872854829718,0.3613527139894509,0.18091122395567608,-0.5626033919905772,0.1435679784134857,0.0577076419123341,0.2083155301589577,0.29564602198062484,-0.20937308188092324,0.19356410683686157,0.10529108190869574,0.04133204033763733,0.6247092013241745,-0.35478673409156525,-0.21807091918335478,0.36509690468420686,0.590784341205366,0.2884886885232406,-0.05022443456429892,0.40557865647635666,0.0358662934896873,0.09337954155348027,-0.26898866628112356,0.2571635553718241,0.7183183104654045,0.10254062052287578,-0.4852343722791115,0.430993698996356,-0.07101154440913711,0.12683249049757103,-0.06111229665338117,0.04719149563977653,0.20869387496138259,-0.1865120191235053,-0.11024864391028888,0.3641603882488291,0.26965399374505755,0.44630262947843086,-0.02879930161000095,0.3057094465896086
LINKUSDT,0.8431006635639224,0.8366687416780935,-0.18184001422317142,0.8241349420575564,0.9215112887260898,0.8974638194601786,0.06840442256727562,0.7455951858330783,0.8393412073228009,0.9554782328677826,0.931827467599943,0.02459022050149876,0.6266983241875993,0.8461625711735395,0.8155073091460481,-0.3839623770043983,0.8466189534505462,-0.01567498020383045,1.0,-0.07964727371609909,0.34910784871333916,0.6697136597643345,0.4157469951351176,0.7800889083840832,0.8326039588973841,0.8310370863440298,-0.3353368633859979,0.46360263049064876,0.8582109150699054,0.9428832462259734,0.6876137032824907,0.9187415135662375,0.8685606646763468,0.9029968864067903,-0.17089454937190404,-0.32116082917758276,-0.28609047875261007,0.8703075421881231,0.6438382223420434,-0.13409972713667734,-0.3166233497549158,0.6219062968644831,0.8290597551027508,0.028887206823240186,0.8309571295804117,0.7962115815638264,0.20980760246624106,0.7755685057857995,0.9159017069264668,-0.09376562016754797,0.6664710404885233,0.775137579278132,0.3526689062003995,,0.9082117389295503,0.7915709097061622,-0.2791634859949016,0.6056067148172354,0.6021628965111688,0.8800593838008178,0.08954398457084238,0.8924522849803791,0.9167874918658407,0.9134352925232847,0.3998491584495907,0.7980817017962628,0.639234889264684,0.842450509057086,0.9883513521789041,0.577730835570008,0.878334838256008,0.9256721963574004,0.5109590922193301,-0.437131015531814,0.6958868268050051,-0.059767697803527295,-0.21623372792747023,0.26253516490017487,0.8449364302565867,0.8427266512570235,0.8311689158562097,0.11718583695633546,0.9082090958508168,0.6471974150080725,-0.17316883851153358,0.9609324763075403,0.9025357687267503,0.9252734075750417,-0.43760786143566266,0.8900658561768257,0.8135967701208038,0.8169685448323257,0.8028330769132996,0.8344374824432863,0.7014255728142856,0.34698333370793377,0.6807158725279997
BSC-USDUSDT,0.303609941929272,0.425931912628678,0.8412547337652201,0.3571341729618941,0.10635254631923613,0.11674161473141616,-0.1515568507206314,0.1320345015195556,0.42169916446200506,-0.008700416372726111,0.13622615006420405,0.7378863131245014,0.6156283512140769,0.40904974070097994,0.33988082238083345,0.7848089620693312,0.4089207103224545,0.4970849633818232,-0.07964727371609909,1.0,0.38353568462425913,-0.22926805704213074,-0.7536946668404167,0.1572730598024503,0.43379048404110254,0.43583685340573164,0.7253560271130913,0.32420928698733437,0.2989972205392858,0.0944065716174925,-0.012708430696345335,0.11516602277491529,0.1750239056503422,0.11678696468320131,0.0049265316670879765,0.8151592911204651,0.6327171196080855,0.22918463216565085,0.45948535707872196,0.773407359025971,0.19555785648327062,0.492777466255916,-0.03253316714053051,0.2322769695719584,-0.27110868491746315,0.06288101030506645,0.25714848671743784,-0.2729326010646236,0.18951877276452148,0.630517292266651,-0.04265632822719061,-0.05008424753122649,0.6510177012878438,,0.02484323048340053,0.009004388615780692,0.8645748886020158,0.6833530297262358,0.07728172803137678,0.15039516064266104,-0.7765173035575813,0.10256764036694414,0.09225504721291136,0.18322849244432354,0.3346860867309882,-0.441124545299337,0.14033294097149165,0.25496116423933934,-0.03635791782175488,0.5771657269701175,-0.30552209559098814,-0.09309851537290971,0.17269467299034885,0.560712763078422,0.2386736129899072,0.44499593961332073,0.7381948515676449,-0.016936446518909007,-0.06563738650500223,-0.0784765016809595,0.4294100829159437,0.20964973159207226,0.1608059748012896,-0.6447921761946845,0.2469493003478157,0.0059100447426014635,0.09411453861549249,0.10657356483747368,-0.3884709689699296,0.32227258152689253,0.07680096876662255,-0.1565154419776521,0.07343791825678357,0.4378899190345598,0.45165664007736395,0.5292180415854676,-0.2676264513713881
LEOUSDT,0.1923090311316033,0.5448627742592552,0.32911222599717355,0.6751088947773783,0.510265227263596,0.6597077596191494,0.5699639558222868,0.061298129237498424,0.5467506578997289,0.5366576460745964,0.37898180758831357,-0.024739938069966882,0.29919461125528224,0.5631658081751738,0.19381753021776962,0.4292870523957449,0.5306123503573019,0.03766197790178651,0.34910784871333916,0.38353568462425913,1.0,0.18250466053572376,-0.5346162807188807,0.3769960869488473,0.5320713374258687,0.5518839020298947,-0.1194383069567415,0.27751482304037145,0.22227994921976008,0.3337984054636391,0.049098603094505616,0.588787055154007,0.5973686453054539,0.6388258348318859,0.28497652903673365,0.15368511553274686,0.15145883416082453,0.35819059378647916,0.24331818264207516,0.41842202473435736,-0.25643204729810853,0.4037740217403269,0.29597833202578994,0.12869639634927435,-0.05984228292916998,0.6539471329171659,-0.2876484744204131,-0.1357582687161365,0.5291812912253782,0.3103127566571428,0.2938526674850302,-0.023514169721777986,0.16066431927242147,,0.33920898181041204,0.16270179337197527,0.3632572022969856,0.5972766011209154,0.48394147743123206,0.6309183166068406,-0.3979334475502248,0.6661066991213461,0.5396553712225832,0.6046382440050233,0.7637251320099824,-0.022648793571046863,0.3970373527315067,0.34525611808036355,0.4129833980216638,0.29268050134281587,0.41842654788364403,0.38143862240590487,0.4353741814498599,-0.23702450597447008,0.5762227763457785,0.7960746158285745,0.19094617689984586,-0.5144727426948379,0.06210413647268532,0.39502972700465905,0.5598026176057039,-0.20344001364111333,0.5657394027234613,0.10511094871881464,0.34917439033496633,0.3592767540372414,0.6637548688638426,0.5024385285712601,0.02965247111859401,0.5137391018885796,0.40172942185050486,0.3319257293840079,0.3699085306947367,0.5474288002035018,0.11924060936576328,0.856696715070963,0.1315913861001468
