,BTCUSDT,ETHUSDT,USDTUSDT,XRPUSDT,BNBUSDT,USDCUSDT,SOLUSDT,TRXUSDT,STETHUSDT,DOGEUSDT,ADAUSDT,FIGR_HELOCUSDT,WBTUSDT,WSTETHUSDT,BCHUSDT,WBTCUSDT,WBETHUSDT,ZECUSDT,USDSUSDT,BSC-USDUSDT,LEOUSDT,LINKUSDT,HYPEUSDT,XLMUSDT,WETHUSDT,USDEUSDT,XMRUSDT,WEETHUSDT,CBBTCUSDT,LTCUSDT,HBARUSDT,AVAXUSDT,SUIUSDT,SHIBUSDT,DAIUSDT,SUSDEUSDT,WLFIUSDT,USDT0USDT,CROUSDT,SUSDSUSDT,UNIUSDT,DOTUSDT,TONUSDT,PYUSDUSDT,MUSDT,MNTUSDT,TAOUSDT,CCUSDT,USD1USDT,C1USDUSDT,AAVEUSDT,BGBUSDT,NEARUSDT,BUIDLUSDT,ASTERUSDT,ICPUSDT,OKBUSDT,USDFUSDT,XAUTUSDT,ETCUSDT,PIUSDT,JITOSOLUSDT,JLPUSDT,ENAUSDT,PEPEUSDT,APTUSDT,HTXUSDT,ONDOUSDT,PUMPUSDT,KCSUSDT,WLDUSDT,POLUSDT,HASHUSDT,PAXGUSDT,USDTBUSDT,BFUSDUSDT,SYRUPUSDCUSDT,TRUMPUSDT,ALGOUSDT,ATOMUSDT,RETHUSDT,USYCUSDT,FILUSDT,GTUSDT,WBNBUSDT,RLUSDUSDT,USDGUSDT,BNSOLUSDT,ARBUSDT,QNTUSDT,VETUSDT,KASUSDT,FLRUSDT,FBTCUSDT,LBTCUSDT,RSETHUSDT,SKYUSDT
BTCUSDT,1.0,0.8687615162811091,0.2861960226125315,0.6893497778495984,0.7281740275255402,-0.11456665981080354,0.5583369746042877,0.8015721508559986,0.865539300951681,0.624022988902135,0.8611298274491916,0.3933097331739077,0.38286637737248913,0.8592661472698834,-0.022371595843650356,0.8440775202643789,0.8696307776187602,0.32167681044517915,-0.287241840850844,0.46769749120179027,0.14399578390896947,0.7178013181993791,0.31864912670919393,0.5824570072805529,0.871128177352463,0.22893947861897693,0.4160671673395146,0.8679171672225288,0.847079491537233,0.8074180106628449,0.48091800236976917,0.7723552931648575,0.7965051610534434,0.7306856155198793,-0.3912563069956308,0.17146327142486842,0.19184436652616887,0.09301232063293156,0.6266402984907821,-0.0063459502164968954,0.6561548765099873,0.7856546847964847,0.8768374746430418,-0.04572609678592817,0.6290626838323324,0.6779632490390015,0.5479979810053917,0.469786566498639,0.16540329682065294,0.12603282471951258,0.7111491884278066,0.48278000040814734,0.7195257912328358,,0.6013259729141085,0.08191647987763338,0.6936364718449582,0.13262047103774924,0.4385508467293557,0.7957374520646738,-0.16642349127230016,0.543223503398871,0.6455580852233793,0.7219865530693026,0.7911533005115453,0.5898865327043076,0.8592675585068635,0.7438873886163313,0.6513149561902574,0.744433924364875,0.5090900745497681,0.7100341986993453,0.4669669732529376,0.47689753094952225,-0.09997594991567263,0.2717324917076183,-0.4470846159449452,0.6786063283878977,0.7416062170082353,0.3318611038365564,0.8635341313508836,-0.6635573428490421,0.39774543638286836,0.7719119630191298,0.7329567409585273,-0.08606441229088636,-0.14619869101922445,0.5518254698150364,0.8067099286088966,0.5868470779153175,0.8742360643163667,0.6907483404421096,0.4351835572717164,0.8150354202615144,0.832059821239312,0.8654507484668004,0.5273161334552059
ETHUSDT,0.8687615162811091,1.0,0.4474261347539808,0.7915875535885842,0.8717741605479891,0.08152332202066771,0.7335174279406531,0.7834104561020093,0.9775121587919885,0.7877086772191154,0.8977936318871338,0.3630010865250353,0.6156906247247833,0.9778232433211488,0.17376772373988794,0.8531369287606569,0.977119831007278,0.2514178921761684,-0.4133308351235794,0.5672125376809541,0.4335976191386581,0.8144405195687795,0.25998171693575844,0.6996183782978757,0.9791883779534183,0.19953840992414962,0.5257551116353385,0.9773567241148648,0.8673060848023671,0.909934375028079,0.5635523125224627,0.7770354716940395,0.8545706809735898,0.8497586923348571,-0.2638783250478678,0.339029440560907,0.2534614146735996,0.13293127382651512,0.7946176552270352,0.16550198734441043,0.698155896144841,0.8451372177785819,0.9286722813175744,-0.0765298689888499,0.4978863807694204,0.654285510032976,0.6272720975358476,0.4722505791638338,0.23599964773718485,-0.018218482574577068,0.858904535897809,0.5561027036890233,0.667709065840241,,0.7448742741867365,0.018688824613231958,0.776219349371785,0.23623782944149305,0.5023996985899062,0.8825398697106052,-0.19058292044809813,0.714432722351784,0.7973684123058569,0.8417276909025244,0.8659778816209973,0.6746452201857086,0.9047573714555062,0.8023822315152788,0.6740874745886215,0.8254937589464968,0.6478029631953208,0.8203678901679606,0.36273781493914803,0.4751181009625419,-0.11937158262151462,0.44341889953035973,-0.23135504590175632,0.8253875871392875,0.8121089679358924,0.4006407470873303,0.9743358606938407,-0.7438105870088132,0.4239694575177526,0.8424688285563205,0.8755517375231825,-0.1027052800693428,-0.4182343207056908,0.7279820421206912,0.9137989652672759,0.7136433268747832,0.9540304409842981,0.7300878415916079,0.4170180553935246,0.792739994447744,0.8348516284255585,0.9762154308214098,0.6307237480987541
USDTUSDT,0.2861960226125315,0.4474261347539808,1.0,0.36911810588607075,0.2732112094395242,0.1414740860946166,0.4768606441668453,-0.015179979092078256,0.4425557744909565,0.3193890275674764,0.16254190034168436,0.4815109475962103,0.6642740512345437,0.4470553751318555,0.8375779885229786,0.3110964986167749,0.4179437074543358,-0.32539614374439185,-0.4692777207526738,0.9500674679319845,0.6467011887834627,0.12553513165041355,-0.3983006581704609,0.3919209353606045,0.4459604286523376,0.6926244930144094,0.24615050751356649,0.4551347760431448,0.28820628059621395,0.31969860837176295,0.15360461370948464,0.14702462540051273,0.14329457410737498,0.26349883276966607,0.27627819174418455,0.9123657329497636,0.8275387800587322,0.6934899742138353,0.5297893807535838,0.8725934704029862,0.14688216693265266,0.1048039268940593,0.39663422846850205,0.17740292794606363,0.05678020225186755,-0.09877802359106737,0.07938215835783939,-0.3183615766463839,0.7722270722632398,0.3165007294652136,0.33914319006546595,-0.059840866401889264,-0.24043414601208707,,0.7042598529701449,-0.5787899518677131,-0.004660578223710095,0.8555471532844969,0.4530333399300516,0.7120313044673321,-0.5518232017831631,0.46811524461535553,0.46527741232245146,0.3187216009946278,0.0673313753966229,-0.11305913454402952,0.1453254542868908,0.11226878600864798,0.3446414134774373,0.6063916193907141,-0.002900800535761908,0.1775625473973925,-0.3616580480750752,0.3828825211082471,0.30772916763655656,0.9897980827027821,0.23360646886865236,0.1445422810156526,0.23034883555516805,-0.2941477544902028,0.4567343511701528,-0.37192684786355196,-0.41274382689166383,0.03775978240420858,0.26925906949584394,-0.06035158119259678,-0.23493028239705038,0.4554738748282203,0.2442157042359202,0.2541628152153412,0.3720372262648686,0.16025673726875891,0.042144369471289925,0.3342012617068186,0.3242799235597114,0.4637169004173054,0.04218347373969237
XRPUSDT,0.6893497778495984,0.7915875535885842,0.36911810588607075,1.0,0.7639968023657888,0.1915876688314729,0.6015042913405624,0.679542229126687,0.790839087423238,0.6716714787531736,0.7311028490844997,0.18323931200557045,0.4400958622759367,0.7950333151973447,0.17337000671200464,0.6761073095884077,0.7855716364796381,0.16981345050833682,-0.32802597208897816,0.4481251700463513,0.36235389710611227,0.6607266199865648,0.22738064528837945,0.5974216066400014,0.7881304944098378,0.12189855096868976,0.4919252330747401,0.7916884658001156,0.6925304770425752,0.7378213074892253,0.46285207346045026,0.6713039475211693,0.7156723679783189,0.7326796444511339,-0.06819752459704075,0.2382818484911757,0.17249024069882243,0.07957678605342587,0.6323653338279632,0.16698847606989126,0.5681346915508563,0.6915059506058682,0.7462645765616599,-0.018087286059647194,0.29032898699925164,0.5025483599263904,0.495605850091604,0.477531920992205,0.22818535216441535,-0.10959215297472248,0.67147038397876,0.5267917311701342,0.45315784647949836,,0.5332803601282838,0.03202829175982492,0.6535644711656524,0.2432512298056598,0.34083980702498684,0.7243554062923135,-0.25443877744589743,0.5866653686267044,0.6528644592739046,0.6842584330349604,0.697212783992766,0.5391906324901132,0.7743784682616175,0.672189407137405,0.5013535118302624,0.6659669819601116,0.5496730070999359,0.6929241749645919,0.1743395843919206,0.28793485332584484,-0.14141651111876558,0.38581779304499875,-0.1673553335286831,0.7181150186383854,0.6776772745925274,0.37208582723440486,0.7904074245333714,-0.5219389314148181,0.4351643295703625,0.7307970199315766,0.7633665179468537,-0.12461350938235297,-0.32182061472236906,0.5968784429069387,0.7477280802277303,0.629721974185576,0.7846500067617213,0.6001699690939509,0.3730528196347384,0.6012922427924822,0.6572334664688821,0.7904905196458781,0.5446873684340113
BNBUSDT,0.7281740275255402,0.8717741605479891,0.2732112094395242,0.7639968023657888,1.0,0.41296393959089944,0.7894597475321472,0.7389469750748155,0.8723216286875763,0.8888864256715264,0.8733897550106773,-0.05690925245222938,0.5375197084514157,0.8859979266519417,0.0440856533971463,0.6988111287771551,0.868539546795008,0.36562699172382374,-0.5067850741009465,0.3525029816653664,0.49850132594681423,0.8695780246589327,0.36384192326958675,0.7025033790842359,0.8632327479139856,-0.13192007862729557,0.5023179332232657,0.8673744490770389,0.740336690078755,0.9086166598953117,0.5463922306819369,0.8309367554190029,0.878398707037932,0.9375174665691833,-0.052573330715774934,0.18346839458426156,-0.03233494538970492,-0.18341185457855116,0.7594625465595896,0.06214949627144989,0.5399496496882344,0.8907429194621381,0.7769025791109861,-0.12161924368756623,0.18541651756346575,0.6684737861165466,0.6572240624655297,0.6411534835879891,0.0762449951300512,-0.4109410251824765,0.8306762304021398,0.677691971274496,0.5535158779269794,,0.5507865351102341,0.013816641457585422,0.8193516860087133,0.044657131725307955,0.4678901934833855,0.7147301830676689,-0.05509765746165465,0.7751818434003765,0.8187408028061852,0.875574009693625,0.8938621443476303,0.8012625159998942,0.8684119034412601,0.8669130718228769,0.6284124819086765,0.6296638414663321,0.8377117126972548,0.9182943458874173,0.13595185410701627,0.3651511778823899,-0.40509157445219984,0.2839826159918881,-0.19591501185382512,0.957895615662496,0.8274533171121297,0.6867294049032392,0.8707797528252726,-0.5108989353561917,0.5954050759639301,0.9126179276394318,0.9530061442503306,-0.2576404232072574,-0.47124046963579663,0.7918039373025205,0.9333671044598807,0.7798669214967123,0.8963135521904471,0.6888371571801788,0.4315978681923665,0.5660645947224632,0.6556703633118613,0.8672425776836035,0.7725953408427586
USDCUSDT,-0.11456665981080354,0.08152332202066771,0.1414740860946166,0.1915876688314729,0.41296393959089944,1.0,0.4561539112782231,-0.06925053179765453,0.08428170122721267,0.4824570358713377,0.09340011493617548,-0.6681142060389833,0.2885294330631308,0.1172167275145741,0.17244812434554066,-0.13785420202730397,0.06629813353773563,0.09866733040882553,-0.48444636811975766,0.012248806071958116,0.5894334334016635,0.28058030933199773,0.03911455060943332,0.26981351366732237,0.06178931831943229,-0.43122858779354034,0.13851772178189628,0.07708629824384809,-0.0820336724356955,0.24457196809586185,0.11395890093926724,0.21463261998951985,0.19180965582321644,0.4058393153150857,0.5713480199047569,0.15720335281727274,-0.22102694100472606,-0.36234090562033294,0.2907383631102011,0.22129346877873102,-0.2065771861959157,0.22753496899099054,-0.07178128506515655,-0.06720200391848284,-0.65836447868643,0.03263049842457534,0.18938797372974006,0.24211960443834651,0.0036950321675739083,-0.775643544323541,0.22905928050143112,0.30337880816943774,-0.29619023934524524,,0.013997567574888728,-0.27343237666201015,0.19163692709524996,-0.010624341336760143,0.18867223297400368,0.029343842097734385,0.07555189365801718,0.4591541316125261,0.3692808051798794,0.32328498606863076,0.1920597651045927,0.3229988056615271,0.058046657199529984,0.2646868964804326,0.10376971929100434,-0.0765979864254801,0.5247416758346208,0.3925492265125757,-0.6235031236732292,-0.03200506515474827,-0.4970621783398851,0.17044896198939674,0.27957307276566135,0.4698281370452712,0.21519063075151262,0.5482158960733182,0.09170344101471901,0.22598444105750642,0.22547873609324062,0.2526708094763844,0.4015455072470927,-0.35709959189059703,-0.406025961153316,0.4650039744506629,0.2610139422448599,0.35551612888974127,0.13215481133280724,0.04763547033906258,0.05615441226435108,-0.298346871271693,-0.18975578021326936,0.08328143348043095,0.41097963517659736
SOLUSDT,0.5583369746042877,0.7335174279406531,0.4768606441668453,0.6015042913405624,0.7894597475321472,0.4561539112782231,1.0,0.4019429250507808,0.7332081645548406,0.8598503402025109,0.7178488187811566,-0.026811685984231472,0.7840355558527821,0.7523838229310915,0.14649353277158594,0.5378759223167031,0.7246972963817879,0.3948345640938169,-0.7491965938566761,0.5238355296453298,0.7196033169064866,0.7730307427811712,0.2732106326262308,0.6460124464052414,0.7216218929930572,0.0026605752654737685,0.17232468870667805,0.7293403648932094,0.5724985464673716,0.8477637849616214,0.41679744880028496,0.6939910934040269,0.7421594164066411,0.8430257512491878,0.043180597600207496,0.4768578590682637,0.075147619619243,-0.09439051051635775,0.8017740097412033,0.2904779665592789,0.3000358894701173,0.7896395693275462,0.6006370202008963,-0.05429151912172032,0.14451554536605124,0.5069314577299647,0.615331078390927,0.338195898839706,0.2434215731889554,-0.3346808865876352,0.7713127794536163,0.3198209622604774,0.37740224418422147,,0.7417185849980094,-0.3345262668887994,0.5222304533844637,0.09012862005486649,0.7631906673131765,0.676672791084501,0.053603444388017306,0.8857934585459762,0.8682571086957634,0.8754472025156023,0.7379345395306893,0.7406627534451522,0.5733356363032946,0.7457559387049458,0.7640967199610372,0.5906247708849872,0.7672998038806882,0.8130821001877844,-0.0817480577945679,0.6372213760213331,-0.3589587861863667,0.44421213093537987,-0.15278789558768638,0.805830870514468,0.7167980832681953,0.6142143002937139,0.7367958812849152,-0.45793151734969906,0.2201517930663222,0.6502189417082588,0.7872763704106048,-0.28312409217147794,-0.4735815546556568,0.8946261272545226,0.8331587739755529,0.5902805590499707,0.7625052918698466,0.5321252820027346,0.3094900097618888,0.4263931815003767,0.49944239312797317,0.7363602309298222,0.7495925813692813
TRXUSDT,0.8015721508559986,0.7834104561020093,-0.015179979092078256,0.679542229126687,0.7389469750748155,-0.06925053179765453,0.4019429250507808,1.0,0.7853894106920256,0.5575802932554862,0.8468070606135618,0.2317303929069949,0.12947317844148273,0.7782925236698521,-0.22276375923464228,0.787577976458562,0.7910825382952285,0.3175325177146909,0.03713185101553445,0.13926080751906816,-0.04134593823375178,0.6769996010530477,0.5956444755755428,0.5288872524071079,0.7811096964224656,0.05530288852535359,0.42762409982273253,0.7856897622481086,0.7939229255539532,0.711887526953205,0.4923107134290091,0.7467986713959058,0.8438558142375904,0.7087593619855038,-0.23445783573760895,-0.2125124581492196,-0.14201537491801677,-0.03263245939686933,0.4483651405046132,-0.20644479655247192,0.8286392988601406,0.7721741177922918,0.7908105498058602,0.10802904467916509,0.5876433300385999,0.5873553560236993,0.5529401874065021,0.8128446076294834,0.08687156935752496,0.005232174241211339,0.5666365572802696,0.530735163594361,0.7355711247732092,,0.3537229378718268,0.4830873337785583,0.7213096291192996,-0.001548935216598603,0.11850578932360022,0.621015828908636,-0.273793566972124,0.38499920556139106,0.5061654719497962,0.6313322715019477,0.7746573887594281,0.6316714535753077,0.9518501618521442,0.733463675836972,0.419139111676556,0.6895498351176335,0.48709110746344725,0.6554611734973147,0.5375061603933136,0.1289393262019509,-0.08944504973386463,0.020033161567776625,-0.4584956463063645,0.695320525128688,0.7131925834505315,0.42704578607545585,0.7764028446997316,-0.541118837349461,0.7747962964373486,0.8534030944419424,0.739102308814254,0.07525357803050435,-0.10191809323635428,0.39957142583602745,0.7598802934090751,0.5366081246675334,0.8028403240524313,0.7166804649249309,0.5149796954947434,0.721614635950251,0.7874518664191232,0.7777637803003431,0.6195693500049728
STETHUSDT,0.865539300951681,0.9775121587919885,0.4425557744909565,0.790839087423238,0.8723216286875763,0.08428170122721267,0.7332081645548406,0.7853894106920256,1.0,0.7879998044417379,0.8960814517011646,0.36254916036115836,0.61935645955765,0.9771009888082162,0.1728044458545875,0.8498354802177714,0.9764731353918235,0.24885917475562008,-0.4046438712910709,0.5589602640904577,0.4383311435204402,0.8141719503334138,0.268760650942186,0.6989748526816464,0.9780236299659844,0.19564920018502557,0.523058973895514,0.9764054962292081,0.8640903234488082,0.9081346566529653,0.5650882495276888,0.7711294576490951,0.8559188684901782,0.8491593044721226,-0.2576990095383699,0.33322598674157383,0.2442149795378508,0.13328656597704905,0.793526803794848,0.1651664237143005,0.7066487219402872,0.8446230006741111,0.9253944092499847,-0.07092777610425216,0.49744946463195355,0.6470968117846262,0.6301591586769364,0.4797066169107277,0.23671236314117797,-0.021772209193100585,0.8578836343647662,0.5517750007346737,0.6688528606155703,,0.7458025600132545,0.03117914722884849,0.775071793291269,0.2333423476805983,0.4958932996265464,0.8772247994077935,-0.19194958405362375,0.7138252951730802,0.7963854515094553,0.8413786832609447,0.8657732943032975,0.6787006744746049,0.9054589468803556,0.8005885883126753,0.6673455330307169,0.8270331988191709,0.6485335338961837,0.8182283681483811,0.36639058856276524,0.4662547507230705,-0.11412343204827718,0.4399054114290557,-0.223108389702967,0.8266831645091087,0.8104912225719753,0.40267683978506946,0.973122043980467,-0.7455546353340675,0.4334008907262927,0.8427426615148789,0.8760194427616523,-0.09230672703181353,-0.42792157081805593,0.727814670810169,0.9137224969796734,0.7102368041100483,0.9513887457412386,0.7302589198048954,0.4162053133654992,0.7883424696231554,0.8323812811529585,0.9751383493979627,0.636513908962305
DOGEUSDT,0.624022988902135,0.7877086772191154,0.3193890275674764,0.6716714787531736,0.8888864256715264,0.4824570358713377,0.8598503402025109,0.5575802932554862,0.7879998044417379,1.0,0.8032231908467083,-0.12176784718956672,0.6551234205130342,0.806671684672495,0.042556163158580754,0.5944609708959648,0.7830431246893489,0.43030496663967116,-0.6616979299792665,0.3826148877185209,0.6168784281522137,0.8503681557132728,0.3388747245960505,0.671086103539506,0.7766689530015055,-0.1523745604915089,0.326579945471683,0.781786183706252,0.6394400594534433,0.8909695101939623,0.4824141836581029,0.7793287593257071,0.8200082630419754,0.9116833400214166,-0.014617607916916088,0.29420085833523907,-0.044864911797024454,-0.227840207400185,0.7818590084993736,0.12418932495855375,0.37995190185370115,0.8646219363323514,0.6659462789725057,-0.13342756472159273,0.12145997992447141,0.6237218505463598,0.6546969684272983,0.5112250595959323,0.08741758293148569,-0.45607616949804514,0.8157352327701648,0.5317049183465871,0.4806236044807029,,0.6151472827526929,-0.16533151731917647,0.6968135382076165,-0.010193035554172402,0.6298039586125058,0.6551028869694214,0.07880364098625492,0.8484897983372478,0.8535197822878642,0.8933154352316293,0.8423363816631747,0.8188472681474552,0.7140397774914783,0.8309136953196576,0.7076572118711748,0.5585861871228335,0.8603366903607558,0.8990366569980776,0.017359384305032352,0.5083663416396221,-0.4586508296054492,0.3053905815305521,-0.17962415367446694,0.9168534953670823,0.7817706510398255,0.7238414584405569,0.7886999075174634,-0.4548542895600952,0.43367835773793584,0.8024357775841409,0.8873582577075012,-0.3121568991720833,-0.49466423899027184,0.8627390488540359,0.9001234450483261,0.7029491314693264,0.8243971250690212,0.6063646937666829,0.3670737958626669,0.4602960518219646,0.5463941271485097,0.7854166745294927,0.7912790273177956
ADAUSDT,0.8611298274491916,0.8977936318871338,0.16254190034168436,0.7311028490844997,0.8733897550106773,0.09340011493617548,0.7178488187811566,0.8468070606135618,0.8960814517011646,0.8032231908467083,1.0,0.13887235898986272,0.44228447256379455,0.8992286103375263,-0.19869388936542703,0.8367730947350859,0.9009308884462465,0.5378614526336539,-0.4385289777365867,0.3471114531073228,0.2389196150128205,0.8886216357168752,0.5094765269009564,0.6576017450992693,0.8932042480479613,-0.006675964028454045,0.34234162868585066,0.8935729548924357,0.8612263630228106,0.9418587215647674,0.5288754205368339,0.9177017927980696,0.9457209554803497,0.9051584055179933,-0.3351034262386247,0.0813484269374012,-0.05705027526178683,-0.1719426916000453,0.7067441678183641,-0.11946730753518903,0.6147312088606486,0.9632562037399676,0.8601969712612844,-0.08272360949073268,0.5404893606881379,0.8002042685764839,0.6928847673866867,0.6490270169561826,0.04489138104626724,-0.1479606653884295,0.8070045180362814,0.5562099007273491,0.7937937792766085,,0.5958250508768402,0.07323548200030956,0.7898897510997467,-0.08251310391760869,0.5639560491815319,0.7513797332912446,0.013980169743629723,0.7043764870085674,0.780251610390781,0.8868228266958789,0.945843990196719,0.8349149849181591,0.9174393489659928,0.913885156420631,0.7724248277790793,0.6960075579975611,0.7542408493202629,0.8930779445194016,0.40503198667440055,0.5529744169813853,-0.3459277986450507,0.14160735890232345,-0.5255327147642588,0.8720422667680917,0.8644147440764124,0.639116936805778,0.8935207805643783,-0.6054865773680678,0.552945283520572,0.9134542760923021,0.87611727481814,-0.19425012213814247,-0.22325960761121544,0.717345488765451,0.9549904169761728,0.6720464392879528,0.9466765718521025,0.7568260303672046,0.5009196771831187,0.7515784979203515,0.8053843818959943,0.892497611096548,0.7607996101395055
FIGR_HELOCUSDT,0.3933097331739077,0.3630010865250353,0.4815109475962103,0.18323931200557045,-0.05690925245222938,-0.6681142060389833,-0.026811685984231472,0.2317303929069949,0.36254916036115836,-0.12176784718956672,0.13887235898986272,1.0,0.29670770574108596,0.3336400385613239,0.3878376335553678,0.4261857703975503,0.3664302069012223,-0.3143283582157173,0.254097952636452,0.5382069783422669,-0.01083362311950743,-0.05090020413657393,-0.12515487681516005,0.1005427540963422,0.38067777359406924,0.8044578816676169,0.11421738813541549,0.3734654323930632,0.3634026457865489,0.09162233098597326,0.12373425587024442,-0.0819583330450351,0.06881318851700391,-0.0892264638410525,-0.3368510922235484,0.3802121678043017,0.6347306850126861,0.8102837798844077,0.17527850456908348,0.34592283293197496,0.5548852528669116,-0.021648815645806157,0.4331067752563039,0.2267556887559378,0.73246065684159,-0.085535964965185,0.021274113106195085,-0.2313256377590229,0.5081550640000209,0.8705725900907139,0.13758463821964959,-0.26397663854393233,0.27325832500627056,,0.5559145374438613,0.12266156202844612,-0.04204865045658315,0.5435949314293661,0.05583284630890226,0.48330443624681746,-0.4696036578866515,-0.04352154576522847,0.05275800071004755,0.021441578084266916,0.010573866142741722,-0.20510923218127408,0.21364297032664917,-0.07570237769052737,0.09970871348537476,0.6132655752546504,-0.37580084417833254,-0.15438059717365085,0.5108590893172861,0.1813935878156753,0.7304347618788973,0.4725348201491457,-0.0001278517114579024,-0.1888748604984052,0.05227562033749782,-0.6145319147487919,0.35562871868606877,-0.618967379437185,-0.2361542315768066,-0.05664770267720284,-0.04841434915761583,0.45614266756541094,-0.012518082541919497,-0.046655619526352256,0.05936279088876732,-0.09006734819587377,0.23131303104226947,0.18857745613774543,0.028670203766939954,0.5666561692706744,0.4931307170364802,0.37014890462982136,-0.18108598844160317
WBTUSDT,0.38286637737248913,0.6156906247247833,0.6642740512345437,0.4400958622759367,0.5375197084514157,0.2885294330631308,0.7840355558527821,0.12947317844148273,0.61935645955765,0.6551234205130342,0.44228447256379455,0.29670770574108596,1.0,0.6309891448542425,0.448018686630399,0.37704365473261897,0.6117387359633571,0.08590334803453106,-0.5936076019335869,0.612838158819418,0.8933296050854593,0.5313870884203077,0.05719790855962814,0.5122456800980776,0.6119680881851643,0.2363904526585088,0.08152625417041266,0.615414710288317,0.3895386960535837,0.6283552236618994,0.33643439166244954,0.28880216539671516,0.4749781790977743,0.5613281311561578,0.06427131597595406,0.7036030033555866,0.3063629501191064,0.2625992891332569,0.7547935509670379,0.5463425292102521,0.3302163243473776,0.49758186610805594,0.4610971867260487,0.012121398069370392,0.17736640321185132,0.17058418408110024,0.4794561043482498,0.0014280611534274192,0.41176611784173983,-0.07443326426404656,0.6716293604720407,-9.000960196560769e-05,0.2332173339428167,,0.9005187788784837,-0.32899844146523466,0.2667156728289278,0.29387339546743546,0.6790667652762062,0.5939443035611213,-0.019056843850621372,0.7677146897114477,0.733493311299673,0.6774441761800979,0.4811699887000677,0.4998544969543859,0.31996634340610924,0.4289101093502754,0.5640535390441194,0.6133379259854532,0.49369161931359934,0.5137957676652962,-0.027432283992556632,0.5555862831273138,0.031197611378810393,0.6319766403367473,0.22288547243523316,0.5318573995018258,0.4662992517204286,0.24244179628779186,0.6161720682226405,-0.5815095837698919,-0.056618723000249935,0.33011512082826283,0.5389349550973861,0.00016738125833470327,-0.6894654766608825,0.7782913273657878,0.606162838420804,0.36035278046560615,0.5453997399273538,0.3507849639279397,0.09191692564763852,0.3283480264594904,0.3728107775019019,0.6226806804698757,0.5293850267303482
WSTETHUSDT,0.8592661472698834,0.9778232433211488,0.4470553751318555,0.7950333151973447,0.8859979266519417,0.1172167275145741,0.7523838229310915,0.7782925236698521,0.9771009888082162,0.806671684672495,0.8992286103375263,0.3336400385613239,0.6309891448542425,1.0,0.17501970161966438,0.8426073100248577,0.976142386183748,0.2584230511219612,-0.4293594655582936,0.559740246453863,0.46051926776683927,0.8252882211151729,0.27084878833245707,0.707997543100553,0.9774869279788061,0.1776835147616457,0.521555093784415,0.9764503315712361,0.8591278759795425,0.9178686191058297,0.5669200061946287,0.780842888990432,0.8625681781487428,0.8646157160198237,-0.2376289518422626,0.3406016886284595,0.2340412124288463,0.11505733299633517,0.8044879277526782,0.17204267245662813,0.6920166501657911,0.8542211784394729,0.9198530658727664,-0.07489049631095773,0.4721729238596414,0.6504445617805205,0.6375605085001951,0.4856910315413889,0.23504136912221957,-0.05248120996148575,0.8658766203958659,0.5597540198254543,0.657340516224117,,0.7467066907442765,0.013910919932239071,0.7792514174221592,0.2283541035693475,0.5099679745315143,0.8765967309556681,-0.1827615939590903,0.733312651932225,0.8114585535247149,0.8548899171093063,0.8727563892042434,0.692551917331136,0.9035677463018174,0.8114006783127984,0.6764544628411645,0.8207813549665798,0.6699599569471831,0.8338533425369666,0.33975684490389696,0.47229534417874053,-0.13777738756948518,0.4442731106444125,-0.21767140240231408,0.8435216275088303,0.8184596748996035,0.42660198028880836,0.9738944973069602,-0.7339117480393642,0.4367964548478802,0.8500343706676518,0.8892683310503934,-0.11034532857805818,-0.4394247093268134,0.747356088984501,0.9233636474154276,0.721596692911351,0.9551159786779726,0.7302398076460813,0.4177604972810693,0.7750444550293539,0.8227681710777329,0.975548848771452,0.6529625410602832
BCHUSDT,-0.022371595843650356,0.17376772373988794,0.8375779885229786,0.17337000671200464,0.0440856533971463,0.17244812434554066,0.14649353277158594,-0.22276375923464228,0.1728044458545875,0.042556163158580754,-0.19869388936542703,0.3878376335553678,0.448018686630399,0.17501970161966438,1.0,0.0018810448407895674,0.14960940911747833,-0.6707224637848055,-0.13508004943313345,0.6706639059476487,0.5771154650374738,-0.17541861954087257,-0.6431548135758558,0.16381340148921622,0.17843548276499166,0.5304612012346852,0.4054587025542669,0.1818762859237004,-0.01812307864327661,-0.04462668716939252,0.04956975607311197,-0.25205013739204557,-0.2086092661743334,-0.059099555149277866,0.3931402817939352,0.7548618658530482,0.8020559666036321,0.721637550258475,0.26126457186684066,0.8437763610497152,0.0547834573423128,-0.270332796033406,0.1258723350931648,0.08687172852479118,-0.2662485323911266,-0.38513614394884443,-0.17486022980281923,-0.4430669485225582,0.6038146766843439,0.21978916542583404,0.1048071509055572,-0.012205248165503455,-0.4968270032292786,,0.3689032891170815,-0.36285232870406914,-0.09963271657754863,0.8824653582786476,-0.022502176131566246,0.3848034006937632,-0.5814365420308654,0.13765342282687298,0.12792934970782788,-0.05318836867672206,-0.22738366447480302,-0.40899204861356364,-0.0763312168722857,-0.2317073689359819,-0.15051262749962058,0.31409404316622097,-0.21737837773273322,-0.1223420636847005,-0.4040497178949369,-0.1087208407521282,0.4398293521565777,0.8763451561534835,0.6692413379630304,-0.07739789142839693,-0.09092009868353539,-0.5129388506533106,0.18061200032601962,-0.19980756106340505,-0.3918016633365445,-0.1830751401542315,0.04095968034000961,0.06822241493815512,-0.3848350712809033,0.13115705305024855,-0.08818150635548926,0.14173784224783292,0.03488407824399035,-0.08683169420355165,-0.1674098832628699,0.03454628220018376,0.022446957551156763,0.18586909387031644,-0.2647042333698041
WBTCUSDT,0.8440775202643789,0.8531369287606569,0.3110964986167749,0.6761073095884077,0.6988111287771551,-0.13785420202730397,0.5378759223167031,0.787577976458562,0.8498354802177714,0.5944609708959648,0.8367730947350859,0.4261857703975503,0.37704365473261897,0.8426073100248577,0.0018810448407895674,1.0,0.852997993601694,0.2927963035413822,-0.2662951473216086,0.4896785053599925,0.1348721740168404,0.6837685992138491,0.30663007662622316,0.5695872330209445,0.8555812966898505,0.27576551902040014,0.3996328065640052,0.8533016421658969,0.8348431750729836,0.7815228551201464,0.4651333458093955,0.7476703553903747,0.7738161273194363,0.7020269379321589,-0.37228442368011605,0.18804949700368173,0.22074448403330413,0.13891241975290228,0.6097949979204896,0.024232769059869486,0.6590992835793551,0.755179709492314,0.8656220285311885,-0.012195491056322132,0.6415256180907931,0.6401429466013829,0.5252425871496275,0.4472852176621125,0.2074853163235615,0.17197430366039437,0.6819698531558113,0.44316239747494407,0.6920349100351822,,0.6066275928255327,0.07688198854390493,0.654851716923533,0.17073216807816521,0.4283574964708044,0.7993558099171618,-0.20692317548254802,0.5227354944306415,0.6261128327109554,0.6968620986997227,0.7558192808810246,0.5506902154729848,0.8392656458517812,0.7135658813851885,0.6363348256727489,0.7562660643695531,0.46342440317495853,0.6738540176791101,0.4557533462348828,0.46965087155740465,-0.056186130281970344,0.29771987062124433,-0.4435376533918331,0.6405531925477045,0.7189388580001344,0.28564275027592245,0.8482808679467437,-0.6595697723914355,0.3700605538435582,0.7387333677726273,0.7031869303364398,-0.062290145570093436,-0.1208591909993727,0.5299338787580777,0.7777375200195201,0.5570182687465774,0.8552898986770412,0.6755361746641966,0.428720186555871,0.8143356612305224,0.8285921662639265,0.8509493457754547,0.5020177544701125
WBETHUSDT,0.8696307776187602,0.977119831007278,0.4179437074543358,0.7855716364796381,0.868539546795008,0.06629813353773563,0.7246972963817879,0.7910825382952285,0.9764731353918235,0.7830431246893489,0.9009308884462465,0.3664302069012223,0.6117387359633571,0.976142386183748,0.14960940911747833,0.852997993601694,1.0,0.2612099636153869,-0.3941758715478382,0.5389484527984876,0.42198323752930683,0.8191883386424429,0.2772436422294075,0.6918045211700193,0.9782830917087028,0.18155641162652575,0.520701973146742,0.9756222799523885,0.8675839663471474,0.9085058565135324,0.5670934231801275,0.7702664964616829,0.8576724657116537,0.845478042222306,-0.2872900815703989,0.3140845369821692,0.22962729363082596,0.11880787348637356,0.7880032585252156,0.1376313366701803,0.7113098332120823,0.8492879389032665,0.9272596760531648,-0.08546586441365041,0.5128831179248097,0.661488265001939,0.6347156421008114,0.48300067283017434,0.2105368982963195,-0.020659177159434605,0.8614079954462068,0.556444289516943,0.6936199202766962,,0.7398103736888496,0.04825427076229337,0.7845858874101843,0.20723318370249608,0.4916045490271208,0.8661633939511043,-0.16813954726131541,0.7052138077316632,0.7895803578818709,0.839709991052839,0.874395808256425,0.6884567568493843,0.9088176633161488,0.8031396092809647,0.6671431145208128,0.8186233587927357,0.6526645654506956,0.8191200166176736,0.3963397263499739,0.4677708519510255,-0.11853929813757559,0.41373396929845896,-0.23156974877916942,0.826813200835462,0.8102681901235362,0.4083450224758091,0.9720850342507172,-0.7533350868613127,0.44107122237931207,0.8470669889837776,0.8728783376330436,-0.08775954021107336,-0.4295834125526417,0.7199140244647128,0.9158370192634827,0.7077057528548599,0.9506106084873612,0.7329256561085421,0.41465835034893744,0.7932673679176802,0.8352845605294785,0.9740434117780186,0.6354414171083328
ZECUSDT,0.32167681044517915,0.2514178921761684,-0.32539614374439185,0.16981345050833682,0.36562699172382374,0.09866733040882553,0.3948345640938169,0.3175325177146909,0.24885917475562008,0.43030496663967116,0.5378614526336539,-0.3143283582157173,0.08590334803453106,0.2584230511219612,-0.6707224637848055,0.2927963035413822,0.2612099636153869,1.0,-0.4250979004868844,-0.1436580261704712,-0.06441300304027801,0.5495769343551935,0.5539069300565573,0.21781665297458155,0.24185893039748632,-0.3697290238436869,-0.249726392845175,0.24136925113290922,0.3264402466150919,0.5055234846762823,0.15306280878202236,0.6062098640638154,0.5324686074833775,0.49685900847545134,-0.33573692728600546,-0.23349312049139304,-0.48931035120421085,-0.616031409281962,0.2504031747418898,-0.46939392168333477,0.00032000796935154557,0.6330999715661029,0.230752717569237,-0.1530171357008798,0.2806998512280472,0.624270543712418,0.4400063882586742,0.4112654289897289,-0.3347771735644751,-0.3195047388586864,0.34354749057155354,0.17318076052927972,0.5624362903823262,,0.136813563868055,-0.06865050539490275,0.3318646545784802,-0.6193706732278687,0.5416762257525469,0.10438165755960994,0.5300857859359357,0.39930438685254555,0.3902157414485879,0.5233137042748518,0.5618648530168225,0.6833381595594051,0.3178060531043644,0.585994368471916,0.6191207311465854,0.04782740948543463,0.5784080936008847,0.5456464418722176,0.20877373259218354,0.5592406703438142,-0.5878379243372261,-0.39369431284199524,-0.6703348584413726,0.4684012612595248,0.4580528770434539,0.712952614585506,0.24955109297975125,-0.06956660668954225,0.28056463904181295,0.45513482186137355,0.3677464590371331,-0.3130833572488752,0.12151458640075773,0.40446296651400604,0.5104198398260217,0.21430677688764688,0.39033935087101573,0.3288093602065275,0.281265626873957,0.2192906540645949,0.24781931910794305,0.24432041304427307,0.5588914953177988
USDSUSDT,-0.287241840850844,-0.4133308351235794,-0.4692777207526738,-0.32802597208897816,-0.5067850741009465,-0.48444636811975766,-0.7491965938566761,0.03713185101553445,-0.4046438712910709,-0.6616979299792665,-0.4385289777365867,0.254097952636452,-0.5936076019335869,-0.4293594655582936,-0.13508004943313345,-0.2662951473216086,-0.3941758715478382,-0.4250979004868844,1.0,-0.542142511636139,-0.5940991830412415,-0.5549005626462233,0.11509534908380316,-0.43729909621057317,-0.40304490255962216,0.08628151372146821,-0.04886900288087051,-0.4027531742321623,-0.3076502947935674,-0.6201978324873881,-0.18453505179028834,-0.5742870428208036,-0.3951039617254575,-0.6065808778645421,0.03327801345630048,-0.5965144767867333,-0.21308201035502655,0.2566115837885983,-0.6285979217653316,-0.2582373620265895,0.29096827011922394,-0.5363947895012727,-0.3223134321015274,0.29884971039425745,0.1425553806055017,-0.5125074570634195,-0.35480679020324896,0.0984196099657146,-0.053852537790032434,0.3910690117770892,-0.5783368256250457,-0.2764212305605809,-0.09400223139221771,,-0.4943241184137757,0.8009180575535144,-0.3114924458052818,-0.009678044676989557,-0.8692405064050331,-0.4743689881769128,-0.32479959561554883,-0.7546473086081137,-0.6886738165366351,-0.650978834185273,-0.4792239218130955,-0.47256112373062065,-0.17688309543048755,-0.5406410774675043,-0.7637573117479157,-0.18344252231516994,-0.6462401362664143,-0.654441850827405,0.3828652779266963,-0.787902098656081,0.5836651081182572,-0.38745657815607515,0.20284477540158907,-0.5525117624501129,-0.487497333680926,-0.5252264997567491,-0.4223825042040808,0.137975477701335,0.2411195989034999,-0.3483172359763237,-0.506603564971007,0.6254157434176557,0.20962547989994001,-0.7496609157269691,-0.554981559337176,-0.48344156959265744,-0.4936973349943799,-0.24116570056238068,-0.13145985591505777,-0.1864534713627379,-0.19627620745508934,-0.4157207547647546,-0.4152434159019611
BSC-USDUSDT,0.46769749120179027,0.5672125376809541,0.9500674679319845,0.4481251700463513,0.3525029816653664,0.012248806071958116,0.5238355296453298,0.13926080751906816,0.5589602640904577,0.3826148877185209,0.3471114531073228,0.5382069783422669,0.612838158819418,0.559740246453863,0.6706639059476487,0.4896785053599925,0.5389484527984876,-0.1436580261704712,-0.542142511636139,1.0,0.5019502807763343,0.2564400062505906,-0.3119167998659568,0.4514952702600315,0.5672140391252256,0.7176952260137567,0.2493843225617569,0.5729364313210284,0.4652971010216816,0.46221342995621467,0.20286715701233515,0.3534287078657225,0.28782439738701204,0.373500913550335,0.06190043881588158,0.8652877961679537,0.8247595286071676,0.619922340116603,0.5844888195943786,0.7308088669363421,0.18889165170273614,0.27012860457056953,0.5535277405815461,0.12393653741400597,0.2599508216671379,0.13067792472578024,0.16426684845027376,-0.25037824770770245,0.708699311163744,0.39246929262485253,0.43215792068632986,0.02358991526970145,-0.03195750670101973,,0.7460367918781591,-0.6016622088987051,0.11375145829433547,0.7638339725195326,0.5843165030073721,0.8296574721895932,-0.4825078134194606,0.5163793698930043,0.5403394381244826,0.43290437644049246,0.2226570057875852,-0.003688068694377551,0.2871166834682469,0.2716421914326332,0.5364089173949242,0.6785736291889685,0.07257541922305709,0.30590785447065494,-0.2121862938295566,0.5686845864527852,0.21342921499780085,0.9181822954686658,-0.04522421709305879,0.22410115486213933,0.3690676127981522,-0.21154999459217494,0.5752529936271007,-0.4515915362002132,-0.38584276006989376,0.17184211607508154,0.35113508692878304,-0.1465802475636785,-0.08177404178231627,0.5016915236866311,0.3766057251024736,0.3270673379285302,0.5261934948627441,0.28509133835955786,0.147044032111366,0.5234260245269997,0.4947887365427678,0.5813316412676586,0.10121163295022821
