,BTCUSDT,ETHUSDT,USDTUSDT,XRPUSDT,BNBUSDT,USDCUSDT,SOLUSDT,TRXUSDT,STETHUSDT,DOGEUSDT,ADAUSDT,FIGR_HELOCUSDT,WBTUSDT,WSTETHUSDT,BCHUSDT,WBTCUSDT,WBETHUSDT,USDSUSDT,BSC-USDUSDT,ZECUSDT,LINKUSDT,LEOUSDT,HYPEUSDT,XLMUSDT,WETHUSDT,USDEUSDT,WEETHUSDT,XMRUSDT,CBBTCUSDT,LTCUSDT,HBARUSDT,AVAXUSDT,SUIUSDT,SHIBUSDT,DAIUSDT,SUSDEUSDT,WLFIUSDT,USDT0USDT,CROUSDT,UNIUSDT,SUSDSUSDT,DOTUSDT,TONUSDT,PYUSDUSDT,MUSDT,MNTUSDT,CCUSDT,TAOUSDT,USD1USDT,AAVEUSDT,BGBUSDT,NEARUSDT,BUIDLUSDT,ASTERUSDT,OKBUSDT,USDFUSDT,ICPUSDT,XAUTUSDT,ETCUSDT,PIUSDT,JITOSOLUSDT,JLPUSDT,ENAUSDT,PEPEUSDT,APTUSDT,RAINUSDT,HTXUSDT,PUMPUSDT,ONDOUSDT,KCSUSDT,WLDUSDT,POLUSDT,PAXGUSDT,USDTBUSDT,BFUSDUSDT,SYRUPUSDCUSDT,ALGOUSDT,TRUMPUSDT,RETHUSDT,HASHUSDT,USYCUSDT,USDGUSDT,ATOMUSDT,GTUSDT,FILUSDT,RLUSDUSDT,WBNBUSDT,ARBUSDT,QNTUSDT,BNSOLUSDT,VETUSDT,KASUSDT,FLRUSDT,FBTCUSDT,RSETHUSDT,LBTCUSDT,XDCUSDT
BTCUSDT,1.0,0.912497035910318,0.253719449172298,0.8864093628138426,0.7711175747204435,-0.33158026991826745,0.5990168510603074,0.8506833378589501,0.9145916927009139,0.6940425549462192,0.8952132572021079,0.45469822232038365,0.3898279831904276,0.9080450889495596,-0.07531411086250395,0.9916530734288042,0.9188223726317328,0.02175133553037571,0.2932503634607678,0.37465075945618,0.8109529828186126,0.13027032569401906,0.4837333008708078,0.7988860010045589,0.9135954776721363,0.22617945264740738,0.915534475362452,0.5993343283906485,0.9944379982698274,0.8206082443380601,0.7946983996367273,0.791132365913067,0.8316190844700004,0.7066290579118435,-0.16366684473867044,0.1501495237347185,0.10262932353654683,0.04108055200781749,0.7643379434362997,0.8239882926468386,0.17818249848203638,0.645692440230129,0.700916293091379,0.18329545206424597,0.5216343599227403,0.7009678896582779,0.5698509125747139,0.7723452637452969,0.21980924807676347,0.816708550319854,0.49505019735290623,0.6777569215262579,,0.5039048798569116,0.7797846951909146,0.11148428039473658,0.5444734148394743,0.40703477996076726,0.8034847850471926,-0.20002634211848871,0.5855466280512509,0.7345523220966659,0.7253495662606109,0.7880435839192603,0.5658225883926927,0.02136744592490678,0.8391695745299897,0.4646029356383784,0.8274101235482358,0.837218747944222,0.482480937444901,0.683592863925895,0.4033178259812251,0.08932263136929411,0.27192433237377783,-0.20354854014793056,0.8847859609237191,0.6085359089820078,0.9103399654317711,0.47363909227471457,-0.6674751050829922,-0.40034738337836406,0.218231379935835,0.8320705287618563,0.5542407437801057,0.4400017573789258,0.7755779172991853,0.784339933739432,0.7406856705965196,0.590009210928279,0.917097406528966,0.9280652652211846,0.7624385259716406,0.9526400806180192,0.9118065867646289,0.9747566716295185,0.2141682210077319
ETHUSDT,0.912497035910318,1.0,0.40094610927661894,0.8662149675552882,0.8909450344364772,-0.010757198008676694,0.7567693971556986,0.7894781763934529,0.9937777799468763,0.812627284300827,0.9135874827962261,0.40342839332077235,0.617859017275177,0.9942131363380257,0.1717595171254707,0.8996121736839163,0.993897984132437,-0.2801007195466767,0.4828691498283165,0.2030846719554526,0.8452767315379732,0.43876765294303033,0.32227310208316756,0.744230794494729,0.9925293648027447,0.17052285899577252,0.9929411197436249,0.6136152492990988,0.9219805364405075,0.9314696886146568,0.6580960790553174,0.8139878531960545,0.8620964192020184,0.8307524666003113,-0.15264506111316214,0.2924159575444365,0.18147194007994644,0.13547169285612234,0.8545730044217459,0.8417903148209888,0.1718456685337894,0.7767398750306842,0.8456678207055313,0.016419666345112553,0.43819241555701943,0.6337060719311215,0.494150579061146,0.7124504483434334,0.2326367545329812,0.8779535044653746,0.5385660270219969,0.6277808850085412,,0.6996280922392224,0.8126092297090677,0.2188108351425703,0.3585520782997356,0.4590097932774526,0.9120731057745237,-0.21749621170675457,0.7455776794922343,0.8457743095588163,0.8412882069174087,0.8486085586197462,0.6489299144722227,0.014199268180429542,0.8775447704290342,0.6391529338931746,0.8405627372440544,0.8402284276089527,0.6288594377191843,0.8204501653777629,0.425831075802393,0.02134092819789355,0.4002408270312179,-0.03978391995816232,0.8229997717939916,0.7926922922974627,0.992837339934004,0.40591841270347934,-0.7700836345440548,-0.5671888916858426,0.3182285193793075,0.8573964064337398,0.5568166581758238,0.18705729371168123,0.8955106914427803,0.9027014575987361,0.7680745202976196,0.7526709186686764,0.9822287679198278,0.8234141839913819,0.5499867038169338,0.8458093059006518,0.9921774186362182,0.8680151598051592,0.40547720126803427
USDTUSDT,0.253719449172298,0.40094610927661894,1.0,0.3938044945885515,0.21737153182019112,0.017731317026043143,0.43664505629332806,-0.03467174569639557,0.4016967352326645,0.270193062888543,0.038470220553497685,0.5400246377226715,0.6676390954585296,0.4046571521407154,0.8555874648723333,0.28621134566395917,0.37715984793010093,-0.2865962417663306,0.9206734050323451,-0.494758153219221,0.05942603211669177,0.664712876470977,-0.3054207503705338,0.4355975625773181,0.40058250646774957,0.6898935791843642,0.4124709625091177,0.341850065273965,0.2549672300888421,0.20221071236581176,0.2912296067016641,-0.1077736156641361,0.05378949880991516,0.13889160990889599,0.39522748008405206,0.9327702486077794,0.7824247118143031,0.7053507903784811,0.5498085666595722,0.26331772914977797,0.705320514052679,-0.09431744404341566,0.23252971590420965,0.3265758720888213,-0.03190091626616726,-0.29508947429951404,-0.23107288754850286,0.13007052652449347,0.7964960068732305,0.32279129801185885,-0.10107819163873202,-0.28318228227832626,,0.6339006153633606,-0.028591535733404158,0.8703402792699885,-0.4711363058630673,0.3410989512411346,0.6714967925143893,-0.5980182876634809,0.42952184682287187,0.4354929798610999,0.21106805396089307,-0.0356901818702457,-0.19275064569864725,0.03838984758271103,0.07675416508934138,0.052628107226803125,-0.007223188332889997,0.6165397178643622,-0.11012930389707062,0.027684935157926607,0.1989014296561381,0.5825185633422465,0.9593079207533475,0.3051996201240334,0.19917216644515062,0.03327379112857402,0.4107677111304487,-0.30062449988428114,-0.4021917611063107,-0.43839545694552434,-0.42203936546706217,-0.021687270964740563,-0.34333555591633946,0.33453725148478053,0.21321800380598555,0.128555103311765,0.25489782344848916,0.4127278882544075,0.279565698842227,0.19538143370420466,0.08578869010123728,0.31061077625435346,0.419119328955789,0.31639000278384694,0.6088418172044734
XRPUSDT,0.8864093628138426,0.8662149675552882,0.3938044945885515,1.0,0.8573407517045857,-0.053332285076404154,0.7322412536518703,0.7383860389327109,0.8704948547456295,0.8209332663568738,0.7987888548983818,0.21780785703287062,0.46313108988906443,0.8776543607552231,0.09603250645580921,0.8809362488197616,0.8622830397187329,-0.15303290446285764,0.3257812988983804,0.3014226404610468,0.8156593172752948,0.35973554143084135,0.4267341562938659,0.9247378839691646,0.8590809411349493,0.14267784680007098,0.8707630972057046,0.7077238737622175,0.8952658534659595,0.7961610718704657,0.871162742725287,0.7474799709506511,0.7876311127604523,0.7621058177800135,0.19245713758758293,0.3026970573905819,0.11256105839753175,-0.020484768612489244,0.8548833294415652,0.6769869486809865,0.3743096377653843,0.5569088364175254,0.5456748310060037,0.261800779672485,0.1493244235935325,0.5755424235617933,0.5915930132795381,0.79473464596075,0.33319687949010435,0.8383365192870904,0.5697331262149485,0.40276951358568774,,0.4338104199544324,0.7658555770517205,0.23931660624773082,0.34854603017671804,0.41555854658241076,0.7780712296574528,-0.28267996106419463,0.7235333821433861,0.8323523852611587,0.7417764488769649,0.7203993596000952,0.5317872734694514,0.011360488451650034,0.759089931671827,0.30603230002687426,0.8234017469492855,0.8002586904865621,0.5662405342523409,0.7187397074533484,0.23807171194294888,-0.01948384112068562,0.4449525022657832,-0.0731882169085489,0.9215927592862068,0.6660012586953414,0.8701456916500061,0.10923943260397255,-0.5447658555724564,-0.5566243357769696,0.28570026194660053,0.830274183614359,0.5535882703526852,0.38968357146536964,0.8548424073058124,0.7543287474864867,0.8745010851796716,0.7227411129615917,0.8712271902385547,0.909100093900437,0.8024227899544883,0.7724640899863048,0.8694558202330898,0.8581869482799493,0.4540135866129048
BNBUSDT,0.7711175747204435,0.8909450344364772,0.21737153182019112,0.8573407517045857,1.0,0.3215709028245837,0.8409597079380948,0.7542737134986447,0.8941852274678093,0.9467973872923151,0.8986583352634581,-0.031054758080647095,0.5461996277152444,0.9091947871832169,0.036868907172380755,0.7419572793774595,0.8906135392696872,-0.4319990912597324,0.21497112951689798,0.3516081234969483,0.9260137315691334,0.5160243172548344,0.4350681865736423,0.77213526766315,0.8807201768697926,-0.18126154153989757,0.8877313595988979,0.6039051680049661,0.7935018175964175,0.9441685196913093,0.6658835175832415,0.8999954046965157,0.9024677623064917,0.9444880328794218,0.05966475573039543,0.12610435174747853,-0.12453177924435446,-0.190683995408711,0.8351325699447139,0.6766976317294421,0.1093266998173242,0.8341280498620991,0.6839551022602203,-0.024204187402089263,0.1117271495930488,0.6632329587354123,0.6629859638727001,0.7664390283911882,0.07251074155391711,0.8681617174828637,0.6749591611038644,0.5205990984719887,,0.49416491766146886,0.8742191292516679,0.019440467730784866,0.3534632826717497,0.4241011633548673,0.7156663667857361,-0.07686895368476883,0.8371779957779322,0.8905797083865725,0.8955506293630346,0.892287559901497,0.7928906275823223,-0.005670401635611339,0.8503147305120767,0.5717065212669634,0.9351831037634253,0.6500607968180618,0.8529878076521334,0.9500998452897265,0.25736822288592026,-0.33246242612350474,0.2458420080170941,-0.01377815184974409,0.8616594579200051,0.9470087754748517,0.893581822138382,0.17416480745667867,-0.5491525621884247,-0.6344712102140878,0.6216947826189683,0.9487338043024343,0.7529459668455856,0.003317360877275074,0.9975600681862814,0.9374971356893127,0.8640260018644911,0.8462368065340381,0.929558809944474,0.798497472755011,0.5903926522290349,0.5953439830195325,0.8876047476058936,0.6887738662268859,0.45347314442182907
USDCUSDT,-0.33158026991826745,-0.010757198008676694,0.017731317026043143,-0.053332285076404154,0.3215709028245837,1.0,0.33091973876925285,-0.12166765674458126,-0.009846246256715468,0.33330042817533145,-0.00283145651831812,-0.6279550378073018,0.24506264987830112,0.019460220828472152,0.25664235669898744,-0.36258246966475877,-0.023373905696870242,-0.6267827646065484,-0.011658246627082406,-0.14392590261086333,0.11704254184723564,0.5806910113038914,-0.11156591579425429,-0.07766204365303347,-0.02693994950472962,-0.49812892851734203,-0.018197380926562125,-0.0015201851889537347,-0.2969320883343571,0.1720170244684147,-0.24992468673322923,0.14423357338334192,0.09843932264405954,0.3360109630261918,0.3320700664887257,-0.004285976504280773,-0.2559211512081269,-0.21078682281827904,0.08143929193965098,-0.14688113275746992,-0.08787541700032309,0.2767520352930111,0.04089815686581456,-0.27023169507143385,-0.5411181016683458,-0.1319757943674299,0.11348807176794971,-0.06805934555757846,-0.12865929488388655,0.03430188515874483,0.2197879210421036,-0.2521755661291281,,0.048170998586092695,0.0967091620081749,-0.02635818281108729,-0.2726033893207448,-0.024160837992760847,-0.058545095136714256,0.061746356283234154,0.34327882517166364,0.2072953287187424,0.23282177430616055,0.1225655885567748,0.28495062802348564,-0.035956513142107245,0.04027788021230681,0.17316313397664362,0.11625337935787598,-0.21865613947862927,0.4779003264825706,0.35832082256776143,-0.2488338045871961,-0.5152838369494185,0.030093343199338648,0.2984848242763302,-0.07904410153604084,0.480581002904591,-0.0031699393277320525,-0.42539822913006353,0.16320756626893387,-0.3064927721680559,0.5226288106936529,0.1449313041832119,0.2809078146251044,-0.6381846102537172,0.3128034312444402,0.21711251598729556,0.1313189633109741,0.34930986735553987,0.02897020763701623,-0.2204791992247732,-0.2979474816828565,-0.5026785702517677,-0.012860972820989315,-0.40913656912050195,0.37088971027850925
SOLUSDT,0.5990168510603074,0.7567693971556986,0.43664505629332806,0.7322412536518703,0.8409597079380948,0.33091973876925285,1.0,0.4241621225621356,0.763438456600324,0.948157695359841,0.7088134966609981,0.01812351359256292,0.8566057908765806,0.7844575928213945,0.14576862461884538,0.5799544999485724,0.7556112059990103,-0.6915278596815257,0.3510193518204207,0.3853740929775776,0.8482784810787646,0.8009138879939571,0.41226300544487826,0.7862836003121776,0.7433886137037274,-0.05770274578060847,0.7555600548723165,0.30903796927560634,0.6193168439114886,0.8633875114028027,0.6487574761447019,0.6338576128745967,0.7619214505704692,0.8318531876357622,0.22465862281357732,0.46136698868593906,-0.05109602624091049,-0.10981649086523006,0.933766266150472,0.48213716622246716,0.3361775504524362,0.6800500399329481,0.43763185369448426,0.11824564273080695,0.03317303529146203,0.4355194091034922,0.43268599448481565,0.805033755337,0.26729217836420677,0.853327657906319,0.3088785361621517,0.3470885827866869,,0.6984479711557736,0.5840721486556577,0.06323883034446642,-0.02643120109143005,0.7948920997854658,0.632418871393283,0.033490845682462744,0.9946952443709016,0.9780947217237645,0.8980997693592261,0.7296093813054313,0.7536621143955092,-0.0008305787293046307,0.5466972297283372,0.6345191010668622,0.7933819254821259,0.65066747268349,0.7899361650433823,0.8108665075901295,0.5803944248067688,-0.2132914848635497,0.42387500854616683,0.06610848279040446,0.7868796528189097,0.7847696303600177,0.7618821295030571,-0.024282033439026515,-0.4756134030643997,-0.7781083463095149,0.5403118909800647,0.6866170989508686,0.4039823123917678,0.1547489124525568,0.8386727061784094,0.8240963821719336,0.6918082944387032,0.9948587425516684,0.7658550577271406,0.6823302943309512,0.4919774644408658,0.4379757422165331,0.7612881269348303,0.5474401988869589,0.4251585356529459
TRXUSDT,0.8506833378589501,0.7894781763934529,-0.03467174569639557,0.7383860389327109,0.7542737134986447,-0.12166765674458126,0.4241621225621356,1.0,0.805322423515935,0.5869908171758822,0.887892813398284,0.2319645226915461,0.12013362875365978,0.7850618716459795,-0.23158977506890888,0.8392494495552655,0.7952456421139683,0.19079967901184003,0.07436282627683825,0.3464810845615875,0.7128568245945025,-0.051169055026632854,0.5986399215121958,0.5732310511993846,0.7848979527548822,0.049858637169117266,0.7921031051791797,0.464443972113568,0.853968997162185,0.7500211911576203,0.542859851693865,0.8862368475606217,0.8640682664135264,0.7184046235087057,-0.14683928314529532,-0.24256510423244956,-0.17540803614192405,-0.05107675539355741,0.49045818257751733,0.8737242300790821,-0.08660750262786321,0.7438905506267348,0.7295558274721731,0.17606167624296037,0.5265484252758843,0.6228156012159656,0.7521857314210354,0.6106010896960091,0.09857336470348324,0.5806978776183329,0.5101576021842038,0.6738901356543325,,0.31414246395801143,0.7340022204848751,-0.014402066556169728,0.8026130756679019,0.0944602114876642,0.6625032591200729,-0.27690174646841664,0.41178841230546787,0.55199291300089,0.6517916922907302,0.766427063928886,0.6046912959152404,0.008080522480274563,0.9112509358867349,0.447329467053033,0.8032537119627836,0.6891506032255463,0.4792629415048031,0.6793724025935177,0.0959514347259874,-0.040772884133462965,0.014185969559685437,-0.2639872145450151,0.74049419271696,0.6677442363525788,0.7871691711738872,0.4918396158582005,-0.3996768755133608,-0.15515644080453236,0.37514666419842246,0.8632092536330107,0.8312833870497073,0.23604247893603858,0.7540544644195858,0.7620414574339711,0.5845993969921358,0.42169031553806124,0.8463584973963998,0.7953374573439835,0.6760779719504728,0.7796669159469821,0.7858846519928001,0.8178553314940662,0.07190665600963213
STETHUSDT,0.9145916927009139,0.9937777799468763,0.4016967352326645,0.8704948547456295,0.8941852274678093,-0.009846246256715468,0.763438456600324,0.805322423515935,1.0,0.8185156288336132,0.9160997776658266,0.399803962863596,0.6216382941547686,0.9954674416576508,0.1674049267331597,0.9017785819820847,0.9947316925296427,-0.2820286851305271,0.4801739854673861,0.21100399332100167,0.8501084741151129,0.44235889984363497,0.3317603454435219,0.7514996266543085,0.9930366779634353,0.1697935294870451,0.9938776967946984,0.6104755488388339,0.9241237657541909,0.9344629134145952,0.6647631305185301,0.8165952935733851,0.8667838067158159,0.8347184082384906,-0.14421862679224584,0.29373836493812117,0.17553770917027514,0.13100080173823328,0.8595930472499413,0.8423710719617203,0.17664211157796003,0.7782590420733371,0.8410813834894285,0.02515046966743601,0.4359142306050796,0.6337299221550543,0.5001025692000025,0.7204003687982649,0.2372794851792007,0.8810717599552064,0.535544484726154,0.6271075323785007,,0.7008392269848767,0.8120522207636008,0.2164140865702885,0.35943765759492546,0.4665972691970689,0.9115977480277783,-0.21696901506826996,0.7523277942434548,0.8520199890590539,0.8462321134216005,0.8507025984623522,0.6538968876051939,0.014309803285149586,0.8775152089421099,0.639971579254231,0.8454887240703852,0.8439456296739797,0.6325869934379674,0.8229066577260202,0.42968748741678076,0.01972644688871419,0.4013765735969809,-0.0418544018625236,0.8294359383129339,0.794483373052386,0.9937564640404022,0.40093725010228104,-0.7653017546953099,-0.5703032208772909,0.3228034166302798,0.859880299957858,0.559671116191982,0.19412963654719936,0.8985581128406188,0.9053100257495885,0.7703301613339192,0.7592447124398737,0.9839365266295377,0.8289789466401617,0.5581614260090049,0.8459918049847542,0.993170220622698,0.8704481688219871,0.40423462124304005
DOGEUSDT,0.6940425549462192,0.812627284300827,0.270193062888543,0.8209332663568738,0.9467973872923151,0.33330042817533145,0.948157695359841,0.5869908171758822,0.8185156288336132,1.0,0.8190660243431018,-0.09199203942639166,0.6841372895728655,0.8392695369422745,0.012393421537108694,0.6658652464328694,0.8137231906382805,-0.5888298869136098,0.19199940507754423,0.46647351930388087,0.9403762776713951,0.6496566314691596,0.4748775138733891,0.8295122225630754,0.7995652615716621,-0.20738542781460556,0.8093512404387547,0.47486531200280657,0.716677126085013,0.9187093130466623,0.7240212360695888,0.794094905436437,0.8503812334241676,0.9126253583806082,0.1667535587937609,0.26298453393329985,-0.16288750901990778,-0.26686309278326636,0.9107869354749919,0.5295434571109213,0.22346359487306405,0.761558115877707,0.5030950124640435,0.03794187540788919,0.007755714983413604,0.6135170507328537,0.5897893720825309,0.8485418765933267,0.10927751553698355,0.8992122387545123,0.540226101523548,0.44293600851266457,,0.5363091329277436,0.7723173312781628,-0.0431107566585649,0.17046877207692063,0.6459111631421288,0.620866621634381,0.06135702704287765,0.9481185567345268,0.9638918851895717,0.919085460416756,0.8416756192643868,0.820739239619611,-0.009749292800395947,0.6895331465556139,0.5796742849218409,0.9131578961091867,0.6136454832642241,0.8855176400462419,0.9181062453678224,0.42937569807855186,-0.36492151054837035,0.28463793806927407,0.004758707825184967,0.8785274920677419,0.890892221340178,0.8164452096292629,0.046829543131980816,-0.49096511678336946,-0.7418817131354601,0.6511146908278798,0.8552252584866703,0.6093763416062924,0.08561232731137544,0.9449225343504435,0.894546283244126,0.834854817875623,0.9530071141543023,0.8478211239960642,0.780201035937096,0.6020545204357627,0.5003492568804205,0.8120206842489496,0.6175416763797061,0.4311369948832305
ADAUSDT,0.8952132572021079,0.9135874827962261,0.038470220553497685,0.7987888548983818,0.8986583352634581,-0.00283145651831812,0.7088134966609981,0.887892813398284,0.9160997776658266,0.8190660243431018,1.0,0.1943123341658538,0.4446496134510917,0.9177096986564849,-0.20958748648748576,0.8705118726859443,0.9241599804641866,-0.1925201651380604,0.1317420966803388,0.49673686812861556,0.9258680652109441,0.24478161198509668,0.5979783835876754,0.6842668440224544,0.909082448421461,-0.07871291785402401,0.9108124485041499,0.44269946473821237,0.9050355099871349,0.9544653805180131,0.6337077096352766,0.9498007356081449,0.9691462306523572,0.8824367692152798,-0.22738290680640616,-0.059513062247283845,-0.1973881074267396,-0.15898899060788316,0.7374592279205273,0.8351348862936403,-0.05700207291307946,0.9061325300035991,0.7793028662970192,0.011241578059832447,0.49683757386763516,0.770983039397186,0.6997927131608815,0.7918736726957802,0.00831830453079228,0.825332273564616,0.5442600419535704,0.7877348798108557,,0.537239737329855,0.8504560555453318,-0.13354911595945876,0.6049479724264466,0.4398230576951253,0.7137282007572593,-0.013996034302688452,0.7001681424001929,0.7979916079495177,0.8788131985395634,0.945176635112688,0.8367655249899186,0.0018023843964278603,0.9186454128990543,0.7019154936348112,0.9549395690305278,0.7139665754189285,0.7466302929330957,0.8894078347794105,0.4264989772377626,-0.20138663594721737,0.0552933964416334,-0.19707770474637648,0.8608224804333084,0.856178790518386,0.9105859924051253,0.5151228279179969,-0.5915744457219001,-0.4437605633916882,0.5612066628848195,0.9485755505657685,0.7794634734406702,0.15328632367660935,0.9025891990136061,0.9513566347815379,0.7086342682731476,0.7124657338105579,0.9626020577822636,0.8575707893617638,0.6360656322047701,0.784769755594236,0.9080428259578038,0.8307276276769928,0.15046096311459922
FIGR_HELOCUSDT,0.45469822232038365,0.40342839332077235,0.5400246377226715,0.21780785703287062,-0.031054758080647095,-0.6279550378073018,0.01812351359256292,0.2319645226915461,0.399803962863596,-0.09199203942639166,0.1943123341658538,1.0,0.3087660240920194,0.3722879121766958,0.37252653900732735,0.49116009943137057,0.401826002286649,0.2638753897441565,0.7037589153849144,-0.3058557306165537,-0.018590601553812508,-0.005690944987964581,-0.12341678871449309,0.1309803048730674,0.41934358071112965,0.8269577569367058,0.41307984358643746,0.1093368281747818,0.4310479114100889,0.15194396795208623,0.12199793503195153,-0.025349342359168987,0.1044426438978094,-0.05119070417782545,-0.316077415355245,0.4505763746257209,0.6705261932407566,0.7598237706669319,0.2286485063910079,0.5371007722011449,0.24458778498294265,0.018751225348285622,0.47170430497817256,0.2237325489103302,0.7225470394569727,-0.041311989012275424,-0.20986878158716002,0.03880729974647894,0.5161858906054809,0.1673036492590846,-0.2431365289759059,0.2615169605176456,,0.5954524459387278,-0.029295992706120468,0.5450057124315303,0.06709361544453009,0.17273037400387897,0.6193199603018851,-0.4528449354631259,0.0007349403375004396,0.10892054616642087,0.07006719559636604,0.04109247119254445,-0.18685956311818172,0.052679913166691156,0.22406115461640552,0.24273452449922434,-0.037184848185861215,0.6217569294397413,-0.36524930794946125,-0.12589055729945825,0.3912413223006142,0.7930803552761603,0.484731424510665,-0.04021611716911511,0.09339408279086897,-0.16815021666089877,0.40017661267022664,0.4509051565511121,-0.5250037525017769,0.02786822059305189,-0.579338746786394,-0.03507819368794942,-0.2801343808125813,0.47677076505675137,-0.02246705717656676,0.09955575845202633,-0.06428018340726621,-0.005263570352886973,0.300376986925552,0.22373300031496934,0.0646723035348633,0.6576882368779344,0.41253637940901317,0.5378091286010761,0.017362667176488655
WBTUSDT,0.3898279831904276,0.617859017275177,0.6676390954585296,0.46313108988906443,0.5461996277152444,0.24506264987830112,0.8566057908765806,0.12013362875365978,0.6216382941547686,0.6841372895728655,0.4446496134510917,0.3087660240920194,1.0,0.6361879225409905,0.44280137987107204,0.3859292733261067,0.6136177659321161,-0.7544949120930229,0.6549765267630303,0.06296513508884415,0.5486181202471094,0.8996224553728529,0.07804496768734986,0.5198440704420287,0.6127692951221871,0.22433629463374166,0.6177353866271643,0.1052212412054175,0.4027812677171873,0.6617604221747915,0.35964347739882574,0.2828326022355113,0.47436284371362636,0.559433052952361,0.09471356831829023,0.7313171909856995,0.2819644977796778,0.2593979486976802,0.8127258669483722,0.37848730637479283,0.3965702181014106,0.47237620722634016,0.4192745228400656,0.04943027141748849,0.15076017537058975,0.14014252406817182,0.017210208059458002,0.5214092641617896,0.40602938359902907,0.6720303071636616,-0.01316706148760925,0.20718433495181526,,0.8992817360579243,0.2679746130716932,0.2876343839002708,-0.35000361101409644,0.8271376669248882,0.6387440262323705,-0.025309849701844838,0.8556739796818802,0.8061161169673586,0.7013153860038901,0.4657801299224101,0.48629310886466426,0.011433408911060506,0.2933039404195889,0.6688747262779935,0.44891332429844044,0.6065984003158552,0.49567547165306025,0.5321059176630663,0.7222872060715745,0.10005717947079136,0.6022407851900319,0.1951261988582119,0.462360401350236,0.5179525979308423,0.6222736488940293,-3.1132480374447935e-05,-0.5531040985644676,-0.7193911257465796,0.20931024080716912,0.3236484047708291,-0.023217808604700456,0.12495409123772859,0.5483407874773217,0.6063033688955356,0.37686937333555404,0.8520817810658797,0.5620666279627546,0.3785895033268718,0.1191366505656919,0.34051105012342986,0.6265633041537921,0.37601031173752675,0.4096317315811121
WSTETHUSDT,0.9080450889495596,0.9942131363380257,0.4046571521407154,0.8776543607552231,0.9091947871832169,0.019460220828472152,0.7844575928213945,0.7850618716459795,0.9954674416576508,0.8392695369422745,0.9177096986564849,0.3722879121766958,0.6361879225409905,1.0,0.16983669290545192,0.894183031584972,0.9948073938683453,-0.30790464998658995,0.4741199425159382,0.21991096090649734,0.8626117127980891,0.466445168169082,0.33738636471040906,0.7640259880061643,0.9926346216286901,0.1498219561622687,0.9941382287582686,0.61317252140895,0.91876025664308,0.9432032462318701,0.6728944511856865,0.8227398322951406,0.8733508830039414,0.8496894093221649,-0.12133590994002645,0.30000921602398734,0.16202181956642644,0.11298523501961809,0.8729399440605264,0.8318380518923354,0.18450609461137302,0.7846059148053091,0.8313457369235334,0.025044867226021186,0.4082001906157515,0.6342097174740556,0.5090476363925265,0.7319968593440397,0.2359681220612841,0.8910700997230994,0.5440683906276578,0.6161662096059515,,0.6997693238719309,0.8181483217534524,0.21095336596870762,0.346457578320205,0.4788775570531529,0.9069860793191522,-0.20866909705226194,0.7739351827007758,0.8688041869047486,0.859463306723975,0.8573691788874801,0.6680421665716975,0.013297605548119488,0.8757289552555008,0.6412071950200547,0.8565335578211303,0.8393164863043796,0.6549157181646119,0.8381333114357531,0.42817543530840196,-0.0029434119771752087,0.405320099350445,-0.03369364076366749,0.8389799770601447,0.8110808960041304,0.9945658479950523,0.3770565611281131,-0.7571697435136293,-0.5895476419383708,0.34491561580899815,0.8682474579561863,0.5681805671583461,0.18441712256299705,0.9131129427965484,0.914188424790307,0.7844626676879403,0.7807504494376064,0.9863032687358946,0.8319125627141222,0.5628316215274821,0.8305340027524792,0.9936844218331653,0.8612916652851621,0.4188288310688006
BCHUSDT,-0.07531411086250395,0.1717595171254707,0.8555874648723333,0.09603250645580921,0.036868907172380755,0.25664235669898744,0.14576862461884538,-0.23158977506890888,0.1674049267331597,0.012393421537108694,-0.20958748648748576,0.37252653900732735,0.44280137987107204,0.16983669290545192,1.0,-0.051993579807938735,0.14418241904385107,-0.3012477454948904,0.8640190991416871,-0.8078418105324343,-0.223081309890987,0.5805297583161252,-0.6713045692283502,0.03997039047612927,0.17649405565153903,0.5184878232896146,0.1778280361789129,0.33464896191052956,-0.06785965752770572,-0.03222328145017935,-0.11113890513844958,-0.2842870011159226,-0.2233717702321626,-0.05020334436582566,0.25757722348377565,0.7775496744286684,0.8265149382237353,0.731918738265738,0.22348996861548687,0.04765207257779449,0.471563174344768,-0.21213622484911648,0.2202389938501209,-0.01717631593124655,-0.20084264237593227,-0.4409086367323259,-0.4428320637521825,-0.2789620218800048,0.54939907888127,0.0491568515928447,-0.02385068462170516,-0.44664756812484463,,0.4255660879347562,-0.12620536070837368,0.8739590115440513,-0.5938443044633219,-0.03801962655876121,0.47630507878567074,-0.5640116926260831,0.14162072809178103,0.1126380728567846,-0.05324496472674201,-0.226910735857522,-0.394786097596709,0.024190287363824056,-0.06241310500813319,-0.07477968819534524,-0.2818974341362009,0.2634889874312248,-0.21693765997147904,-0.10770034482751915,-0.12083119868044007,0.4643962175049727,0.8175664015983274,0.4436351753463843,-0.17796518822013166,-0.040002793320183534,0.18066021743728833,-0.3381286008387983,-0.3291736269926352,-0.2833174857807941,-0.4681134274590471,-0.20580894758403065,-0.4195155958587391,-0.10392548917852465,0.03485354271734359,-0.07104127862516886,0.07925241241536443,0.13120789833844054,0.04326533366985845,-0.18879456040590245,-0.33491469330786183,0.001454319504395587,0.18366458191576873,-0.03809760615302507,0.6582298890826591
WBTCUSDT,0.9916530734288042,0.8996121736839163,0.28621134566395917,0.8809362488197616,0.7419572793774595,-0.36258246966475877,0.5799544999485724,0.8392494495552655,0.9017785819820847,0.6658652464328694,0.8705118726859443,0.49116009943137057,0.3859292733261067,0.894183031584972,-0.051993579807938735,1.0,0.8988807932385664,0.05540715271631679,0.3222029926933409,0.3466945212803092,0.7781568098971393,0.12091161070127254,0.4770614421235894,0.7971453885442372,0.90077073545775,0.2803140180673306,0.9039191296581942,0.5875512807183807,0.9882729497307622,0.7929194367799215,0.7917244487137295,0.7599909909465531,0.8098585774282683,0.6767130946031699,-0.13971732992983,0.17497858875647299,0.13575029275603287,0.08572006242346832,0.7530365898778266,0.828063030321984,0.20870442039501247,0.60967159099055,0.6859417985957793,0.2279124200851715,0.5332585894785662,0.6598965453051167,0.5524474909632798,0.7562787028428383,0.269472289321271,0.7924449270244421,0.4557771127365864,0.6507385899872581,,0.5098241434997405,0.7413144518526856,0.15342543586479526,0.536358829733465,0.39982841607148767,0.8119406960014958,-0.24352705998327084,0.5658693071679359,0.7178353385781113,0.6998643604728378,0.7520888256486815,0.5249502064291366,0.024845917461557294,0.8198672830539667,0.4393906320146107,0.7962912030232312,0.8563143475989918,0.432579129180496,0.6420593606874145,0.3963905697034622,0.14458293646937762,0.30390872495964705,-0.20357518746762168,0.8701397901114314,0.5665140365098216,0.897813128439694,0.45924347241939384,-0.6523946494988909,-0.37894738250071347,0.1684088643896233,0.7997187908615785,0.5228045365413085,0.4809976004343935,0.745871874926337,0.7537216204398015,0.7148265844746688,0.568897172644708,0.8991581295638874,0.9208224612498049,0.7664368227187738,0.9592561379101825,0.9002625582796726,0.9795310297959352,0.21025658322269491
WBETHUSDT,0.9188223726317328,0.993897984132437,0.37715984793010093,0.8622830397187329,0.8906135392696872,-0.023373905696870242,0.7556112059990103,0.7952456421139683,0.9947316925296427,0.8137231906382805,0.9241599804641866,0.401826002286649,0.6136177659321161,0.9948073938683453,0.14418241904385107,0.8988807932385664,1.0,-0.27934725721192605,0.4630654509404311,0.2276297967697409,0.8560537938227415,0.42521412304318373,0.3359471415875818,0.7407935160322797,0.9937897633991873,0.15597871142904182,0.9934452632231,0.6038375822428941,0.9279639142862527,0.9383467633927439,0.6600005049571435,0.8230042187579336,0.8699218348792096,0.833640148861897,-0.17676180786638798,0.27464665527123727,0.16308659178781945,0.11670742487819402,0.8529164615349729,0.8425592744935244,0.15355623514250233,0.7886195610357926,0.8478850275967309,0.004523366160568517,0.4538949871342209,0.6545399147526972,0.49957783902075814,0.7218354394304353,0.20971672301442282,0.8837505751046161,0.540200940341955,0.6515115652750888,,0.6973734119611136,0.8210111397929765,0.1898225857176769,0.3716308333736461,0.46842818727205887,0.9025983269377817,-0.19126298452968343,0.7444712237563301,0.8455760360415235,0.8472594031009835,0.8614135145310032,0.6649447488333441,0.013761725373525116,0.8813399403139492,0.6531198844905892,0.850688959368447,0.8336532086361601,0.6390519211359689,0.8278701674492778,0.44380699181260613,0.008045178187220545,0.3755253913668407,-0.05160957622916623,0.8281285777439081,0.7969293681127221,0.9933012794763492,0.4283752347534833,-0.7750560062038628,-0.5642675314197814,0.3315186335036097,0.8643444246301728,0.5633391689337028,0.18585950742520932,0.8956928611433944,0.9102231381801833,0.7662609819354966,0.7521354700929193,0.9855848229479188,0.8289464686940722,0.5528549304971321,0.8518947232340143,0.992549563390305,0.8723389710357886,0.38537041417592033
USDSUSDT,0.02175133553037571,-0.2801007195466767,-0.2865962417663306,-0.15303290446285764,-0.4319990912597324,-0.6267827646065484,-0.6915278596815257,0.19079967901184003,-0.2820286851305271,-0.5888298869136098,-0.1925201651380604,0.2638753897441565,-0.7544949120930229,-0.30790464998658995,-0.3012477454948904,0.05540715271631679,-0.27934725721192605,1.0,-0.23452815195980567,-0.10299679023044263,-0.4339585232827769,-0.8598212162496597,0.15397416041722073,-0.22693262859928698,-0.2748927739250197,0.3614503132974381,-0.268103954467316,-0.08149292892607024,-0.0055751745025847226,-0.4580752474832261,-0.10597313959133622,-0.15439637087203417,-0.2124117831234103,-0.44620445098437483,-0.032797235992358724,-0.4673279132580286,-0.004292464888198956,0.1873848958547517,-0.5533342249255546,0.11694686944853425,-0.11631424919528863,-0.3741321338951621,-0.1501410546028439,0.41925063444882504,0.3250506980373953,-0.19249215256911745,0.10288292831177956,-0.2921625720474358,0.1374011373602486,-0.5093436345103436,-0.20596495630223888,-0.043258948841267936,,-0.4762399159255212,-0.28251123101883396,0.08250302707781781,0.5534509958564232,-0.6140200390341394,-0.16670722606483046,-0.41555240949445543,-0.7023209189431567,-0.5747584598345303,-0.5126525924042554,-0.3641453498538964,-0.4805950976842763,0.02566969203275024,-0.04513191046886609,-0.4983853019947691,-0.31070923169805403,-0.015271224869532826,-0.6674982002020291,-0.5365247139672942,-0.47256007636097275,0.4419685646856591,-0.23204648539241374,-0.3079571044401411,-0.20496577891996126,-0.5495964006477094,-0.28337489574873925,0.18398798136611247,0.37017900410039795,0.7233944415672557,-0.4792531163973737,-0.22002951528103928,0.03203126853955894,0.40912327543064964,-0.43602382698610337,-0.4390400584636687,-0.3548911578827371,-0.7074654552200111,-0.2604799297714724,-0.0386031552220266,0.2002325308087759,0.1565871120905471,-0.27706586363988633,0.10817921051536677,-0.42946026912042196
BSC-USDUSDT,0.2932503634607678,0.4828691498283165,0.9206734050323451,0.3257812988983804,0.21497112951689798,-0.011658246627082406,0.3510193518204207,0.07436282627683825,0.4801739854673861,0.19199940507754423,0.1317420966803388,0.7037589153849144,0.6549765267630303,0.4741199425159382,0.8640190991416871,0.3222029926933409,0.4630654509404311,-0.23452815195980567,1.0,-0.5775202392558695,0.03897110789299444,0.5871097931944829,-0.3650098847462415,0.25506742443586006,0.4886211720203,0.7315532828146478,0.4918845823960834,0.29122232519265856,0.2924020648590712,0.2653426386849992,0.10121513512189678,-0.03485350816718448,0.10791106760705463,0.15755847526373,0.09716112669675309,0.8141215610500209,0.818510533543111,0.8388188354753011,0.46317210033886874,0.4355542488224686,0.4926662466318043,0.06149172948343295,0.4880740175420899,0.16043987083940162,0.24505580770630958,-0.2457304065497284,-0.2610591183801339,0.019136360115762825,0.7038955412916995,0.2884860093536838,-0.10132250757320943,-0.08831839713133935,,0.758521600721948,0.011684012494184623,0.8555761082994691,-0.341643296055176,0.24487521271383506,0.7658509468889573,-0.612915631236501,0.3401408800681726,0.362407052269725,0.22829984700007508,0.04426092948733851,-0.14847382645773644,0.04148088633889739,0.208023628984992,0.2519105098640468,-0.012283611612346854,0.6415870010191046,-0.12888931975096976,0.06527425903135468,0.23950179934874688,0.6464700748892249,0.8665089931505451,0.2843075886632449,0.1007734342229007,0.09500891597017616,0.4888012164341101,-0.01770753593617013,-0.5389655837257354,-0.3369851691774454,-0.4348179747718145,0.009642618966765958,-0.28152536129819655,0.19196355646531266,0.21594691810721686,0.21025698133083284,0.14584120020070715,0.33036954659858775,0.3568271588461541,0.1317415096719309,-0.0839422566844867,0.40038027144707017,0.49709370755008514,0.3486085143958378,0.5205809250351824
ZECUSDT,0.37465075945618,0.2030846719554526,-0.494758153219221,0.3014226404610468,0.3516081234969483,-0.14392590261086333,0.3853740929775776,0.3464810845615875,0.21100399332100167,0.46647351930388087,0.49673686812861556,-0.3058557306165537,0.06296513508884415,0.21991096090649734,-0.8078418105324343,0.3466945212803092,0.2276297967697409,-0.10299679023044263,-0.5775202392558695,1.0,0.625668018644186,-0.10282072351054303,0.778778840685356,0.4217189043005376,0.1933460225795499,-0.46830944042412187,0.19728562790154763,-0.11599707954931132,0.37595188877942903,0.42925805156853775,0.5105687396278283,0.5048967393188452,0.5275973521161778,0.4148590938469746,-0.08836518083166146,-0.3670869072867849,-0.7108413057717727,-0.7318472474555187,0.3169753165762964,0.11745010707495977,-0.16446106295311805,0.44259916751439166,-0.06707095483745233,0.09387620831552895,0.13925269477823368,0.6243844850681708,0.5514886174111809,0.6930378000180851,-0.3419480766127522,0.4221607974913538,0.16255902636400185,0.5339939398924309,,-0.047607844269442805,0.3906300263810915,-0.7448255172994035,0.4274173820144079,0.5108274084950323,-0.1348422787372472,0.5739041123010614,0.39003333911675736,0.4079914258070052,0.47411811702468537,0.5321549585652188,0.6868969026827119,-0.01949038832941153,0.2541534113364777,0.3221710567402565,0.62800462153139,0.08356236458294387,0.567409706362375,0.4625198231343042,0.46255260182804775,-0.5073151344939245,-0.47169568031343756,-0.3556520523410887,0.5829891710986206,0.3632494927555398,0.19789874719974912,0.24075741935380016,0.030710796557241824,-0.18888196315933814,0.6354144845185995,0.48515841499088574,0.4710491055578627,0.249463462045745,0.3530445129956288,0.42897148911016814,0.311933247973012,0.39686351398994835,0.31088989880011975,0.5339998848568532,0.5881007441530971,0.22833660216807086,0.19554090662107282,0.3203596530618895,-0.3538635903409018
