,BTCUSDT,ETHUSDT,USDTUSDT,XRPUSDT,BNBUSDT,USDCUSDT,SOLUSDT,TRXUSDT,STETHUSDT,DOGEUSDT,ADAUSDT,FIGR_HELOCUSDT,WBTUSDT,BCHUSDT,WSTETHUSDT,WBTCUSDT,WBETHUSDT,USDSUSDT,BSC-USDUSDT,LEOUSDT,LINKUSDT,HYPEUSDT,ZECUSDT,USDEUSDT,XLMUSDT,WETHUSDT,WEETHUSDT,XMRUSDT,CBBTCUSDT,LTCUSDT,AVAXUSDT,HBARUSDT,SUIUSDT,SHIBUSDT,DAIUSDT,SUSDEUSDT,WLFIUSDT,USDT0USDT,SUSDSUSDT,TONUSDT,DOTUSDT,UNIUSDT,CROUSDT,PYUSDUSDT,MUSDT,MNTUSDT,USD1USDT,CCUSDT,TAOUSDT,C1USDUSDT,BGBUSDT,AAVEUSDT,ASTERUSDT,BUIDLUSDT,NEARUSDT,ICPUSDT,USDFUSDT,OKBUSDT,XAUTUSDT,ETCUSDT,PIUSDT,JLPUSDT,JITOSOLUSDT,PEPEUSDT,ENAUSDT,APTUSDT,HTXUSDT,PUMPUSDT,KCSUSDT,ONDOUSDT,HASHUSDT,WLDUSDT,POLUSDT,PAXGUSDT,USDTBUSDT,BFUSDUSDT,SYRUPUSDCUSDT,TRUMPUSDT,ATOMUSDT,ALGOUSDT,USYCUSDT,RETHUSDT,RLUSDUSDT,USDGUSDT,GTUSDT,FILUSDT,WBNBUSDT,BNSOLUSDT,ARBUSDT,QNTUSDT,VETUSDT,KASUSDT,FBTCUSDT,RSETHUSDT,LBTCUSDT,KHYPEUSDT,SKYUSDT
BTCUSDT,1.0,0.9384583611668464,0.34142081311955386,0.8811136598348861,0.7945239473630938,-0.09284656178979983,0.6267747218430273,0.8378127127323322,0.9335772387181,0.7124139683724788,0.9057553273848161,0.4089040474621047,0.4140305706811459,0.04052157029622822,0.9256538669159647,0.976756702337401,0.9384214582767614,-0.26090127773731975,0.4260679590761237,0.15823063669718423,0.8111719694827116,0.2767547975145167,0.3184427743599136,0.21983392044964045,0.8123875294423019,0.9438225227674816,0.9370918211640329,0.5668782891880069,0.9796024776509762,0.8377808125857045,0.829067861314551,0.8186755366849313,0.8196292415302455,0.7782947447017181,-0.3947879772309644,0.17446555207078127,0.24419975810479563,0.11358100962737243,0.06319060503776323,0.9774053612900024,0.8279010526674144,0.5825318279444873,0.7631654855097456,-0.16046654318102105,0.6105147158671811,0.7633010643804486,0.14692329890781253,0.4882019471542324,0.7249955200003783,0.11385351508741567,0.5689101481693336,0.8430757185577505,0.4880793412544362,,0.7663509791119948,0.12077998635610501,0.08988677452303012,0.774838163198465,0.48914867688983676,0.8424451767555777,-0.2080146570001511,0.7353636072693991,0.6148287383854774,0.8616892033946739,0.7664479361169034,0.630172645850095,0.9093507282495386,0.7139467536127174,0.7691286051230639,0.8209304070074277,0.47146921109824674,0.585275507009846,0.7809386043398918,0.506935456138178,-0.004646537250179194,0.31209214661386575,-0.510004437171141,0.7427287858460968,0.3748079000028161,0.8767191521833776,-0.7096353324301383,0.9368089091717077,-0.015015113531511068,-0.23107045637202064,0.8179440579773064,0.4115427206282637,0.802308266090392,0.6202056067735963,0.8618038609766729,0.7120795283897513,0.9318552380903797,0.88324112274983,0.9266136183024063,0.9361992503933811,0.9496368892902644,0.3007542515433517,0.5705176296933622
ETHUSDT,0.9384583611668464,1.0,0.4868177442732411,0.9404700616630972,0.8777644227059717,0.12737479962811182,0.7738581615369032,0.7930512502767393,0.989164093801993,0.840117654389696,0.9066968972785888,0.35865993309528277,0.6158406396825745,0.22239872990131004,0.9881984195978294,0.9351289405639405,0.9890272253377274,-0.31592562117295186,0.4580615606542361,0.42087877205295066,0.8649563186889944,0.2572274481078545,0.2257105230548832,0.19206250889408671,0.9211869219450463,0.9910338794389034,0.9895885517705308,0.610926970622261,0.9444272247353973,0.9048514496232691,0.8001379568953209,0.9131772218660674,0.8596726580033205,0.8528469480585442,-0.1859267491245998,0.29636968952248716,0.2663754907537142,0.17370803768070217,0.2609950632939389,0.960499686090373,0.8414200880036977,0.612672566495739,0.900749607390051,-0.09666288692042294,0.5323205510241852,0.6577938359347059,0.25353394102589905,0.4953643597921498,0.8043591658123218,-0.01539114490577565,0.5862689187363993,0.93351084031575,0.5512463038275309,,0.6860366360061149,0.11044819834745805,0.15800442270111267,0.7606942680153275,0.5402442057347032,0.8939448588107047,-0.27857330821519655,0.8531842010566846,0.7589157812232666,0.8793613454503381,0.8366103891731373,0.6919731126297898,0.9048103722298306,0.7091655001235985,0.8356420247440092,0.8486801958687012,0.3941999825721656,0.6849234417632597,0.8469961506993684,0.4726373075895855,0.052895934094875655,0.46482848634065027,-0.32948818263520796,0.8385928340524361,0.4388192652115719,0.9121274469476509,-0.7306452209111074,0.9903393435987519,0.060346287057710904,-0.4787585664084235,0.8167987370647722,0.44590149359654924,0.8833083455332519,0.7680169437159247,0.9168497389227043,0.7782448733590972,0.9644246108340143,0.9071581939299276,0.8392432671560972,0.9904551928228742,0.9079546092800715,0.28559634866464717,0.6818560623029607
USDTUSDT,0.34142081311955386,0.4868177442732411,1.0,0.45151418409342453,0.2784463212701377,0.18941538111334413,0.5184513294986982,0.045792159445009084,0.48603073181850864,0.376198430793827,0.23980629688627647,0.4680713994790703,0.6533965723752614,0.8481022876217791,0.49077662360098906,0.37920037016544383,0.46341530392378627,-0.3488094593349468,0.7890998758512214,0.6156381321335339,0.19066080688781306,-0.36717372871715637,-0.3692353937922652,0.6966766291801181,0.5511941532891004,0.4833155211940239,0.4954911410734686,0.31284688457803095,0.3480427086066896,0.4018502909805747,0.21413921809282405,0.3587088482624606,0.22985050842429333,0.29605645144299636,0.35171830343400984,0.8377591107691316,0.7744834242513243,0.7094512643138451,0.9192480938382611,0.4221317130706217,0.1291668744830991,0.1722716389990777,0.6321036994233814,0.321541488722781,0.2040515745616831,-0.10381538871329893,0.7968470648396807,-0.2898706535838179,0.17799698859159296,0.317510328463642,0.06252680697545714,0.4093640745472395,0.4859153396521229,,-0.14738299672794056,-0.39743044028852303,0.7202142130655849,-0.0442678091087577,0.4949384781987353,0.7486033833918159,-0.6251681144323854,0.5157213431884305,0.5097977972629594,0.1068246237468024,0.31621437412700154,-0.05071609154816805,0.18645929687514656,0.38941421601998777,0.6401822955229768,0.19990149901046686,-0.14772447740940442,0.06503537238429742,0.2571438316968739,0.375752821620088,0.4369726651857059,0.9822032644978616,0.09755856066114263,0.19278381075735485,-0.19261164402142403,0.3105539379451936,-0.358212427660943,0.4988960000110365,0.1353778258775824,-0.3089484646712027,0.014186714729024913,-0.29259023288412533,0.2752367860961402,0.49767227437937006,0.27833400002906433,0.3170974849208228,0.4306551855825631,0.29648547600104047,0.35811359506148643,0.5049978069924884,0.3898536998109985,-0.360285295980673,0.11212715358455827
XRPUSDT,0.8811136598348861,0.9404700616630972,0.45151418409342453,1.0,0.9336721958618525,0.2627689681780816,0.7540185602107409,0.7972044652179985,0.936748871445952,0.8404881534868278,0.8459571175178502,0.22190277137863584,0.5385975015519773,0.2322722107450353,0.9393781615252499,0.8711970371440845,0.9303177859842104,-0.3590347284205592,0.4907684291844802,0.4438803765078544,0.8179096025781094,0.2613117926773964,0.19458417416298882,0.15017191173568625,0.9251463940772722,0.9391023913998229,0.9407383329619827,0.6620813481584432,0.8911029974629384,0.8236769248944361,0.7915402335129067,0.8388519337262469,0.8164961138259096,0.8685981203799199,-0.04984099460711834,0.28452557903642184,0.21298156313117622,0.10896129994353182,0.23225476229572922,0.9203300845198416,0.8202396742215821,0.576840134470609,0.8332866221073499,-0.035655738592411314,0.3214932713186415,0.6149716764996971,0.2866570723724833,0.5866775965741811,0.7319598833015161,-0.1341432338086939,0.5917003697043369,0.8565117942618504,0.543724723257121,,0.53166392271403,0.05874914241116857,0.2626624029894805,0.8037264016634785,0.4228714243287543,0.8320980387538651,-0.3174847089294661,0.8317438435956378,0.7442794245405704,0.8383401021229897,0.829349706598424,0.6423656782450501,0.910015749525648,0.6121576758285443,0.7798660135457047,0.810466847881881,0.20338539232023517,0.6679255072982536,0.8156981260137337,0.34776469662416737,-0.09388187372296689,0.47172936884955996,-0.22304685444636113,0.8533459817287469,0.4406262068790561,0.8878536489106811,-0.6312934135712083,0.9428239943148475,-0.09797317078836518,-0.4118868649286246,0.8766629668499055,0.49408942676906387,0.9346547353689475,0.7473288444956946,0.8874438017688067,0.7990730565320991,0.9158321570053928,0.8415076337979498,0.7708954764632282,0.9408838613576342,0.8399264726052381,0.2898838838280439,0.6757889212930474
BNBUSDT,0.7945239473630938,0.8777644227059717,0.2784463212701377,0.9336721958618525,1.0,0.4633992245022134,0.8407363902914223,0.7488391674938857,0.875044219549351,0.9411692255654727,0.8593835681201699,-0.05249374606939783,0.5560859394734516,0.04677489223072588,0.8861929253833914,0.7682144026029807,0.8706891335012273,-0.4861066800211257,0.3330172534279774,0.5124462045012375,0.9111013716243582,0.39468978214525935,0.3968020027958277,-0.13576172301808584,0.921886045601981,0.8714514753821331,0.8737801620842456,0.5450078690348121,0.8123717865834703,0.8511478924411225,0.8353759225547782,0.8205324099308348,0.855728289390136,0.9495636739942273,-0.02275236493362563,0.17878431815221674,-0.03273067351910157,-0.1723403804811811,0.08377039211731895,0.8178249990627798,0.9100257340145258,0.47741010646946797,0.837323667664427,-0.16132685153656273,0.1845399433086575,0.6943461729121817,0.09964873751525218,0.6952716746366429,0.8245483735309368,-0.4188267737785265,0.6122375619915053,0.8852659066725407,0.5012689358547059,,0.5504289710736399,0.03250337610198316,0.034075253356643825,0.8565757294089043,0.4879054421368823,0.6923580537263583,-0.0794889868053995,0.8877688782408668,0.8364715811382457,0.9149097194324921,0.9145502865065214,0.8151667359787759,0.8746147122635006,0.656011783482898,0.6362597242055771,0.8853477282321948,0.13053460261797017,0.8514349192787435,0.9073059234636733,0.3801568579467146,-0.32771493664092766,0.2916419981013774,-0.22786577111722847,0.9634759517111391,0.6814330712057214,0.922758871928899,-0.5253557549291121,0.8800580677291792,-0.23580733187969724,-0.47555836807433033,0.9445595893837557,0.5797420213119402,0.9975830864666965,0.8414785304579449,0.9451910479479697,0.8207623725941492,0.8864694764821093,0.8163876867270956,0.6227704110461549,0.874925708170815,0.7171950194780291,0.43141266699873454,0.8263759075538533
USDCUSDT,-0.09284656178979983,0.12737479962811182,0.18941538111334413,0.2627689681780816,0.4633992245022134,1.0,0.5431671536532267,-0.004238732665925103,0.13418652375068396,0.5731711723128566,0.16869125361171278,-0.6993546865064194,0.32285134550297445,0.1864934429059153,0.1692863950480429,-0.11113675711636868,0.11503353731808147,-0.42736407239493845,-0.04076070168119336,0.6207524028080106,0.35115896441122024,0.13341084708279166,0.11800392860408632,-0.4660177008756179,0.4190774858668055,0.10269664471851189,0.12505698501167503,0.12846247269416622,-0.05563213521684722,0.3223058931097182,0.28695867669016795,0.2583002083250879,0.2868020327803205,0.4703118111260472,0.7126852787655402,0.11824905872469658,-0.23791094742374283,-0.3240267190515697,0.31013882518724223,-0.056584573979950835,0.28131979949460467,-0.11812417545534849,0.38033142740740244,0.0356753774696105,-0.4460843443004659,0.005896612904321574,0.07587903938307569,0.34029879997863227,0.3216976096708659,-0.8145519559651343,0.30922418698738613,0.27752657149812743,-0.04066292023964048,,-0.2485266254815549,-0.16937827827349905,-0.05759174386671378,0.15508179503940375,0.2538841962734042,0.10588012035418023,-0.03972201895827524,0.4543930145542663,0.5491507279476151,0.23359653574537823,0.3724929752850128,0.3962741593797941,0.10691962101820238,0.1676022368461805,0.009014693521189183,0.35097151915404823,-0.44571525412048135,0.5889497837160219,0.4578274670416446,-0.02042785836607861,-0.33094794457941357,0.2051071036402589,0.17190008336493315,0.5269200630279787,0.6214111441312942,0.30651340469088073,0.24342432105775158,0.1397437488812448,-0.23752275565511194,-0.4486111969560387,0.26479131827232133,0.30289477603505166,0.44783997440774126,0.5516178833169986,0.31542580774209744,0.39885048908161375,0.198281796740001,0.1495003065089421,-0.3337947340708586,0.13229633177613823,-0.16354896776227573,0.1533565663844509,0.5419945435985912
SOLUSDT,0.6267747218430273,0.7738581615369032,0.5184513294986982,0.7540185602107409,0.8407363902914223,0.5431671536532267,1.0,0.4067231467201158,0.7724118142734114,0.9461965664999464,0.7363985520428687,-0.03939691075161485,0.8176578977471878,0.20785250198858757,0.7907312181600242,0.610136884342172,0.7643737520354253,-0.7291233951208702,0.4746899268456692,0.7547209083146368,0.8486770419029547,0.22084799148177614,0.40010635744202,-0.03531288332573523,0.8815500107797121,0.7641439849755575,0.7689886920087049,0.2762080155485179,0.6485659626462618,0.8475159712721749,0.7240781665581092,0.7041425855098594,0.7408716957992494,0.8729193501753373,0.06210679156092416,0.49325979259569674,0.12044527423046068,-0.07949305776203101,0.34534981542492027,0.6519983984213189,0.8069421884965181,0.2532710101156796,0.9388733194924106,-0.17080851020049104,0.16869732072140553,0.561739583290895,0.22527165702988525,0.33128457817025153,0.7946392517953293,-0.3783555419027769,0.398642217044215,0.8865653465852377,0.6087612146879114,,0.4014814969333385,-0.28690090475044716,0.049973295156154625,0.5732538686289022,0.8062741164368155,0.7000665877227381,0.022047514529530778,0.9619538844930084,0.9745089250240248,0.7825639335424149,0.9102717522450825,0.7632745741886501,0.5911551847812025,0.8054106866331044,0.591461008774678,0.7990744456420266,-0.001721268019551149,0.83511593359698,0.860275072324126,0.6578691976234997,-0.25603134256479104,0.4781983034657689,-0.18183343694035053,0.8493930367198433,0.641623515045469,0.8267395821429162,-0.4754787608222428,0.7805091020847995,-0.24237921892511652,-0.5580766515685927,0.6702373766149908,0.22596092100761228,0.8411679469519875,0.9733763244339496,0.8636986457557955,0.6977609082561166,0.7925281845013858,0.6714151581530158,0.46731459923632923,0.7775253445626419,0.5571311200435674,0.2618301187764924,0.7882700834472357
TRXUSDT,0.8378127127323322,0.7930512502767393,0.045792159445009084,0.7972044652179985,0.7488391674938857,-0.004238732665925103,0.4067231467201158,1.0,0.8243817558238771,0.5970087057600372,0.8121981922653818,0.18651836761814244,0.1218920674459393,-0.0943928157977377,0.7866006519762151,0.8268753085833461,0.800911447507828,0.04425621081374156,0.07178818579398988,-0.027446242850947395,0.7162085122304819,0.38951347860019186,0.23842748660739735,-0.05043026943406164,0.6714827444402681,0.7958463493709856,0.7924858344669395,0.663736737752961,0.8389306935010465,0.698202880013994,0.7354602294569039,0.793290778915723,0.7640997073239537,0.6876024502650389,-0.26107043964797216,-0.19633002991984758,-0.015718301316241783,-0.043730456050522205,-0.12451942373078977,0.8294376109606564,0.7269920896523646,0.6231454349607943,0.5355748047588887,-0.12802835696528964,0.4832024712884845,0.663864229226689,-0.046308943501021244,0.7209779021447003,0.6394478667819187,-0.07642439154716309,0.6893609671189117,0.6763256923518697,0.17186681313171676,,0.7196534917450135,0.4423126021504007,-0.0610046624227826,0.8047135628995301,0.12352091410601557,0.6215293154159508,-0.24539370800251106,0.5210024163694457,0.39088462537832236,0.7881438991081064,0.5881993993953978,0.5985502844442859,0.9194255200536366,0.41315759311174177,0.597501375811402,0.7445801648441914,0.5064018455302589,0.5570527886061241,0.6986999379237891,0.10884405243116688,-0.01698423824451384,0.05190444117605873,-0.4284763289033207,0.7241079678447937,0.4399138960547872,0.766311407086781,-0.530189087349159,0.7891107159984218,0.0962797988212222,-0.23824416805545764,0.8352285527105898,0.6951526875592072,0.7536963521486642,0.4076628881976375,0.7445161394009654,0.6834969886574539,0.796345214171818,0.8258968225477091,0.7336520242264619,0.7863132363396964,0.8018275617029574,0.4043933415184089,0.5484968259420895
STETHUSDT,0.9335772387181,0.989164093801993,0.48603073181850864,0.936748871445952,0.875044219549351,0.13418652375068396,0.7724118142734114,0.8243817558238771,1.0,0.8410369868328272,0.9067771473706709,0.3553698092036012,0.6170737642570631,0.2273907078572728,0.9884674647676498,0.9307328511909335,0.9893103979558827,-0.3009548148486661,0.4416869845258319,0.423417883849492,0.8658849708292183,0.2591044155247142,0.21749378571505446,0.18282008920390824,0.9204053343370041,0.990163261238202,0.989053337153405,0.6151662653903726,0.9398124205358511,0.9082899489579146,0.7958384425848491,0.9225131479618746,0.8622515508459633,0.8510458755500327,-0.17581605559296465,0.2871624051809511,0.26191514319776343,0.17630121967035042,0.26797910519728974,0.9554938240024604,0.8377920833453787,0.617766847698055,0.9024125878630858,-0.09448433433183305,0.5384293699293768,0.649630938885758,0.24992885375911036,0.49868040867050595,0.8085576319965517,-0.02128979029983628,0.593738126427484,0.9352968001537809,0.5378716416985702,,0.6890149079449206,0.12782911519487491,0.14849462322510076,0.756211574232938,0.5350161084155419,0.8928731440226649,-0.284919707680213,0.8506113312479144,0.7567221341650634,0.8784695412382335,0.8312235495017087,0.6954181874242131,0.9042319760447,0.7023509479673516,0.8358031672326903,0.849431397394359,0.40492945110837836,0.6891360917992985,0.8490334754471478,0.46131825441379004,0.06846114120748537,0.4626818706782533,-0.32603930558841354,0.8409485172873871,0.44437856147176014,0.9105388839592518,-0.7288176320060556,0.9896586211319525,0.08199228324170149,-0.4954191130519253,0.8115587664368662,0.4564716682826642,0.8806173474665733,0.7669579798386229,0.9155012788888863,0.7794440035761886,0.9637650226295235,0.9108166726332535,0.8303057267242737,0.9898576270207646,0.9039127686256418,0.2871283055398017,0.686007447972209
DOGEUSDT,0.7124139683724788,0.840117654389696,0.376198430793827,0.8404881534868278,0.9411692255654727,0.5731711723128566,0.9461965664999464,0.5970087057600372,0.8410369868328272,1.0,0.8491258164698197,-0.123829513247819,0.68795777811988,0.09447449043737628,0.8588525199242776,0.6908419383386886,0.8362959638670646,-0.5959043602194073,0.3108359479632192,0.6358309326362476,0.9412156202372944,0.3489652699096866,0.4440270790949385,-0.18250451136947202,0.9277946085287512,0.8293097907868046,0.8349498541227672,0.4121863832964634,0.7356396114797762,0.9187128006244325,0.8333898501972143,0.8264995107943996,0.8580423754597659,0.955312888968534,0.052377350064689694,0.2735172357981965,-0.012134282632276337,-0.18489678589919753,0.21797495260767233,0.7257557068766233,0.8997786246976599,0.3600657536686736,0.926128088920846,-0.19996020857361552,0.21739576798995164,0.6605435941096068,0.10435873453173085,0.5575118082281634,0.8744844256712083,-0.4786267244246985,0.5800570265541188,0.9293694841241453,0.47390157153823936,,0.5264117082456119,-0.0743232079579464,-0.06914995092592487,0.7203730290827358,0.691317593806477,0.7078991965905195,-0.012970094449056105,0.9558562888717579,0.9420349793310349,0.895424870357965,0.934847855353914,0.8662818025211391,0.7509747785824343,0.7711883287641974,0.6039539927073281,0.9111722798714597,0.11511504274132615,0.9314266886047021,0.9581630938844532,0.5300640648242565,-0.27732050568971833,0.3438705474905271,-0.2739479386161654,0.9671051999039804,0.7708259929311527,0.918809971135695,-0.4702951823546847,0.845188697314548,-0.18851518399900155,-0.5737639169368932,0.8197809873455091,0.4680666412298696,0.9414811011860432,0.9488872703091762,0.9443252600897775,0.8015493250597423,0.8751877961303842,0.7956822326017997,0.5101420856143949,0.8403620460816874,0.6316419586270923,0.3883596957472384,0.8780483858260705
ADAUSDT,0.9057553273848161,0.9066968972785888,0.23980629688627647,0.8459571175178502,0.8593835681201699,0.16869125361171278,0.7363985520428687,0.8121981922653818,0.9067771473706709,0.8491258164698197,1.0,0.1132893516726841,0.42896268898710027,-0.07405330289181071,0.9097596004089792,0.8930234765449377,0.9127480176324597,-0.3301358378049621,0.217604057514925,0.22870912419527958,0.9333078303481176,0.3878428732037257,0.47010502864864756,-0.07769712387744195,0.8499388320646596,0.9039961361029962,0.9022977559256972,0.5074050827864333,0.9153134367239828,0.939834080932829,0.9191519877369598,0.8854789541361817,0.9105282091560098,0.8828423047311941,-0.2713128319796418,0.04888628266313723,0.03803162782222794,-0.12059446031893063,0.023319731962359216,0.8831514909372163,0.9166753659221705,0.49618609719773726,0.8182133153802906,-0.255659915215112,0.5496650308223973,0.8208765861915303,-0.012990935138534353,0.6016998886892785,0.8498712398174783,-0.1839584275874473,0.6845289457391082,0.9051828317181336,0.3380285078154798,,0.7953234977128584,0.15551018783081175,-0.16732015180123394,0.7901165191548681,0.58464716377439,0.7782038615746567,-0.07782302954104295,0.8112810199677539,0.7254364822871037,0.9459976621325866,0.8362347896931085,0.8162472808058642,0.8941081194646975,0.7808826062503191,0.6648226120331185,0.9468721340561754,0.4549556536938479,0.8090157474996801,0.9308133527960779,0.5229692345456923,-0.11711642746457518,0.1832986962226581,-0.583647462518001,0.8865848520969422,0.6627728023352857,0.9457455259446367,-0.5766802596727411,0.9069971873214485,-0.031932010532410675,-0.3525988990206148,0.8563131830987656,0.540845784683963,0.8655579492749793,0.7378774328920793,0.9349467351928452,0.7864257054998788,0.9511397194690049,0.9222985864136817,0.7587216764542642,0.9033214192065677,0.8437136288814008,0.41685433760743174,0.751036256543496
FIGR_HELOCUSDT,0.4089040474621047,0.35865993309528277,0.4680713994790703,0.22190277137863584,-0.05249374606939783,-0.6993546865064194,-0.03939691075161485,0.18651836761814244,0.3553698092036012,-0.123829513247819,0.1132893516726841,1.0,0.28826247256224546,0.42622075687501926,0.32661708967157715,0.44186291800589694,0.3600099246674409,0.21146730407685768,0.5149578504780684,0.0014153785375834319,-0.04950065523652683,-0.24519802967021306,-0.37495129624799317,0.7980549177258208,0.12067770492933175,0.3800909098775535,0.3665858996762069,0.23183010137709126,0.3811661962509269,0.07631691448813117,-0.09389445324135356,0.19275880019696345,0.02277865009626314,-0.09931818779476365,-0.39984133176635206,0.4124024955256316,0.6451823386722678,0.7567805485676158,0.31614671561202906,0.4485999161503715,-0.0451534490971822,0.4151495012075199,0.20020184453228543,0.17084766777320848,0.5459523670607053,-0.0418993995674247,0.439308372601519,-0.3121387807058713,-0.007374662034510409,0.8357119486141444,-0.14716578785186812,0.17991293047152981,0.4651762505529868,,0.250760452089421,0.07009428290835319,0.5220827474080953,0.01625977455571393,0.03533288149199783,0.44187646469922937,-0.3862945415720787,0.04448196797327684,-0.056641144921197005,0.015152463928421449,0.0011306785051290688,-0.22725429830269842,0.19512524212162455,0.07587028135238616,0.5317663134154573,-0.08679838584912292,0.39943608086571963,-0.3475015151483036,-0.13352833808479708,0.16814286042823148,0.5978373565413846,0.4684714936966426,0.06520356918147525,-0.17252539439967782,-0.5946890351531543,0.042252218878947,-0.6187342591812638,0.35224007015601566,0.407325060303392,-0.06267695290827537,-0.05364834205380636,-0.25651980082339554,-0.04177240148074005,-0.057767904573874,0.0495867826265322,-0.0323924060858525,0.2159419679005846,0.19236465130058525,0.6018585632863599,0.3636452682196157,0.49951162591883275,-0.25216762761681716,-0.2519845494239944
WBTUSDT,0.4140305706811459,0.6158406396825745,0.6533965723752614,0.5385975015519773,0.5560859394734516,0.32285134550297445,0.8176578977471878,0.1218920674459393,0.6170737642570631,0.68795777811988,0.42896268898710027,0.28826247256224546,1.0,0.4650451078386872,0.6269674571190323,0.41012129657413077,0.6097786430982297,-0.5778668677711097,0.5718004044276637,0.9007010107755602,0.5572205742950671,0.018885749278833398,0.07878210313377047,0.23035588767246964,0.6719944913522348,0.6146853234560014,0.614816320094671,0.13707065944300872,0.42502079133081977,0.584746239297917,0.28807152227706184,0.5285343208426015,0.4465848300557976,0.5587661962087828,0.05619439523687081,0.7130562193422199,0.30841748028322985,0.2564147046678362,0.5342905874308087,0.47563993274410876,0.48842517708461247,0.2693851778880548,0.8321842326565922,-0.03529446398780874,0.1515041690976212,0.19293378789196725,0.40157011997752984,-0.019591537059393857,0.5914597047054886,-0.09247134087736755,0.048472997545456524,0.7283961842687674,0.7752094014339439,,0.23110372079266836,-0.29934466854464536,0.2714224653427812,0.29478069247852906,0.6772358820658634,0.5688658783841193,-0.01728103708515298,0.7809102706370357,0.8120739709067187,0.48985172283184536,0.6855244081011288,0.48983333580567073,0.3148126581231382,0.5629983048656549,0.5833244729716313,0.4368514909669148,-0.003956469345138601,0.51135654083006,0.5147526391418141,0.5529163847947406,0.03882867038501951,0.6314849759791935,0.2260130579932318,0.5340232172790087,0.24194915092163302,0.5156818128328756,-0.5814738143997696,0.6187108819213735,0.007684977794732846,-0.7123719499431073,0.33489697054262163,-0.05256367687707914,0.5594205254285753,0.811675759032389,0.6013021929524488,0.4078958798397897,0.5355358065471622,0.41776338199646484,0.35520907553658904,0.62275611376221,0.3992433632968213,0.05361642395550019,0.5299959649432531
BCHUSDT,0.04052157029622822,0.22239872990131004,0.8481022876217791,0.2322722107450353,0.04677489223072588,0.1864934429059153,0.20785250198858757,-0.0943928157977377,0.2273907078572728,0.09447449043737628,-0.07405330289181071,0.42622075687501926,0.4650451078386872,1.0,0.22974115048417468,0.0821300590820752,0.20397891204551144,0.004942930397377756,0.5562717375033689,0.5414122801737133,-0.11825398716851354,-0.4261375846711447,-0.6779995240047094,0.6352927734191922,0.28582437757649515,0.21998433079580257,0.23493924739608218,0.3202675792197952,0.044633752098376105,0.07968327070829367,-0.14999222312997587,0.18570808351932702,-0.0353139128767568,0.003967255252152112,0.5506077166303556,0.6605737152251185,0.6779564309579371,0.7888737260896045,0.9101562779590229,0.14423697248534698,-0.19814436975103472,0.17958325439746023,0.33363588558429363,0.48208559156044223,0.015633573610298598,-0.4679074528210844,0.778521079624259,-0.31049851057420913,-0.07654853133859292,0.307589549459876,-0.05186073795995951,0.11276512992936384,0.2735103089062939,,-0.3846578057776035,-0.16001769429653903,0.7781634038430016,-0.22788157676835566,0.06320873471102914,0.46314789076004936,-0.7357345139443808,0.19151212673147638,0.1940565833661835,-0.19120280131719777,-0.013610425329427179,-0.3029009345503901,-0.005799429505352456,-0.06030911225963065,0.46047122788802547,-0.12265430640088847,-0.20170536741586753,-0.19242327795160064,-0.05638781539334394,-0.08030856164869783,0.5975686617400531,0.8818948332119513,0.44173848272849425,-0.0437692009453453,-0.40271926889681914,-0.008294161644500753,-0.1965113583763961,0.23190124356415331,0.3506131393398812,-0.36655146625169704,-0.20526007959646014,-0.2315424086044403,0.04063825884003498,0.1897968613646599,-0.028022615941672595,0.10469697621906925,0.12081414951453198,0.050656678960959566,0.07288853574493204,0.23986943809742015,0.12013455134763756,-0.433264759090106,-0.09587800662920778
WSTETHUSDT,0.9256538669159647,0.9881984195978294,0.49077662360098906,0.9393781615252499,0.8861929253833914,0.1692863950480429,0.7907312181600242,0.7866006519762151,0.9884674647676498,0.8588525199242776,0.9097596004089792,0.32661708967157715,0.6269674571190323,0.22974115048417468,1.0,0.9221440071383733,0.9879196808535574,-0.3203921282317871,0.4386442949988906,0.44332562629827305,0.8761557783253952,0.2625272044088022,0.22651382069096604,0.16405603818385803,0.9307920804343266,0.9882412712845435,0.9879075772764112,0.6116259257227212,0.9332506585698813,0.9176640353932629,0.805002247045702,0.9260481550826398,0.8691035783322902,0.86475063949195,-0.15232032501453477,0.2917074928137571,0.2519454049023681,0.16062121891632902,0.2770821112734839,0.9479148844093328,0.8456717409431402,0.6060598069958718,0.9132718004716076,-0.09633113730949477,0.5217423520999759,0.6502452568591314,0.24937249259753866,0.5050569978668477,0.8176652964681289,-0.050825858049476216,0.6008922620773042,0.9419568471562865,0.5339886458712749,,0.6784325642133655,0.11583139209197761,0.14123698514752567,0.7562061410732661,0.5490008791564198,0.8927745703299361,-0.2799016513347689,0.8648356024187428,0.7754901864745961,0.8837125696055788,0.8424622369701029,0.7084816879663787,0.9012906894053976,0.7110617864600705,0.8303781052490267,0.8600534252273396,0.3868830569931312,0.7093243876245341,0.863492699437293,0.4661654413123822,0.05360314812195975,0.46659495803468887,-0.32431443818418687,0.8558877691453146,0.4676578446687956,0.9183295459943811,-0.7152075085018115,0.989188488070358,0.06978374114988228,-0.5066167613846803,0.815630412186849,0.4609139355890085,0.8913214173297307,0.785640225695342,0.9233974892739278,0.7894733240276393,0.9668409005393205,0.9116604833639856,0.8140712893434351,0.9890856506226506,0.8931031880074098,0.29126868673301387,0.703202520138397
WBTCUSDT,0.976756702337401,0.9351289405639405,0.37920037016544383,0.8711970371440845,0.7682144026029807,-0.11113675711636868,0.610136884342172,0.8268753085833461,0.9307328511909335,0.6908419383386886,0.8930234765449377,0.44186291800589694,0.41012129657413077,0.0821300590820752,0.9221440071383733,1.0,0.9349331384131228,-0.2358161893315007,0.440663154463879,0.15043475102236406,0.7866223370765926,0.24414044495161435,0.27592838209639964,0.2618834466485555,0.8049884454842314,0.9406229998877892,0.9345868751373781,0.5771329871903061,0.9747072836952534,0.8311406279812134,0.8140813289202177,0.8173968278702463,0.8053478189923365,0.755197069009534,-0.37727409367073905,0.19317785380260583,0.2881528775570287,0.16404590103437058,0.10704744497618424,0.9750730164035097,0.7985442830192524,0.5842897820438336,0.7602003119445178,-0.13439637227115384,0.6328640204864998,0.7333515431813926,0.18071651277440692,0.45508182717267437,0.7028843854281724,0.15564746162495727,0.5651037157876555,0.8298749346128108,0.47392296849246124,,0.7490207506407971,0.12254912975300644,0.12011602252844432,0.7417563715146179,0.484565355859192,0.8622550139906343,-0.2544723551337494,0.719915909298287,0.5970358805707568,0.8340897994879665,0.7390222216954441,0.5938946577037265,0.8963002399275432,0.7039825868203906,0.7836278231762829,0.8019929473329105,0.47949299702188497,0.5529112357899695,0.7618902448624263,0.49967606130617415,0.05009421074065121,0.347058649155492,-0.5116683722143878,0.7157946474436946,0.3375734837426175,0.8603409919644465,-0.7089543135027943,0.9339336188798552,0.022361049898433075,-0.22605659130471809,0.7834917519282966,0.388585192517335,0.7759592399229414,0.6025374796362243,0.8395037650039928,0.7019763757195724,0.9266269258941446,0.8788876400919946,0.9286976818579136,0.9338835606013466,0.9524005217677224,0.26614205125698726,0.5413586630687676
WBETHUSDT,0.9384214582767614,0.9890272253377274,0.46341530392378627,0.9303177859842104,0.8706891335012273,0.11503353731808147,0.7643737520354253,0.800911447507828,0.9893103979558827,0.8362959638670646,0.9127480176324597,0.3600099246674409,0.6097786430982297,0.20397891204551144,0.9879196808535574,0.9349331384131228,1.0,-0.28821016708617037,0.42164124215973825,0.4065270254227076,0.8712386898187318,0.2721287709126779,0.23139064983936522,0.1700880611816663,0.9120771294366335,0.990498662591852,0.9886466953692685,0.6089327050725227,0.9440198450938889,0.9100258195708066,0.7961773214954248,0.9263477415539348,0.8663405311902592,0.848089324418835,-0.20165999404456184,0.26638527127633604,0.24683955332565483,0.1643864886159283,0.24425555973963162,0.9570708842326967,0.8431890477405847,0.6240425109950557,0.8967650244440658,-0.10907933131478058,0.5549948511072762,0.6620553343121716,0.22694855300498967,0.5049268254795735,0.8159467281052517,-0.018124341957646773,0.5956439823034669,0.9379183945139685,0.5319968594489938,,0.7132373349657559,0.14632197753497644,0.12290445407553649,0.7627539820443586,0.5321472572470324,0.8841055539050383,-0.26662238106776054,0.8441061227627743,0.7483374134344398,0.886833754502006,0.829965400151182,0.7061528542137107,0.9081850962846363,0.7034728123404724,0.8307211641442379,0.8531463397903932,0.42961219989431065,0.6926945917369244,0.8500906545602984,0.46316955531004983,0.06863832915287568,0.4376697634839699,-0.33825122194938934,0.8409152791091483,0.45075612088372247,0.9113064371747505,-0.7360158067045524,0.9889389936594533,0.09192297235296487,-0.4959235971835484,0.8150184150527399,0.4656747212567473,0.8768188841539288,0.7594853194319838,0.9180280749020607,0.7749382645270467,0.9639201563028142,0.915848884747639,0.8357623107383618,0.9891658907918692,0.9082275703386785,0.3001765531799897,0.6880720092182919
USDSUSDT,-0.26090127773731975,-0.31592562117295186,-0.3488094593349468,-0.3590347284205592,-0.4861066800211257,-0.42736407239493845,-0.7291233951208702,0.04425621081374156,-0.3009548148486661,-0.5959043602194073,-0.3301358378049621,0.21146730407685768,-0.5778668677711097,0.004942930397377756,-0.3203921282317871,-0.2358161893315007,-0.28821016708617037,1.0,-0.5966718214657096,-0.5762500261514842,-0.4720346576679265,-0.05695407000469577,-0.5390247354987379,-0.01730535213379181,-0.49113834129880607,-0.30716580057519716,-0.3074994862650895,0.17759945151892712,-0.27840433927026914,-0.4118667300097,-0.47718446164056366,-0.09028259610218019,-0.3098872125928065,-0.5484602260490815,0.030066788912769957,-0.5964998863610557,-0.07882459686936995,0.2634965186778914,-0.12788761868217494,-0.2696939282740464,-0.5195968596631535,0.21646344395262404,-0.5470295087287165,0.21328980272525783,0.20167680584127265,-0.4460724688983481,-0.1681906959899171,0.02174375268010028,-0.3806729483834017,0.3135258632033532,0.03507804615273172,-0.4554397767181993,-0.6249363473985421,,-0.01735954969981307,0.7854789854621386,-0.09850179149036362,-0.26310081067235136,-0.8044684804692618,-0.3186032852373603,-0.34988232289832033,-0.6818382149033093,-0.7530339482848055,-0.40937086013848956,-0.6768562413674662,-0.4281092614570621,-0.12899033128804518,-0.7141727639559804,-0.17555440034844838,-0.4333396066491689,0.4354287114026214,-0.5062083643617685,-0.48184302065265844,-0.7867340230280427,0.6295546618826798,-0.3209558121090664,0.15431741477720856,-0.44049019311111653,-0.40973605256356127,-0.4606632030392812,0.13470965674408372,-0.32491896302003076,0.7458535698986284,0.024869722405231807,-0.36231116194786855,0.2553810308487514,-0.48332147070055975,-0.7238273678122666,-0.491354396964238,-0.3196470861582879,-0.3695472946667993,-0.1739331279351076,-0.2087564351617704,-0.31959968401899325,-0.17902314950548942,-0.09510246336333653,-0.4402330454949112
BSC-USDUSDT,0.4260679590761237,0.4580615606542361,0.7890998758512214,0.4907684291844802,0.3330172534279774,-0.04076070168119336,0.4746899268456692,0.07178818579398988,0.4416869845258319,0.3108359479632192,0.217604057514925,0.5149578504780684,0.5718004044276637,0.5562717375033689,0.4386442949988906,0.440663154463879,0.42164124215973825,-0.5966718214657096,1.0,0.489654408358526,0.1744826442038133,-0.28796694307337883,-0.10661740955039452,0.7577584374415047,0.4860028377300555,0.4632459042620541,0.4621578561205004,0.17668866949648615,0.4231901627123438,0.2606357317101554,0.2454540829613453,0.12752686193335544,0.15508965202514452,0.3033080340879112,-0.0141845544852185,0.8780335446630227,0.6907184155215,0.5154719188420631,0.5380888978922249,0.5001052763028724,0.2273014182626576,0.10704890409620892,0.5049539944515683,0.18388870978414304,0.04494982007857151,0.12020070788853025,0.6980272017759424,-0.2633952484454449,0.10667940007349104,0.38857047026030467,-0.13178869056512882,0.3467732429715536,0.7822414133217791,,-0.1102446070343166,-0.6468970058356289,0.7868196237842795,0.13907713219714174,0.49064274965317084,0.6183226207682768,-0.3130747419023959,0.5022884772901596,0.482575372234531,0.16294708112868125,0.42285311783009955,-0.05987026782885023,0.2139540933328881,0.45236798303671116,0.5517272784007854,0.15574129004977547,-0.29985018654196915,-0.014328008512265553,0.17251040707957238,0.5415028136592243,-0.0027421910859927352,0.8166966772312202,0.08036973035029867,0.14181130922753415,-0.2795168663454394,0.30950194045042945,-0.4309370374062761,0.4658046251914286,-0.34251088038810734,0.03075222904188878,0.18921407421249833,-0.4233917775371109,0.33154959027091246,0.45023091161612405,0.30288841716150244,0.23825591174167823,0.3854554249558556,0.18741319938310436,0.5363230136447109,0.4697260290739963,0.44612416130477844,-0.2712813882535743,0.037828990324582486
LEOUSDT,0.15823063669718423,0.42087877205295066,0.6156381321335339,0.4438803765078544,0.5124462045012375,0.6207524028080106,0.7547209083146368,-0.027446242850947395,0.423417883849492,0.6358309326362476,0.22870912419527958,0.0014153785375834319,0.9007010107755602,0.5414122801737133,0.44332562629827305,0.15043475102236406,0.4065270254227076,-0.5762500261514842,0.489654408358526,1.0,0.4073640305933765,-0.02328907989162636,-0.04430286867041589,0.09091174150265936,0.5895387812808657,0.4121530810512787,0.4211572674109852,0.12428758647022028,0.1790335684633799,0.41353024730117816,0.15292898135157507,0.37887536108353326,0.301950780194665,0.4858456822952606,0.40065758642394617,0.6788448059764851,0.19991727731749506,0.17463271799379912,0.5956760757676435,0.24314298295241443,0.3336887165201525,0.13482573501758652,0.6946972512168408,0.08437461272861521,-0.18756342958464153,-0.027303442396636478,0.4368175281999498,0.01738987186398572,0.44018630199565184,-0.3298099286412848,0.015174307092060616,0.5448448722472002,0.6328056827557366,,-0.09088821768253352,-0.3442458654266363,0.34529450831952296,0.18588180401221757,0.4994379294384436,0.3909637647230933,-0.07706341459229879,0.6820224947685606,0.7540681241132933,0.3120738859036962,0.5657753553391573,0.37427524003507445,0.1660968990133933,0.3441098324518922,0.41119361274721283,0.2965892059838654,-0.29921714347022427,0.46723149829599114,0.40721580432773125,0.30539452495201624,-0.06359783641235205,0.6360751060816608,0.4540701241949114,0.48295096299454277,0.2566301573290683,0.3685182923110385,-0.3226188647314404,0.4277876471485396,-0.08691400912421281,-0.7198463293197757,0.24822970482442122,-0.02091272198844371,0.5082016187526446,0.7506231407712578,0.4498944711764112,0.35673410363939206,0.3505512571347988,0.23068199604338407,0.056737128723984516,0.4295679837062448,0.13635247635076844,0.007953261440612137,0.4959205103801179
LINKUSDT,0.8111719694827116,0.8649563186889944,0.19066080688781306,0.8179096025781094,0.9111013716243582,0.35115896441122024,0.8486770419029547,0.7162085122304819,0.8658849708292183,0.9412156202372944,0.9333078303481176,-0.04950065523652683,0.5572205742950671,-0.11825398716851354,0.8761557783253952,0.7866223370765926,0.8712386898187318,-0.4720346576679265,0.1744826442038133,0.4073640305933765,1.0,0.44880860642235315,0.565807351221568,-0.23896156901586135,0.866720604022109,0.8589871833806229,0.8579651146449894,0.4025553406619233,0.827119949134116,0.9445208765063045,0.8893943309242989,0.862898088880193,0.9100415266493861,0.9368810046442597,-0.2051078168041611,0.08079710818171598,-0.09837350853676172,-0.26626916801403,-0.002508601342270923,0.792674449566875,0.9594387632162463,0.4260046958009004,0.8636497994259974,-0.31623937555196246,0.40057628359828995,0.8120855011949982,-0.07686844889147713,0.625008152834201,0.9179390772420747,-0.3906563918200124,0.6323866013201876,0.9436684657951043,0.40427425947910905,,0.7529554730872009,0.08105836840392755,-0.2558798120287905,0.8010088075916971,0.6568258971749253,0.6797549336468477,0.09277455161733893,0.8882030969192046,0.8418459092144738,0.9774679717896779,0.9182657186861114,0.9293585170374804,0.8298202664099704,0.8016069367771246,0.5864373177668559,0.9630722636105639,0.34496194772540634,0.9333495752978022,0.9740729088607705,0.557695000294815,-0.27115155156778875,0.13768519104236934,-0.46227045836407277,0.9597553609405733,0.7979333605809369,0.9495953786150235,-0.5366682075363661,0.865443422031155,-0.12765071848347806,-0.484856776892049,0.8765583986577452,0.5481147396134787,0.9161751743895729,0.8543456953204892,0.972613749257232,0.7849936832657276,0.9107921326213732,0.8696197738399701,0.626397321028979,0.860542974587693,0.727678927107274,0.48626577283206474,0.865068684465907
