,BTCUSDT,ETHUSDT,USDTUSDT,XRPUSDT,BNBUSDT,SOLUSDT,USDCUSDT,TRXUSDT,STETHUSDT,DOGEUSDT,ADAUSDT,FIGR_HELOCUSDT,WBTUSDT,WSTETHUSDT,WBTCUSDT,BCHUSDT,WBETHUSDT,HYPEUSDT,USDSUSDT,LINKUSDT,BSC-USDUSDT,LEOUSDT,ZECUSDT,XLMUSDT,WETHUSDT,WEETHUSDT,XMRUSDT,USDEUSDT,LTCUSDT,CBBTCUSDT,HBARUSDT,AVAXUSDT,SUIUSDT,SHIBUSDT,DAIUSDT,WLFIUSDT,SUSDEUSDT,CROUSDT,USDT0USDT,TONUSDT,SUSDSUSDT,UNIUSDT,PYUSDUSDT,DOTUSDT,MNTUSDT,CCUSDT,MUSDT,TAOUSDT,USD1USDT,AAVEUSDT,BGBUSDT,NEARUSDT,BUIDLUSDT,ICPUSDT,ASTERUSDT,OKBUSDT,USDFUSDT,ENAUSDT,XAUTUSDT,ETCUSDT,PIUSDT,JITOSOLUSDT,PEPEUSDT,JLPUSDT,RAINUSDT,PUMPUSDT,APTUSDT,HTXUSDT,ONDOUSDT,KCSUSDT,WLDUSDT,POLUSDT,PAXGUSDT,KASUSDT,SYRUPUSDCUSDT,USDTBUSDT,BFUSDUSDT,ALGOUSDT,QNTUSDT,RETHUSDT,HASHUSDT,TRUMPUSDT,RLUSDUSDT,USDGUSDT,GTUSDT,ARBUSDT,ATOMUSDT,WBNBUSDT,USYCUSDT,BNSOLUSDT,FILUSDT,VETUSDT,FLRUSDT,KHYPEUSDT,RSETHUSDT,FBTCUSDT,XDCUSDT
BTCUSDT,1.0,0.8600872377858358,0.17021823475735728,0.8021406793619701,0.8249626874398898,0.6856322498826086,-0.5454403201421506,0.8636344592419655,0.8638300364579672,0.7308812901848127,0.8798229441206715,0.4759199614412815,0.8917215395614565,0.8596800925736862,0.9975988493983055,-0.21161174644489453,0.8645155471437024,0.5554749022072435,0.38590262973958783,0.7970798627082032,0.2681147563901513,0.07404060385331607,0.34920707732586065,0.8286599760445025,0.8641417145163512,0.8640773784986934,0.540301611866058,0.1686857482796348,0.869126149521054,0.9976108280661379,0.7644825537490983,0.6399152461250965,0.6711985400840476,0.4785918045250475,-0.250469043115409,-0.03628963236951934,0.0017902150934281356,0.9094570545248843,0.16233541195611725,0.6809472439549861,0.07245621282055295,0.8154677911252888,0.19560195429174893,0.6715464746721216,0.7138420410782873,0.5960287443796408,0.6239068961647861,0.6100304027595503,0.20836867515634602,0.8127808319530383,0.46870233671759426,0.8175428451797815,,0.6349232539708665,0.584533064714826,0.769202846703554,0.02977407204935784,0.5297886645582933,0.5591360813394296,0.7572616494145622,-0.13235177501399692,0.6670461172871692,0.7272307716365412,0.7849281050332856,0.2848459923806292,0.5708555415899113,0.5678203915949036,0.887183187530847,0.7806246794185983,0.8440590549924857,0.4763458552597328,0.6862419203544496,0.541622544266769,0.46230992560292156,-0.1820576748872617,-0.006648155053714266,0.10568380744068336,0.7818275296017744,0.28337745950774007,0.8561771864772098,0.1908645298059757,0.622221377023226,0.4916197939383267,-0.044470961344302846,0.8208846575038714,0.7397837306192795,0.20434237103149014,0.8188505927529144,-0.6047061961894491,0.6707612246902616,0.5286985583817408,0.8870542725781859,0.777388571259296,0.5592682791280418,0.8643863126450859,0.9660871948620858,0.22657267315930454
ETHUSDT,0.8600872377858358,1.0,0.09143635822192463,0.8934831191406548,0.8519364273060983,0.8202765762232851,-0.20895209239530452,0.6819881687926835,0.9715110100887112,0.7846788895136205,0.9068643404584344,0.3429058461656046,0.8519252631075527,0.9710499344840681,0.8540661346527229,-0.11553269868177732,0.9724133329880732,0.5222705033452737,0.27045144808980065,0.813966188064595,0.36240472963276765,0.4824133273265013,0.03414721236717465,0.6721909912634424,0.9709958052546561,0.972338433384926,0.40773503990738896,0.042153331556501285,0.8765523817322897,0.8685249687905016,0.465894030815536,0.8420230022838804,0.8627395435734619,0.7052916784507854,-0.4414506962112248,0.07557141652195792,-0.028855391726924483,0.811446765789523,0.320955187458195,0.8518753008001689,-0.13798874394051436,0.779925289142782,0.03299262211012178,0.741111098064911,0.6260743523039217,0.7366265212143289,0.5059937979350921,0.4191413655854404,0.1073385690403103,0.9065160749521602,0.44783603883117235,0.8412451871219145,,0.6693455615828561,0.6391245565015988,0.7779193938720504,-0.002075649241633919,0.7768812918570488,0.7332650844234463,0.8913282014164746,-0.10146469585039646,0.8059367589895674,0.9047303177278779,0.8706553795566695,0.6327062330745237,0.8202545351554968,0.47929446908519646,0.8795586377635398,0.8296970090341604,0.7635014399519718,0.5991972547983979,0.7265447335967805,0.7603347727461361,0.7009607215099658,0.14005989326337448,-0.10861807199054314,-0.07127260677667953,0.5754426237282412,0.37756479009725535,0.9702275556152746,0.23369000309470608,0.6419108512447843,0.18299801009493968,0.1371585943585746,0.8129159911777394,0.901517554273055,0.20190007117971995,0.8477623676882882,-0.5893697559743318,0.8157601200105599,0.5624420030314141,0.9656002586020294,0.6782170647225447,0.49697452227594874,0.9699932368768113,0.8439933147304675,0.5140178878314082
USDTUSDT,0.17021823475735728,0.09143635822192463,1.0,0.16840731929083136,-0.3235354394565964,-0.16806067911016984,-0.6484625127425508,-0.18479522989770758,0.0919251335964597,-0.3440079672205861,-0.17065213785939734,0.6880941061039033,0.40480059127182466,0.07818617805111104,0.2213985733686374,0.7957925132390283,0.07628020184341242,-0.31615878090656774,0.634790684774513,-0.3458161034077454,0.8524283347504106,0.06796634720953428,-0.5674569886520698,0.1650850053513031,0.10154541954096599,0.10932708368692323,0.22091472217073374,0.8394257422557068,-0.27405346926701735,0.1537375629079408,0.1419927115306149,-0.3239612779882616,-0.19573312589826272,-0.36650560329293125,0.24940961934238137,0.5911768075001158,0.807451853329023,0.0923985184992554,0.7447234264491629,0.011742728028983216,0.29964339591406103,0.12242744664478135,0.40515251128326873,-0.43793938210083616,-0.3926987814540553,-0.1748592973236455,0.24060372723220108,-0.33150458869559263,0.7720252746751629,-0.018060197133316816,-0.3483876460472136,-0.2850062932951949,,-0.357722874040402,0.32120600017655154,-0.29170903915643476,0.8853800875424008,-0.2758560227127113,0.09193247926656571,0.3883878677627534,-0.729093644330389,-0.1767705510914402,-0.25164105895177785,-0.06990125484078562,0.17886428019426373,-0.20421042183200253,-0.6648806381040824,-0.16469744745468623,-0.35524717162362685,0.4029562047419571,-0.6460752514947745,-0.47867120916119776,0.15524363911277558,-0.08222557531195736,0.25270314822817735,0.6663292452837487,0.9416168735555929,-0.1841999683738292,-0.2589613831989293,0.10039712939054105,-0.22786429253668133,-0.4970910230048181,0.5606345537262708,0.23572918486955272,-0.38878042875799573,-0.2206812914264077,-0.8619786101255229,-0.3183330453518928,-0.20286707718453753,-0.19772931246892517,-0.653993104211383,-0.01639142736718526,0.0632940515196996,-0.3431284031747982,0.10608761035839212,0.3422951339000713,0.36202874306791055
XRPUSDT,0.8021406793619701,0.8934831191406548,0.16840731929083136,1.0,0.797626397205453,0.9084395707736258,-0.17982029834974678,0.4980242296736613,0.8997658571913749,0.8243033601892233,0.8304562360766449,0.33291620700772395,0.7376154905863177,0.9079080442060098,0.8031394705076089,-0.1159963759578863,0.8935461366126878,0.6222365346619222,0.3479162555510653,0.7946705488281486,0.27166343377528246,0.6232364507234287,0.08162484170525955,0.8417542887259154,0.8873127896193054,0.9023403082186657,0.36263754914947677,-0.0048653511039515335,0.7568523631473723,0.8144662509487833,0.6123300869986673,0.7838067305482084,0.8477269591845702,0.6383672626037864,-0.0971416206145879,-0.023362653529164275,0.05842278285417296,0.846182273703122,0.3167315253853616,0.5896814220393866,-0.03651027681431783,0.5990895415003354,0.24894574051980412,0.5855847899842919,0.5208179476678529,0.8513638847748681,0.2967572824008505,0.4037655514618718,0.2622988954009702,0.9354599801526619,0.35994325087584406,0.6458945625344931,,0.5266984352521672,0.4364583729148254,0.6830566436294577,0.026043957252095098,0.7353147929864989,0.9031553745653771,0.8154936818313713,-0.10686988345583592,0.9008524126684977,0.8648096195608274,0.940107783751272,0.7649201456691762,0.6976744393601121,0.3857132370583022,0.7015575861107645,0.8076200120103854,0.7022843413261911,0.58360597837274,0.6402869684785963,0.8505724222751994,0.7137105760719407,0.2392137469167352,-0.2031858028355142,-0.012248848774206072,0.5759514724793012,0.311573710671892,0.9022122025775031,-0.020595851731264513,0.5408599830543056,0.35469716088617387,0.21947649967097538,0.7210567372702489,0.846610360836936,0.19091462937162704,0.7876653428164638,-0.3263959443629341,0.9009833991346662,0.45663598361115,0.8943139169802741,0.8540534749823233,0.5918534818346542,0.8960720046853541,0.7485559238021311,0.6390379585216277
BNBUSDT,0.8249626874398898,0.8519364273060983,-0.3235354394565964,0.797626397205453,1.0,0.8477403239520238,-0.023415078789239586,0.7824846389309572,0.85549236792336,0.9316948145538365,0.9521651848249093,0.09991090249974714,0.6250763127394342,0.8631939026416136,0.795523067692121,-0.49683152786956575,0.8619802412821946,0.6603631429109162,0.004943282428369959,0.9635179173934156,-0.11678188266369154,0.30894892201427704,0.4527098242187503,0.7067385728436861,0.8490458586683467,0.8477886278895211,0.4161395453340568,-0.3595555046161036,0.9693680394043056,0.8398511666663427,0.5833061961513664,0.863461789244947,0.8334163509657293,0.7210613215785436,-0.3815635053188508,-0.29772499205820163,-0.37573363330690923,0.8231983201972897,-0.11440367123075557,0.6951028384704029,-0.1263136256885241,0.6531500415973216,-0.09995059221983484,0.8775819998822777,0.8572164161726407,0.7742072509848126,0.3677018354247638,0.6182835057176627,-0.21099695686422684,0.8949949168270591,0.6705656355006082,0.9085951974788842,,0.7277022899211361,0.3678986232628262,0.9250302256296543,-0.3973392576700895,0.7433589814792816,0.6428127774495367,0.6105207244792996,0.27236296281322014,0.8387906696213588,0.933263558582428,0.871746467388052,0.4189863332394381,0.7573775869759191,0.8118505641593634,0.9101967765960547,0.9577781931771496,0.5400318706221785,0.8676456549730794,0.9343559428061519,0.6078073338409083,0.5867898259459073,-0.06548750551924021,-0.4620174472799504,-0.4259117628152948,0.73685415269119,0.4141189420382143,0.8489105582784386,0.21504938534738458,0.8776591817052393,0.05744475592693282,-0.04440614522702947,0.9789074102900094,0.9146472529050149,0.6287907807952275,0.9801886767021009,-0.47530601648498844,0.8544445091258812,0.8056165152224125,0.9156641610678642,0.7120806742821518,0.6579927216289192,0.8462345673188281,0.7024427280516894,0.2910902773395161
SOLUSDT,0.6856322498826086,0.8202765762232851,-0.16806067911016984,0.9084395707736258,0.8477403239520238,1.0,0.04997082631535727,0.5122092836392883,0.8263385833451181,0.9088386834932656,0.8352219323126474,0.037523149593048,0.5683217217061898,0.8388529151833953,0.6731817245227331,-0.4082769971633412,0.8247405186603427,0.7538136409781538,0.1492911837871025,0.8699904397205989,-0.02145094394149648,0.6142421251700912,0.24993320052572268,0.7569727205382314,0.8086097943045877,0.8236449319529675,0.19549289445472012,-0.24960355631979161,0.7937181694124662,0.7017105997198378,0.5190578093737099,0.8872866709801006,0.9139198310445593,0.7812868089992131,-0.15463284752277773,-0.1937246771417184,-0.19327611152516413,0.7699549357062633,0.06883817563324951,0.5385364062572129,-0.17672556638759163,0.5325528353662695,0.18415979648749753,0.6772500649786396,0.5723080330267878,0.8971823996631981,0.1771392809620675,0.5236805352096453,0.03646893708652866,0.8915845768084038,0.3763518045646355,0.6866301520354081,,0.6608563423588982,0.32288340288234657,0.696774152126215,-0.27296504194857824,0.851666724793681,0.8733511692567363,0.6606786499785948,0.10353726436682092,0.9497112426001727,0.9117412508883714,0.9421015356441087,0.7166997167386483,0.7425275071394042,0.5591068381704358,0.6965810292773403,0.8977362025633864,0.5706453769828261,0.7535761043592198,0.7333424527849137,0.7850848244610402,0.7838855838141341,0.14883543250660325,-0.3710675627747364,-0.3251475974012272,0.6144793290452778,0.42251122425868254,0.82613438585885,0.07537639495475083,0.6230301055737708,0.18990210832187365,0.15587670912368942,0.79814894161241,0.8831562490867595,0.4395013343123983,0.8351811693995844,-0.16460927333455244,0.9548370236347794,0.6599490476662419,0.8518136485465171,0.831412659927941,0.7333710415662325,0.8191900632171394,0.5821540812407563,0.48351435712039187
USDCUSDT,-0.5454403201421506,-0.20895209239530452,-0.6484625127425508,-0.17982029834974678,-0.023415078789239586,0.04997082631535727,1.0,-0.4143796186065044,-0.20853946016170705,0.0005639593098721799,-0.1104123411268655,-0.4691159375525981,-0.5840940713585568,-0.18908954688007362,-0.5787599865379521,-0.1699876563194233,-0.20455319546023554,-0.0019036803138697137,-0.49813830196687636,-0.05469526484576769,-0.47061481003594124,0.46139397260842485,-0.12161297747918312,-0.46928714744908984,-0.2213149680962598,-0.2157042129663145,-0.4374344906243535,-0.7504896764562332,-0.11851595257574003,-0.5166676191041435,-0.5957880933501186,0.1267605273970057,0.07476925349950632,0.14192722955128867,-0.03927818110379698,-0.40887623175098015,-0.5600543303517198,-0.4643517037683371,-0.20687015840127893,-0.09796442672224402,-0.23051126994942045,-0.3947277586485614,-0.42996092869765556,0.16156197512073833,-0.12003764237310989,0.19409321550305675,-0.4306410692690527,-0.38510068646932216,-0.49777288032072825,-0.11634900921755506,0.046003124668946814,-0.10940387832534423,,-0.1005851978905054,-0.381818910768276,-0.06252088495988539,-0.4711310752537432,0.11492093588213016,0.060179893929391784,-0.32372485462099,0.47498164131394666,0.07148368546591477,0.12324294782587561,-0.08624915266240257,0.27401730702256516,0.23859699550847654,0.13700926012519749,-0.2045933902598864,-0.016181463394387263,-0.6559848606196756,0.3768365611838261,0.1357359057594061,0.08774236869011946,-0.017529706650164747,0.3736131871824879,-0.6489955454257911,-0.7537194110693847,-0.4567888304589809,-0.11296625612441986,-0.20013092843900995,-0.16444138092637703,0.2213401250781855,-0.7676388893405559,0.2421865423455727,-0.07403234113058632,0.09451528595789141,0.5068569020591408,-0.02584277023993963,0.3749070527246232,0.0870011899659748,0.19536806757603348,-0.16570397163885095,-0.3526998697317348,-0.036634800253154305,-0.22325032839798284,-0.6439058089615745,0.1264544044556968
TRXUSDT,0.8636344592419655,0.6819881687926835,-0.18479522989770758,0.4980242296736613,0.7824846389309572,0.5122092836392883,-0.4143796186065044,1.0,0.6838955133004847,0.6415328260731634,0.8337275263605433,0.27791180998217385,0.7329040593544114,0.6768793077902469,0.8496527040390617,-0.4916779224665249,0.6924553937066045,0.6056229025022976,0.231144883435013,0.7468808426752073,2.626878762685111e-05,-0.22896401003666658,0.56645816602978,0.5676446228446774,0.6852320610164252,0.679095485408174,0.31223071931462054,0.03371834628503497,0.8757644731619574,0.8595635186136056,0.5700853158405508,0.5933701001563374,0.5810453667157476,0.46017562116517424,-0.37255614333334697,-0.24304225744638547,-0.3405949922932734,0.6950978335548456,-0.10003577483099896,0.6651759471177854,-0.007225071512108999,0.8459765975907039,0.09691418361406516,0.7928391722231513,0.7317465801569916,0.46422015445305703,0.7115314731452784,0.6892868874879937,-0.017469206364655234,0.5700993372680823,0.4146402901773353,0.8864045276284613,,0.7823601797187326,0.5655943516366381,0.6976177043848943,-0.2308591375114801,0.46075557957869756,0.2788742032925505,0.5191239334021894,0.009753443076416393,0.4924889296062395,0.6238386158733285,0.5925003447658101,-0.030211396725912065,0.5626492949691849,0.7881621029659739,0.914174786114732,0.7456781452135797,0.7143838268138183,0.5059961204820494,0.7198165433109148,0.27704927794311135,0.3035663783910489,-0.465063090781193,-0.03847540120970223,-0.17181409736773567,0.7670324338841226,0.24663201094999343,0.6698402907342943,0.36930480064602933,0.7028184166727504,0.324973961558946,-0.15296123840650655,0.8372040969363923,0.6568133570662851,0.4385038807696043,0.7761870441194226,-0.519490815841636,0.5038948917935304,0.7294098004985351,0.755030441040982,0.5742458598207776,0.6290029851793089,0.6836400350430482,0.8096516016623035,-0.21675551830606815
STETHUSDT,0.8638300364579672,0.9715110100887112,0.0919251335964597,0.8997658571913749,0.85549236792336,0.8263385833451181,-0.20853946016170705,0.6838955133004847,1.0,0.7893116175242387,0.9114156116293842,0.3487164768165257,0.8530282457924037,0.9731419990380645,0.8579975297247575,-0.11869818210991225,0.9739609431393126,0.5326117042296816,0.2783871530979479,0.8173797501787141,0.35905572216027487,0.48528285729826065,0.040391776336535255,0.6802538717612963,0.9722269483149749,0.9742102731866498,0.40373404839995297,0.040325930119248427,0.8789552169261586,0.8724822833479058,0.4727413963063313,0.8431469118772466,0.8662845625913593,0.7034431706265108,-0.42876383213637936,0.06481222699243756,-0.03288025523946875,0.8146387061156096,0.3224269044393829,0.8478626385667432,-0.1317149232712712,0.7819487608839818,0.04335303697948467,0.7444505329838359,0.6255448263286221,0.74653464797131,0.5078657560049425,0.41997719248612747,0.11554062435375059,0.909581073213879,0.44465866397455245,0.8413952665036124,,0.6701826192133481,0.6374062564297444,0.7776346929123469,-0.0020143880409052893,0.7762004764798768,0.7416515094656072,0.8920016282688544,-0.10352860670458258,0.8121579403819299,0.9077232601048446,0.8765779526479749,0.6374324425635476,0.8226938362620089,0.4840667540763951,0.8809032805414873,0.8334999437233245,0.7661619251518197,0.6018902186209945,0.7290977195487406,0.7666844492880072,0.6993986358610591,0.13996773101714927,-0.11344032427037047,-0.07216996367037065,0.578129646413939,0.3700027025657212,0.9720827583717694,0.22394001777055858,0.6459781469847593,0.19182050030196915,0.14357741496982485,0.8149512656963587,0.9049767934809015,0.20729338077671436,0.8509736961780549,-0.5815315353791607,0.8217369992186234,0.5653358953095107,0.9686672350909032,0.6875536770236992,0.5069606982962117,0.9716619677106814,0.8458225958092112,0.5139192897812203
DOGEUSDT,0.7308812901848127,0.7846788895136205,-0.3440079672205861,0.8243033601892233,0.9316948145538365,0.9088386834932656,0.0005639593098721799,0.6415328260731634,0.7893116175242387,1.0,0.8623283652512809,-0.07502816301088915,0.5153476654005722,0.8012093693796712,0.7044186260968498,-0.5768363924817688,0.7935482852125371,0.7218031427069604,-0.03671954281465242,0.9575974387198893,-0.21513824703319648,0.4087501996594947,0.4714221234577494,0.770688882328416,0.7764991656598286,0.7811652054951709,0.34582270262200354,-0.3980106501711066,0.8748285720120426,0.7458587508106435,0.6208601952504622,0.8783232119577986,0.8525090664941638,0.7836823226682476,-0.2615502374372682,-0.2747375321844286,-0.306107297834116,0.8291775115870159,-0.1868959221774908,0.5267811674991218,-0.18491562355131508,0.5050697821470048,0.014190740200066188,0.7403184874604607,0.7796924661341462,0.8012904158079429,0.15597577921567643,0.6847817264902228,-0.19643292646094546,0.89500566580078,0.5923864439282539,0.7751598005941408,,0.6995387220094156,0.23248218155341066,0.8443435947696385,-0.4552636337847041,0.8130283518748339,0.7225616753571545,0.5392820159541143,0.30898863055629394,0.9029112861903531,0.9048949342103171,0.90562227845691,0.4939895941553473,0.6650436777989747,0.7269654304996664,0.7653195198808296,0.9574979494176226,0.49339311170599937,0.8678283436837791,0.8557526636008472,0.6221279510526995,0.7105594278212454,-0.025460317158994192,-0.48179657501754447,-0.43930924854252745,0.7594044159167627,0.5248715784342423,0.7839145676220624,0.1796361826130048,0.7453042766057115,0.10931109568014603,-0.061074482977609604,0.9203456928510765,0.8664290803845992,0.6037070543349451,0.9210289777244708,-0.27622295338063013,0.913313076015524,0.7674198691819375,0.8399114181127173,0.8026906190307277,0.7231741207379068,0.77993786625417,0.5908075131098359,0.3452203091015423
ADAUSDT,0.8798229441206715,0.9068643404584344,-0.17065213785939734,0.8304562360766449,0.9521651848249093,0.8352219323126474,-0.1104123411268655,0.8337275263605433,0.9114156116293842,0.8623283652512809,1.0,0.3028096366572709,0.7620335761572063,0.9155673469896549,0.8624822472198511,-0.3757511041375256,0.9146811236251583,0.7078059326016451,0.23073713368120344,0.9026055686338156,0.07719933588986023,0.32140278022231333,0.3421270084521134,0.6883417544411281,0.9037780870446581,0.9084418728722526,0.3076484376105031,-0.1624869290235901,0.9732019463533583,0.8921614545696612,0.5279180808527172,0.8481622932921943,0.8639046728286355,0.6697920803541894,-0.335968431280256,-0.2712117430575569,-0.33921191390654903,0.7897300839533423,0.10417708924743227,0.784350276085412,-0.06741570489185078,0.8114459712864859,0.05283615951719433,0.9119176152366664,0.7375635253795434,0.8233929636932327,0.5648271070019113,0.5232446787444689,0.011364222835847652,0.8630408902912783,0.4964535569991133,0.9309032826636542,,0.7643013370800068,0.5482634997452502,0.8308516488696305,-0.22247094641265078,0.7188481849856116,0.6903494591489268,0.7364862912192371,0.050670486864097,0.823442788161429,0.9279530440310407,0.8755953111474085,0.4838809046865546,0.8483732987670031,0.762491611054081,0.9596339832771482,0.9185273196950721,0.6892231953864063,0.744485631770156,0.8705762097882722,0.6898979851623727,0.5583078605983793,-0.04893411257197726,-0.3024778284613161,-0.30255655037142,0.6675989675951267,0.26254944643214956,0.906312975220482,0.17929978215188844,0.8430721433242307,0.182761627904679,0.11241538616933491,0.9268039883141412,0.936587840443955,0.513555660303948,0.9427303169135983,-0.4757765444644131,0.8363263370991969,0.7701881325305653,0.9647525001522559,0.7219632733083634,0.6929084254972733,0.9053289492045457,0.7974797146625133,0.26410203816713995
FIGR_HELOCUSDT,0.4759199614412815,0.3429058461656046,0.6880941061039033,0.33291620700772395,0.09991090249974714,0.037523149593048,-0.4691159375525981,0.27791180998217385,0.3487164768165257,-0.07502816301088915,0.3028096366572709,1.0,0.5874401092789224,0.34098374298115636,0.5068044863450543,0.5799377312869608,0.3361504149812424,0.029875383077831028,0.7455435499522621,-0.03139215373596708,0.6873030070991573,0.01650474360935658,-0.24559872279815045,0.25381773375273675,0.3507465941922239,0.3633789016777423,0.18204232689015576,0.5421228921107815,0.17519095421237016,0.4739776210235503,0.2203861743761316,-0.10567492146431265,0.042094158245459486,-0.3353182551483158,0.23580342181430772,0.01006311248503836,0.232776257134009,0.19787313601945247,0.7185884168813287,0.3341549676657668,0.47382762510831994,0.5132526128260927,0.31645847525658777,0.1889965648803636,-0.06143393159643558,0.22047128377847686,0.6843593341166172,-0.3173427579383656,0.707914264226742,0.1712020399162598,-0.11786224901630066,0.1796397106462813,,-0.08303602561547313,0.4951113709375938,0.04357151962256143,0.6831016602426065,-0.24625048402875907,0.2356218264611586,0.5088897446895663,-0.604967021947437,0.02987349145089211,0.09292499022634727,0.15063522756227862,0.20116543564089737,0.2450789174493135,-0.06506200920879082,0.3170217843561363,-0.03153812514441443,0.48841063829424847,-0.25970840113425864,0.008093902880728336,0.36041357562697,-0.27378363136855294,0.13140862968354397,0.2912677583372912,0.5653353468430679,-0.06341164074079132,-0.5924495902599085,0.3543206567628577,-0.35127693747970745,0.14901374933022687,0.49131129154736863,0.4241967877295865,0.007598578319320101,0.16624127029056565,-0.3077911591228043,0.0974619254596307,-0.3538569631492783,0.02195772735893223,-0.19347266036280342,0.3360740848412011,0.18002420309570646,-0.012456790958680748,0.3536470978214112,0.5630651038787908,0.1935963670631336
WBTUSDT,0.8917215395614565,0.8519252631075527,0.40480059127182466,0.7376154905863177,0.6250763127394342,0.5683217217061898,-0.5840940713585568,0.7329040593544114,0.8530282457924037,0.5153476654005722,0.7620335761572063,0.5874401092789224,1.0,0.8415079691719554,0.9075599840374413,0.0641878997088445,0.8509096648324224,0.4170265754640149,0.548984321988853,0.5825476870023354,0.6017325748044836,0.17338318827502425,-0.017184886916234515,0.6286222198857563,0.8580490186619565,0.8596290824421108,0.37900617841936923,0.4634438448217522,0.7205727861451442,0.8849674120152736,0.49652839964233136,0.5781567592844481,0.6418849834739031,0.44259290347779956,-0.33075911387294227,0.23191715911942878,0.18759224521131151,0.7391930696747772,0.4827046972502209,0.7813061334944836,0.013133989562805525,0.8808147062851157,0.26900558549319253,0.5504557454872522,0.43383737401810984,0.5007630286206329,0.7263187660815454,0.38196262680446585,0.4105036700910092,0.6848594278827665,0.19222617898262082,0.7179258047003534,,0.590575638620089,0.7889839716541444,0.5427204154103201,0.29790844428881186,0.52224218410447,0.5327224938341423,0.889123299868616,-0.42013266742918415,0.5465399335291155,0.6312102893477949,0.6710397902227848,0.3970297096453472,0.6171732126914784,0.2910539889027502,0.7995014876355002,0.5981613829745189,0.9337593498644631,0.21714411317940854,0.4583136166894907,0.5824641988821921,0.49942008694605944,-0.0405871999410921,0.29269107835497854,0.3026996355471444,0.5416114524832504,0.2086343216501385,0.8494699731681028,0.24547390431115593,0.39147966481028557,0.4875390782952237,0.12517999657308024,0.6083431748598768,0.6638597141105466,-0.11506402426241538,0.6225997656241183,-0.6138167159261881,0.5476544337592264,0.34295096083542903,0.8292866030424692,0.6134898017505257,0.40198855472373907,0.8600115231576829,0.9518234450117603,0.2864180607236069
WSTETHUSDT,0.8596800925736862,0.9710499344840681,0.07818617805111104,0.9079080442060098,0.8631939026416136,0.8388529151833953,-0.18908954688007362,0.6768793077902469,0.9731419990380645,0.8012093693796712,0.9155673469896549,0.34098374298115636,0.8415079691719554,1.0,0.8530998922740548,-0.12883298409260263,0.9736342945640959,0.5442635371023399,0.27177787025390465,0.8256239642238951,0.3413766077216677,0.5002611126793209,0.049059112325911695,0.687184876199505,0.971179822021087,0.9738685896818112,0.398892134422206,0.01796476602407292,0.8813687016607076,0.8692347710002948,0.4764629271945962,0.8497608274745404,0.8734508572849942,0.7078268160808697,-0.41529888769243734,0.045574378290868904,-0.04561327093357595,0.8159869953861706,0.3139797080902191,0.8388803398827893,-0.13020463991270229,0.7718346437519361,0.043567634429410085,0.7499222996550048,0.6290728266289032,0.7628554704340087,0.49385822565133325,0.4191880660902942,0.10983106396872826,0.9170384993167087,0.4503656239014155,0.839593637002586,,0.6680347342497656,0.6220699593087812,0.7824815547620224,-0.01539351199639219,0.781080541808416,0.7554509333134699,0.8857659412618842,-0.08967165289968047,0.8253404390393423,0.9166391734606095,0.8860879229409083,0.6496065632193782,0.8274068051164644,0.4932381025021955,0.8782165403426695,0.8418546645984211,0.7546116742528679,0.6180642319164064,0.7383887377872008,0.7766258414826294,0.7019504804654991,0.14850459007878036,-0.13730525564664406,-0.08917335470779682,0.5782757287962151,0.3670126012093384,0.9721370833028652,0.20948657458316403,0.656502214627463,0.1863368323812533,0.15002315169857383,0.8200139225404263,0.9125148738037063,0.2258191394546037,0.8582413185441677,-0.5668977347934852,0.8349401796015488,0.5731010883109963,0.9706315866207201,0.6963805175178559,0.5179141730927083,0.9709671279460041,0.8359750221121887,0.5224471866356464
WBTCUSDT,0.9975988493983055,0.8540661346527229,0.2213985733686374,0.8031394705076089,0.795523067692121,0.6731817245227331,-0.5787599865379521,0.8496527040390617,0.8579975297247575,0.7044186260968498,0.8624822472198511,0.5068044863450543,0.9075599840374413,0.8530998922740548,1.0,-0.17790456394314777,0.8576065583835852,0.5520139491143037,0.43173265626619006,0.7689492341632578,0.30969365222444334,0.07424829906093079,0.32113270520563963,0.831440280023378,0.858038848466773,0.8593786331315356,0.5239360162418801,0.2230661840275845,0.8443188235980088,0.9949272127429535,0.7633243675363899,0.6186616387665242,0.6601207298889745,0.45740340099543775,-0.2227097503535103,-0.010444290514083075,0.040504431985532885,0.9019812345935461,0.20395249330910709,0.6698939085218795,0.08643279662275985,0.8226898104573079,0.24120164359811797,0.6416417870996729,0.6733563470647077,0.5880969296438037,0.637966982333007,0.5931892391023497,0.2642322005726597,0.7969162229091615,0.4218626801825974,0.7923821339137453,,0.6216424065807734,0.6032139769754304,0.731856080438975,0.07709472608794687,0.5144733004201808,0.5639475769681228,0.7709896567026607,-0.18333008559332153,0.6541509378556157,0.7042123207621978,0.7758014314017279,0.2932104354027061,0.5570775985845765,0.5283901412417799,0.8682936645379,0.7552158945267338,0.8690443010831036,0.4300973080956983,0.6469357520809051,0.5467208726014654,0.45866831975227357,-0.17640712858211588,0.040868662285816384,0.155437876968985,0.7670031197947321,0.26257719284485004,0.8507793106456617,0.1775374236251244,0.5817031822813263,0.5337325337719614,-0.023158437964068957,0.78868440106021,0.7200630838676931,0.15490289808415975,0.7892718360943377,-0.5898421586973764,0.6561973450966071,0.4943242988617053,0.8761007171772611,0.7826071638436234,0.5544652867846344,0.8595670470122253,0.9748042338346049,0.22806042265731907
BCHUSDT,-0.21161174644489453,-0.11553269868177732,0.7957925132390283,-0.1159963759578863,-0.49683152786956575,-0.4082769971633412,-0.1699876563194233,-0.4916779224665249,-0.11869818210991225,-0.5768363924817688,-0.3757511041375256,0.5799377312869608,0.0641878997088445,-0.12883298409260263,-0.17790456394314777,1.0,-0.1302592381677322,-0.6684382327468305,0.3163261793700968,-0.5851810012824625,0.7847139615398097,0.19174611930424482,-0.8420156171973252,-0.31714842125565784,-0.10200774582429299,-0.10362625679588781,0.11786722117540996,0.5379172057177106,-0.4691113610715419,-0.21539437160620753,-0.34423796960052105,-0.4690333999240539,-0.38928389724275614,-0.5066463026853151,0.09139415033458474,0.5379287906979522,0.6200018672526945,-0.312643572569151,0.7428472299715371,0.01229175860258324,0.23938166096178257,-0.14562542186459723,-0.06564173474110321,-0.4539020673537495,-0.5178019486858367,-0.33669582538285947,0.07358893206492419,-0.7795728855896272,0.45335040462573906,-0.22856492691715227,-0.26996392265725727,-0.4202098617545102,,-0.622230740656608,0.14626261027496382,-0.3790616008739352,0.812561262813748,-0.44786969334907933,-0.12264696287379956,0.17864958941898085,-0.5222098649063602,-0.4064973350935589,-0.3558684006869621,-0.3547228306422985,0.17447672776953405,-0.18171692182893462,-0.7583189108295242,-0.3433829005740893,-0.5957788993708225,-0.06723358709310817,-0.6258927099223354,-0.527714778752037,0.04779611361590376,-0.3253082037507863,0.5116985816790143,0.42349564552498126,0.6907099093775422,-0.6345982769214453,-0.44477632149432117,-0.10446065215252538,-0.3006330320140267,-0.4503276915014489,-0.008913858316774066,0.3322457413376375,-0.5877096597406267,-0.3308874313619815,-0.7672845181829652,-0.48466400071126337,-0.22894903887359597,-0.415223437697658,-0.7619809581278706,-0.22693996838631486,-0.4305525714659948,-0.7182120790833199,-0.1104963341526611,-0.03693375276325588,0.44776617731206003
WBETHUSDT,0.8645155471437024,0.9724133329880732,0.07628020184341242,0.8935461366126878,0.8619802412821946,0.8247405186603427,-0.20455319546023554,0.6924553937066045,0.9739609431393126,0.7935482852125371,0.9146811236251583,0.3361504149812424,0.8509096648324224,0.9736342945640959,0.8576065583835852,-0.1302592381677322,1.0,0.529668676967536,0.2624428384755039,0.8239429432874261,0.34920779835179927,0.47673541599964525,0.048417350008105646,0.6746168435762387,0.9733770800134736,0.9744812454970563,0.4093912650581279,0.03009826285109959,0.8864339190362356,0.8731297635034612,0.470157938981411,0.8487275360136207,0.867330967420374,0.7113718329734652,-0.44669895057465714,0.06459378431544725,-0.04257711858356083,0.8157027078579968,0.30793793946246506,0.8550252436372013,-0.14046763007453145,0.7833644166874543,0.026966372059799928,0.7523129333448341,0.6383961180660264,0.7406301945658361,0.5077472336514072,0.4293232095576021,0.09552820841416595,0.9103050724931494,0.457727986697998,0.851246923996664,,0.6784091036840869,0.6371448906825404,0.7878591267953673,-0.01633603823531816,0.781296990859656,0.7318686305018196,0.8879110737949888,-0.090011589295772,0.810386391844863,0.9112621754917632,0.8747013163565125,0.6268892849386113,0.8247276265684197,0.4949701471243416,0.8882020413261071,0.839283697954131,0.7619203967274342,0.6115995291841869,0.7386407430425064,0.7579076770028329,0.7014411770866065,0.13134648933472348,-0.11899170859566095,-0.08477894575884061,0.5845965945210948,0.3821572128150009,0.9724198178967844,0.23884159505491442,0.654510033301783,0.17814207858200248,0.13061823118569676,0.8244412893990586,0.9078490166926892,0.2177157627075315,0.857717760693112,-0.5915136778658435,0.8205779920864427,0.576138211210325,0.9703057661067906,0.6811127273267836,0.5051364666399772,0.9722265108524138,0.8453333267943753,0.5061432386103116
HYPEUSDT,0.5554749022072435,0.5222705033452737,-0.31615878090656774,0.6222365346619222,0.6603631429109162,0.7538136409781538,-0.0019036803138697137,0.6056229025022976,0.5326117042296816,0.7218031427069604,0.7078059326016451,0.029875383077831028,0.4170265754640149,0.5442635371023399,0.5520139491143037,-0.6684382327468305,0.529668676967536,1.0,0.33933070726379394,0.6957590776754488,-0.2626450308740268,0.22950604976514502,0.5598562949883445,0.6411308829170642,0.5027159155661756,0.5307208011718999,-0.22953003643274356,-0.16413935353007578,0.6559448897397192,0.5639214890422818,0.4742328711724673,0.6686491853622686,0.741474997439316,0.5542233950884538,0.17481889293561267,-0.5336415065495919,-0.4505686581387139,0.5309178478745544,-0.08074298502417737,0.2628851005231347,-0.045186865411168044,0.5673276248360557,0.5496831333850377,0.6452307839439015,0.3573547125343902,0.8314136105126871,0.3223602731381588,0.5920970233488212,0.21809953742141241,0.526854993424736,-0.007981158338093363,0.5636764957144045,,0.7334669714117702,0.2749406573202824,0.3674821829944683,-0.35546249895611626,0.6098139112517392,0.6759917304103236,0.36860336126423837,-0.005902793066064148,0.7493047891052548,0.6447102982468043,0.7340024052141999,0.391161508462211,0.5883337640342228,0.6870813388023823,0.5797599975399321,0.7546564069743386,0.5571791819253639,0.5595848724965626,0.5648448279062933,0.5389383481467176,0.49875009346598587,-0.2220879996555286,-0.24853029649144398,-0.38389771080228746,0.6023253861940642,0.12975020723072775,0.5272373104973364,0.0029894543769961347,0.5252286953600017,0.44051741179382226,0.19911995592207507,0.6463111344599279,0.6623067591183568,0.5582552561038511,0.6395257861393548,0.23313762700789295,0.7473821030437384,0.7348112135841818,0.617137764255289,0.8115912950558006,0.9856079442842745,0.5275845171314442,0.4322237948643565,-0.09873074237992771
USDSUSDT,0.38590262973958783,0.27045144808980065,0.634790684774513,0.3479162555510653,0.004943282428369959,0.1492911837871025,-0.49813830196687636,0.231144883435013,0.2783871530979479,-0.03671954281465242,0.23073713368120344,0.7455435499522621,0.548984321988853,0.27177787025390465,0.43173265626619006,0.3163261793700968,0.2624428384755039,0.33933070726379394,1.0,-0.03606361479110245,0.5827727789404137,0.06229379123208179,-0.1570427150509545,0.3298119752261719,0.26621427422135163,0.2945224628546523,-0.18584865798217018,0.67617071675858,0.08813780188872011,0.37667706117181304,0.2231096977453885,-0.011693926747837835,0.1731057593641805,-0.15880140446547203,0.412127461323775,0.021423767115858604,0.25346864199962355,0.17662850233598215,0.6691116711694948,0.15325509750741176,0.32453856176581247,0.5164178012488088,0.7475520231583224,0.06553856394940007,-0.278123867495387,0.3156804234865565,0.582419836544185,-0.0981955159289621,0.8976370183337101,0.0891389372662637,-0.5010694031240005,0.06372030476028705,,0.11759843088186073,0.5048870786196141,-0.20472708741874265,0.5991745382950431,-0.049024733315175276,0.3628586672625182,0.46972124417583316,-0.7411853509819798,0.14010671953693418,0.05151966673098576,0.2225233424890583,0.27951763778263194,0.20758334108874232,-0.1205312996584249,0.1862248825749203,0.013247660414951143,0.6371476184638909,-0.3435359207123027,-0.1513158953621663,0.3810060036961587,-0.00877634337197111,0.007636778368725388,0.4769155114451108,0.5457720878057227,0.03345420849883898,-0.44001489337960253,0.28256313089485663,-0.26876256814317584,-0.10048591280860338,0.7446093640000374,0.4650436599211559,-0.06365666466312543,0.12634432941883778,-0.36828478229513134,-0.004880528313615759,0.06557337906316336,0.12153649162529793,-0.1189174774853474,0.2617266561606578,0.388027040054243,0.3074070400345233,0.28801964959056436,0.4745098692740744,0.016819914379412226
LINKUSDT,0.7970798627082032,0.813966188064595,-0.3458161034077454,0.7946705488281486,0.9635179173934156,0.8699904397205989,-0.05469526484576769,0.7468808426752073,0.8173797501787141,0.9575974387198893,0.9026055686338156,-0.03139215373596708,0.5825476870023354,0.8256239642238951,0.7689492341632578,-0.5851810012824625,0.8239429432874261,0.6957590776754488,-0.03606361479110245,1.0,-0.18605286794204512,0.2988695754365883,0.5070752735325219,0.7572953655876635,0.809102601505375,0.8086264686542013,0.40494942404508605,-0.3563229859179166,0.9322755896925656,0.8092194529161082,0.6379417885217931,0.8757310339792233,0.837619025294182,0.775034333071348,-0.35436461964777066,-0.25467688168007596,-0.32380741219121395,0.855184444997836,-0.2015875861256067,0.6054278908447932,-0.1796916436164146,0.5882466885740733,-0.03549240308017606,0.7942885709573164,0.8471924956146075,0.7498238666066728,0.2600653408997162,0.7271404693299929,-0.2275477016298235,0.8909064109115289,0.6425906505570071,0.8544710734620216,,0.7481283111414001,0.30529900247223307,0.8956395629032073,-0.45157525147083727,0.7936987439466205,0.6483611833154854,0.5634293882060395,0.3017576696643109,0.8607246063197476,0.9052585591393777,0.8844437401249958,0.4008005244825682,0.6771563242504226,0.780342624810816,0.8462563421598625,0.9709708066227124,0.5439651599051668,0.8618668639795967,0.8933965296755151,0.56941689309523,0.6734327772120986,-0.10876842641900564,-0.43426911992392614,-0.4211607678396549,0.8064643493735718,0.5353034402280747,0.8096592455210581,0.25927886422696184,0.790835283190031,0.10957964729380448,-0.11936560787366951,0.9691748159815126,0.8744823984758062,0.6069471494503107,0.9546072019868624,-0.3907929308864673,0.8735359025023882,0.8021957095405715,0.8720040398052389,0.7730045882377302,0.7031992322740976,0.8090702740226438,0.6672568835549639,0.2710188685784988
