,BTCUSDT,ETHUSDT,USDTUSDT,XRPUSDT,BNBUSDT,USDCUSDT,SOLUSDT,TRXUSDT,STETHUSDT,DOGEUSDT,ADAUSDT,FIGR_HELOCUSDT,WBTUSDT,WSTETHUSDT,BCHUSDT,WBTCUSDT,WBETHUSDT,ZECUSDT,USDSUSDT,BSC-USDUSDT,LEOUSDT,LINKUSDT,HYPEUSDT,XLMUSDT,WETHUSDT,USDEUSDT,WEETHUSDT,XMRUSDT,LTCUSDT,CBBTCUSDT,HBARUSDT,AVAXUSDT,SUIUSDT,SHIBUSDT,DAIUSDT,SUSDEUSDT,WLFIUSDT,CROUSDT,USDT0USDT,UNIUSDT,SUSDSUSDT,DOTUSDT,TONUSDT,PYUSDUSDT,MUSDT,MNTUSDT,CCUSDT,TAOUSDT,USD1USDT,AAVEUSDT,BGBUSDT,NEARUSDT,BUIDLUSDT,ASTERUSDT,USDFUSDT,OKBUSDT,ICPUSDT,XAUTUSDT,ETCUSDT,PIUSDT,JITOSOLUSDT,ENAUSDT,JLPUSDT,PEPEUSDT,APTUSDT,RAINUSDT,HTXUSDT,PUMPUSDT,ONDOUSDT,KCSUSDT,WLDUSDT,POLUSDT,PAXGUSDT,USDTBUSDT,BFUSDUSDT,SYRUPUSDCUSDT,TRUMPUSDT,ALGOUSDT,HASHUSDT,RETHUSDT,USYCUSDT,FILUSDT,USDGUSDT,ATOMUSDT,GTUSDT,RLUSDUSDT,WBNBUSDT,ARBUSDT,BNSOLUSDT,QNTUSDT,VETUSDT,KASUSDT,FLRUSDT,FBTCUSDT,RSETHUSDT,LBTCUSDT,XDCUSDT
BTCUSDT,1.0,0.9047901562928605,0.24682308126146377,0.8878037094700041,0.7635425265752176,-0.24634085868457742,0.59834401679585,0.8557750912189316,0.9084185581643328,0.6920665775987381,0.8904119242404589,0.4431947094730896,0.3890513312297284,0.9017429618383009,-0.07295278225156598,0.9782859328550934,0.913239697990456,0.38109793517382606,0.02230149709813866,0.2941394624669139,0.13108881725269853,0.8065929253470275,0.47595764551898434,0.7893967341206918,0.9083816496115414,0.22920450936613787,0.9097864524523055,0.5926948017013695,0.8149651122230099,0.984069916353953,0.7619523257505731,0.7877063037049251,0.8274092926042809,0.7099446856409553,-0.16231396614535384,0.14974752684214,0.10046868559317795,0.7617746473099041,0.04046540522645461,0.8208385758177223,0.18015707488481525,0.6429878257303647,0.6937784400188908,0.18214543974458294,0.5154534092365308,0.6956519748582475,0.586643259303538,0.7662817850569421,0.21868900641262595,0.8117013224015984,0.4770826861358011,0.6846238538861981,,0.5013239690459668,0.11103993635019258,0.7749806509312339,0.5451105869004064,0.40999167145065324,0.7908606065812068,-0.19276192376144008,0.5850965593617063,0.7141429560711238,0.732759925603892,0.7742376069339391,0.5578450453364997,0.024590691465374872,0.8457224633468937,0.4358313117138431,0.8217965180597356,0.8288031902216318,0.48116727409119214,0.6820175189708682,0.38132666776425056,0.0896219422580564,0.2551181390085774,-0.22968329172806004,0.6045893219800997,0.8774713787156776,0.47242781446855825,0.8914687945901132,-0.6647737550865915,0.5376883541413203,-0.4306812737015939,0.21608943444007606,0.8278828536192966,0.45776382533895266,0.7713875525297395,0.7594622848705078,0.5858659350520081,0.7366866200670527,0.9055624555058628,0.8879774283952856,0.7520596290537512,0.9545828537806627,0.884909626348063,0.9782279727344296,0.22432624649684385
ETHUSDT,0.9047901562928605,1.0,0.3904033745450414,0.8692834471618287,0.8851767441082505,-0.003269648563154041,0.756720615371183,0.7973480714843066,0.9894980023793709,0.8122331915163647,0.9117805133440521,0.3941840766324574,0.6162546500425599,0.9897173180002823,0.17120108855454988,0.8898799153402333,0.9903449224762226,0.20743223379814568,-0.2756844591788168,0.4834987193028126,0.4361148383133475,0.8427663236157281,0.3183439384044205,0.7366926669112953,0.9893182139866201,0.17266392610703932,0.9891606644464358,0.6081910541842221,0.927479164863225,0.9148352677897119,0.6319299137842456,0.8134467548186319,0.8606277922641999,0.837151365206039,-0.15206296101034225,0.289186613994021,0.17722051223570565,0.8527739065418489,0.1365970768780574,0.8420404053618056,0.1733594718903938,0.7767677579998281,0.8401800450003492,0.01648691973550364,0.43491455193937223,0.6306665462362208,0.5107573056472993,0.708410704648049,0.2317046468879526,0.8735439587601074,0.5213294213405771,0.6360658458084084,,0.6973308421576805,0.21063249039721377,0.809764386136451,0.361218844542868,0.4603937052019695,0.8994806553684,-0.2101691739767923,0.7453273225568996,0.8298725268196399,0.8449363350811291,0.8358116082937131,0.6424469205723867,0.015261159404982131,0.8877682675412207,0.5999178976807926,0.8371075337409164,0.8335520141834882,0.6283228235562791,0.8210707787651137,0.40116941908561493,0.021634327767299708,0.376593772215485,-0.04613078166975701,0.790316531673227,0.8180625978226245,0.40696678400324576,0.9742372188296099,-0.7682332125391584,0.5427974149279969,-0.6092293050596538,0.3176843463992446,0.8558828222731467,0.19586720775333105,0.8929028305883138,0.8759814628072649,0.7472706764476115,0.7649599188423605,0.9723447566314123,0.7892095010265983,0.5438740008464527,0.8494719531707756,0.9646985457975302,0.8732663763706725,0.4242325987753482
USDTUSDT,0.24682308126146377,0.3904033745450414,1.0,0.3674133360218268,0.21170420259876166,0.009311054972772308,0.4283839097935108,-0.03577881573405215,0.39199459211529153,0.2659144775150165,0.03669597397017951,0.5198754800497806,0.6551053224382744,0.39470809207227453,0.8352381305897228,0.277860669015533,0.3683218365673382,-0.4953889645832044,-0.2813356982022429,0.9034886152639331,0.6482400541337557,0.057769059743415334,-0.29820960011307784,0.4266965617505885,0.39150074675519264,0.6958357287861506,0.40281570898703634,0.3339084223252796,0.1966423392952109,0.24805873346184795,0.2765998236940654,-0.10736506100081022,0.05145469898558272,0.13712210596260072,0.3876349189092347,0.9098278712457218,0.7540385216773275,0.5402452559828191,0.7056791716315574,0.25771274015309414,0.6982091419510804,-0.0940682500953786,0.22535541065830647,0.3188549006957517,-0.03178463070982384,-0.2895296456481826,-0.23579458792880523,0.1266354099727798,0.7807627806396046,0.31555537186518257,-0.09645732483258561,-0.28275840989618556,,0.6207805167566568,0.8007883966401794,-0.02898663426819187,-0.4695499403162675,0.332058254989719,0.6482432329130269,-0.5620205488877803,0.42048320328809435,0.20373400739314437,0.426666853238205,-0.0358149670445212,-0.1886282528671651,0.04622491181683731,0.07526897604861031,0.04632292630375909,-0.008675177305705441,0.5989450375991001,-0.10930872856157653,0.025791769327496,0.18173163972468676,0.5741064763398982,0.89183321326302,0.3428262233433646,0.03108800898262114,0.19411490116636168,-0.2981595423340383,0.3939596463519925,-0.3940280810328649,-0.33172143276554844,-0.4602721326248945,-0.41562353037256045,-0.02307099778582137,0.3385382374508559,0.20679806293840056,0.12041122733200377,0.40026216926383856,0.2484326531160189,0.2701125464223814,0.18205167671808192,0.08060782641074586,0.30360513336041806,0.39788822465351836,0.31083315233152164,0.6290207668122486
XRPUSDT,0.8878037094700041,0.8692834471618287,0.3674133360218268,1.0,0.8603391627295657,-0.03876765907136873,0.7394863219452007,0.752940600896117,0.8751889462350876,0.8292438996243293,0.8049580523487233,0.21488711442741584,0.4670569302543907,0.8821669215867124,0.09711077358620138,0.8802238400270702,0.8675830376001965,0.3097112122567675,-0.15290492901432226,0.3294893491713336,0.36140801948974877,0.8214314925700592,0.42592527885821546,0.9264629825226087,0.8646970142636741,0.1468726007193817,0.8759238331163274,0.7091926525995866,0.800358268447856,0.8972338147977014,0.8463770345534364,0.7540435242556165,0.793806826593913,0.7756933856627516,0.1941745102970304,0.3035469878656392,0.11150850741794792,0.8623056081043273,-0.021463738904562536,0.6834833365420879,0.3812236126165454,0.5619854332769862,0.546916050584674,0.26304028938617663,0.1487987119855518,0.5783140030543917,0.6180309593918952,0.7981948708193058,0.33561282063952663,0.8426915196871905,0.5574305339755158,0.4119018216802797,,0.4367526312811445,0.2298011929999062,0.7705859679202044,0.35338842452363883,0.4200990271801061,0.774406764117369,-0.2743976236707356,0.7302051703803759,0.7388636233969648,0.8397352702830803,0.7162396789409591,0.531454407451837,0.013461410045179303,0.7753572778657493,0.289864807359001,0.8276702116937417,0.8012841199813121,0.5709213738482918,0.7260257426561179,0.22683773783934155,-0.01975508467738618,0.42411006160606374,-0.08324203974727186,0.670147766416814,0.9253635416999041,0.10966835990578806,0.8617936611341729,-0.5489462250573435,0.5433459821003946,-0.603266197712362,0.28758337252328076,0.8365182234228374,0.40864340666888027,0.8601540008371585,0.7386043223827498,0.7240604428652638,0.8793365629307657,0.8705305073630838,0.8791888631015273,0.7992649359335556,0.7825799565576724,0.8530992948054335,0.8713857008713118,0.4810090483400175
BNBUSDT,0.7635425265752176,0.8851767441082505,0.21170420259876166,0.8603391627295657,1.0,0.2522318088419154,0.841487357982558,0.7598828200591343,0.8899045542460602,0.9464393379477811,0.8956113102950031,-0.031911994223944605,0.5458501372788529,0.9046983250175107,0.03837182192189246,0.7328116702799515,0.8869343154045662,0.3584957037129232,-0.42689183392479313,0.2164961818565231,0.5142543940327926,0.9230298459095331,0.4286457037612075,0.7642636733174716,0.87739670529388,-0.18774963428105948,0.8838858197685459,0.5983600887753233,0.9397107287599237,0.786341677623585,0.6393227720883202,0.898211789580938,0.8998733326503151,0.9513555190919133,0.060166515093272824,0.12614569806978815,-0.1219577762447189,0.8339726755520178,-0.19527483620798644,0.6748519461952753,0.11114015317419793,0.8329771500852008,0.6783227125624989,-0.023941849648157855,0.10807876490945752,0.6594416272547451,0.6843455199621991,0.7619219891544465,0.0721336656481238,0.8645258019381376,0.6526763554190411,0.5264383004233336,,0.49259813177166495,0.024884399474923033,0.8707111861341532,0.3536630833653157,0.42796804083421935,0.705936432087687,-0.07494981238660826,0.8376572127879285,0.8835248311246268,0.8901292182238343,0.8785147911803989,0.7841210013921032,-0.0067655510512502365,0.858680033533045,0.5371129611768849,0.930829747151847,0.6448771741987626,0.8521591382943533,0.9502541445773313,0.24557331699470855,-0.3338071034760479,0.2308812898855766,-0.01516357587765049,0.9434850579955998,0.8561911987290627,0.17274503975001573,0.8768663012007875,-0.5479817786614118,0.7322553548006079,-0.6825413965063873,0.6199185284787023,0.946097452677558,0.00641250029459325,0.9942831763442642,0.9095950002450972,0.8410675184583525,0.8609923963746852,0.9197489200556961,0.7657632270915181,0.5840847358548382,0.5981106320404621,0.8632384839682186,0.6924965732762979,0.47567461269001876
USDCUSDT,-0.24634085868457742,-0.003269648563154041,0.009311054972772308,-0.03876765907136873,0.2522318088419154,1.0,0.2328180628122912,-0.08349516710309136,-0.0024491235565708065,0.25821804199639403,0.0064011939802109796,-0.46996941181958435,0.18366728097365037,0.019916620066180824,0.1906239490572827,-0.2692606222306985,-0.012618643513042203,-0.11039878311931434,-0.47085253373208386,-0.01078977562800212,0.43697638357486995,0.0935909494782913,-0.07683999790933037,-0.058882029773105304,-0.015598190366280434,-0.39286109383832957,-0.008798172160617757,0.0005521183109334228,0.13687561825130043,-0.2199614093526065,-0.1840782658967152,0.11975343651524702,0.08368085392804132,0.26514900777530837,0.25164523563382496,-0.012343392378238758,-0.19607903164006468,0.061048938931364746,-0.16507016103705763,-0.10213941560088453,-0.07114934605458552,0.22128722527287822,0.03955491049283947,-0.2060211062480098,-0.40538758752569937,-0.09576721829032743,0.09826463158664665,-0.048784310693150916,-0.09920252846779642,0.025294645898807144,0.16965669014881535,-0.1908871105372828,,0.03783966808880294,-0.02224577307085738,0.07916748206772334,-0.19661530093294907,-0.025167480707507447,-0.04036990743534603,0.042115027532444275,0.26246423090289095,0.17876474171083753,0.15993978355444005,0.09754617243664797,0.2239605615827395,-0.03883705579502605,0.040907693016570386,0.12680073348255486,0.09494357885337083,-0.16240954214986397,0.3691675797695521,0.2815807818187668,-0.18522626607336476,-0.3962798169299307,0.020068853725800386,0.24982559250669129,0.37478097163869484,-0.056379554682674846,-0.3183090280229755,0.0019752846275424454,0.1240826082956563,0.22100269779419854,-0.24987235136922864,0.4080456081974147,0.11944150425222076,-0.5085427136487126,0.2451436726929449,0.166593762158234,0.26473256450180244,0.10105906792716449,0.028163048383567528,-0.15989378424196682,-0.2228675857513962,-0.38193366412075525,-0.005561257197314252,-0.3099907787637116,0.2927772778286104
SOLUSDT,0.59834401679585,0.756720615371183,0.4283839097935108,0.7394863219452007,0.841487357982558,0.2328180628122912,1.0,0.4323222512476467,0.7648636469850387,0.9540794092446272,0.7127353672703552,0.018014611221722116,0.8587208887892921,0.7856749742062634,0.14512292913547217,0.5779637309908567,0.7576584058067267,0.3939706606979509,-0.6877059596470533,0.3525800597137529,0.7984372461744831,0.851192514243689,0.41136563677226917,0.7848095175519401,0.7456742279346467,-0.05954744873631911,0.7574067609009878,0.30859822282650967,0.8648951422115893,0.6189680540923587,0.6278684159462181,0.6381311467225996,0.7659666824050788,0.8439477520733247,0.22501706952463393,0.45857998627978047,-0.050634745594579714,0.9374324255280755,-0.11232659345002272,0.4864605631041232,0.3401091897233165,0.6851051219532721,0.43799837211958226,0.11826378258403547,0.03389188851538694,0.43648313616822587,0.45154288519396824,0.8054378870432881,0.2679403757025681,0.8535043011573157,0.30187909618515796,0.35450785867510215,,0.7001980663068297,0.0596591414312215,0.5857992844900161,-0.025556231926460306,0.7953270464448152,0.626834462284566,0.03200328877542169,0.9984294427253557,0.8907598018374392,0.9821509356394603,0.7228040917776711,0.751649986092584,-0.0015848605971545068,0.5575970040326472,0.5974129420263055,0.7947367027048425,0.6488919671607613,0.7929691003414423,0.8164454213843618,0.5455416986729968,-0.2151958551533135,0.402341493894357,0.07443349039083705,0.7873339663171479,0.7872076704660399,-0.023695385029883248,0.7514888997338264,-0.4771817931759487,0.3960506133171066,-0.8378869693139619,0.543457964996257,0.6899429456299279,0.1610525781759694,0.8407160590235808,0.8036592452285901,0.990811623968194,0.6922792406904998,0.7625809284632904,0.6567465481412362,0.4876327703698245,0.44205274969459846,0.7437349195387896,0.554012459325862,0.4475964702677819
TRXUSDT,0.8557750912189316,0.7973480714843066,-0.03577881573405215,0.752940600896117,0.7598828200591343,-0.08349516710309136,0.4323222512476467,1.0,0.8115509112175584,0.5954089681733057,0.8986031802694835,0.22878688316979068,0.12305152288398687,0.7940123571562764,-0.23134239976249904,0.842169579824464,0.804830515121381,0.3600439257908872,0.19396892162530716,0.07812751581700883,-0.04843567783000968,0.721775166274154,0.5995236243842121,0.5746754798593641,0.7946153615890201,0.04836527313025442,0.8015136375956373,0.4668093847821354,0.7586449343454517,0.8597893876779353,0.52852405430864,0.8984366188967273,0.8751963924113687,0.7346945169619775,-0.14804150916557424,-0.24281765386617257,-0.17486119849414772,0.4976208783372458,-0.05505380395309673,0.8855352727351633,-0.08723494781155322,0.7541504111807273,0.7352647836919625,0.1784241944352379,0.5285058061624114,0.6291106820572901,0.7884204090083833,0.6167626130396223,0.09964843056232875,0.5884841374432728,0.49955408387848943,0.692640741344196,,0.3182189814819137,-0.0029436637473725,0.7428537324493613,0.8191738627305297,0.10452788619326306,0.665184734170159,-0.27252494634313335,0.42071276490839915,0.6540193061545209,0.5615347343909673,0.7672368720449748,0.6066134785327068,0.008884051283112772,0.9345721496200368,0.42902881287246014,0.8128642801375366,0.6955975224275468,0.48753402376998706,0.690369473101867,0.0988146086067946,-0.041438679960038916,0.011171009204248598,-0.3039928222711299,0.675739564833268,0.7475692057237666,0.4991112126269472,0.7860418345715379,-0.4055146980446449,0.822501759567182,-0.17330036884077676,0.3790384483926859,0.8747217044604131,0.2536238524947361,0.7645095564042477,0.7525096124621634,0.4289985118863556,0.5932437539236144,0.8515324186730289,0.776670326830153,0.6814571182208297,0.7971782703409548,0.778160264030225,0.8363730271302884,0.07657695401630155
STETHUSDT,0.9084185581643328,0.9894980023793709,0.39199459211529153,0.8751889462350876,0.8899045542460602,-0.0024491235565708065,0.7648636469850387,0.8115509112175584,1.0,0.8196282444945201,0.9157889132718727,0.39131263639265446,0.6213368121523606,0.9927260319958467,0.16735489843146334,0.8935439006490853,0.9929277424299086,0.21585032091350048,-0.2782724960695001,0.4817965027521075,0.4406913913942695,0.8490980503167996,0.3281273720764879,0.7453086661501693,0.9915800087382415,0.17226728224460774,0.9918481164690273,0.6061790075883914,0.9320941775732777,0.9185307484568319,0.6395414540517855,0.8173549728190983,0.8667302831924749,0.8426184120305387,-0.1438599560250867,0.2913191336181965,0.1718416190342904,0.8594738180162111,0.13230934751577764,0.8439144938879157,0.17863027086216327,0.7795272852209212,0.8369841694168829,0.025209451449559446,0.4332195812253189,0.6317500762930752,0.5176721348907133,0.7176010565027047,0.23680661601066538,0.8783630517191979,0.519208137974515,0.6364342977645044,,0.6998539862531385,0.20892648441905284,0.8106143824610813,0.3623854511884197,0.46908419945102103,0.9006390244713216,-0.2099821106371313,0.7535459107331587,0.8362859799403799,0.8527875411743134,0.8393463641677518,0.6483996028015365,0.01560891411559574,0.8891540887655424,0.6017908233200989,0.8434578100926976,0.8387383855372115,0.6331820200733763,0.8249320367920865,0.4057777098619464,0.020028448324212113,0.37843000996276094,-0.04829241750536036,0.7934261360134773,0.8259295113915754,0.4024618078516852,0.9768974189027434,-0.76490533973525,0.5463079866761813,-0.6138291526609314,0.32266553052634356,0.8597696461187173,0.20363972246528408,0.897500702580526,0.8800660432363482,0.7552813102615316,0.7686685043563013,0.9757338518474337,0.7960167434287774,0.5529386210464765,0.8511564132909024,0.9674174041450473,0.8772307216570289,0.42390541461257847
DOGEUSDT,0.6920665775987381,0.8122331915163647,0.2659144775150165,0.8292438996243293,0.9464393379477811,0.25821804199639403,0.9540794092446272,0.5954089681733057,0.8196282444945201,1.0,0.8219056635819021,-0.0913611656668756,0.687602219199314,0.8402175229492452,0.013482779591864577,0.6623308832658344,0.8154297378544371,0.47724262471564177,-0.5871089674544727,0.19380100484077098,0.6499789119220659,0.9435212805804767,0.47192261754434334,0.8281763481995628,0.8015603759619429,-0.2141076246933598,0.8108716008085037,0.4739350443084304,0.9199808776564915,0.7151117525466115,0.7008953769066215,0.7976936493482557,0.8535451269573752,0.9254563159767513,0.1678705952705178,0.26358738143446386,-0.16011272292939052,0.9156077734456742,-0.27340434021639276,0.5316969607260219,0.22718072997054956,0.765613443709724,0.5017902894752164,0.037981099000659525,0.005875019705234177,0.6139864184794189,0.6134915816596545,0.849042107891359,0.10972203757773523,0.9007378287674319,0.5263099820287975,0.4511222578352709,,0.5380137869082781,-0.03863200926233838,0.7739849636117941,0.17043839522063528,0.6497331851141145,0.6154022510184688,0.05940286489437075,0.9532959983087794,0.9120785431519679,0.9688942742774066,0.833550930363229,0.8174002378597687,-0.010568312070066572,0.7010778548364225,0.5463715585545911,0.9142348147541808,0.6118893273279313,0.8894017399234475,0.923841200708132,0.40648085212281915,-0.3688285734603399,0.27043711483925253,0.006746167695384536,0.8930003682876264,0.8787232676775356,0.045572890115216744,0.8053640388359026,-0.49290932589983694,0.5951213231192607,-0.8009232663574098,0.6536394404634042,0.8580319905544781,0.09019016638174625,0.9469849607535732,0.8723747533630555,0.9510433719850778,0.836413321698852,0.8436603250489063,0.7516593416411732,0.5973746635170306,0.5046574136108787,0.7935490036532336,0.624248330550095,0.4556582845824971
ADAUSDT,0.8904119242404589,0.9117805133440521,0.03669597397017951,0.8049580523487233,0.8956113102950031,0.0064011939802109796,0.7127353672703552,0.8986031802694835,0.9157889132718727,0.8219056635819021,1.0,0.18941383364551453,0.4465955587791246,0.9172659558529711,-0.20712502159426247,0.8636786230453832,0.9244425180885119,0.5087384277246665,-0.19008916194093903,0.13426612967544962,0.24653928480856113,0.9268772019518721,0.5923734782218034,0.6792903319390949,0.9096664162552834,-0.08378259975877402,0.9108984662017633,0.4398621626844413,0.9542285390558853,0.900885896582626,0.6105558174748592,0.952041132195615,0.970623871793281,0.8924855878208611,-0.22715509520826277,-0.0580406806583249,-0.1943562955701797,0.7395463072192906,-0.164189495251284,0.8368904836833664,-0.05653438344351757,0.9088625461581885,0.7764752158296355,0.01143299678548767,0.49335761639009384,0.7700986088877748,0.7251938872558311,0.7906895388370261,0.008030274826703585,0.8257089778633435,0.5275899696663487,0.80086247722611,,0.5379481087928704,-0.11784313808278367,0.8507429417317561,0.6097830521037603,0.44699858663564285,0.7075344574792888,-0.015097592888958298,0.7043917502195329,0.8710195300556781,0.8013931517858033,0.9348839721485306,0.831051141935913,0.0015473954060556579,0.9316301707649315,0.6626599646808078,0.9548698325115699,0.7116907007354089,0.7495855410894984,0.8934755210558983,0.4068616365474889,-0.20301245694261472,0.05055025869944343,-0.2242088796613674,0.8566667143888342,0.8590496906076097,0.5171534802616329,0.8978733204256876,-0.5929994608603512,0.7618423511881837,-0.4809970671289604,0.5617920593567289,0.9501230088634008,0.1633464758390284,0.9038864657831905,0.9275487454886018,0.7123822331978639,0.7097336712067421,0.9568649197007485,0.8265202508724269,0.6327005162685579,0.7922005230825813,0.8875195597262378,0.8392218855202003,0.15837452246309364
FIGR_HELOCUSDT,0.4431947094730896,0.3941840766324574,0.5198754800497806,0.21488711442741584,-0.031911994223944605,-0.46996941181958435,0.018014611221722116,0.22878688316979068,0.39131263639265446,-0.0913611656668756,0.18941383364551453,1.0,0.30413189785956385,0.36424335887699305,0.36557683099001875,0.4777021768006324,0.3935559843630323,-0.30618944515382207,0.2568850171303199,0.6935697002651195,-0.004301623557651286,-0.019122102074412357,-0.12223158892564187,0.12730594237386186,0.41094270537088284,0.833523092681309,0.4045365257462929,0.10629940953774984,0.14811211277850392,0.4203295135881782,0.11505560790892845,-0.026771381890577126,0.1011553586611787,-0.05196858514137514,-0.30999121881423075,0.4410620265618801,0.6473886883165474,0.22499870421181672,0.7607296489464371,0.5277025861677007,0.24333307916420782,0.01674189411682758,0.46028252642720535,0.21919526431691333,0.7068170443997585,-0.04155642352369309,-0.21618416067770915,0.03737677305391511,0.5071523284950729,0.1641967447459931,-0.23398275623464007,0.2601164815878424,,0.5846276734681437,0.507431090524415,-0.029740728587303325,0.06403157446274793,0.17183494220062812,0.6007689624303868,-0.4281858272284587,0.0012139389109159652,0.0677282068022819,0.10712423085234095,0.039081055210540096,-0.1839639504807083,0.06085073060885785,0.22151385256890066,0.22402625671380288,-0.03744665852814718,0.6067479980774073,-0.3593963366990116,-0.12520693759827428,0.36277979443320724,0.7842395164540297,0.45084774024594143,-0.04351985075292849,-0.1663925508635827,0.09065741267833552,0.44395094531915436,0.38607863730011144,-0.5158537857686235,-0.2699618449202273,0.02840553713955476,-0.5716874838377313,-0.03599842502387446,0.48732539628631155,-0.02284269289800315,0.0945437695870963,-0.004344010509471502,-0.06290740209116034,0.29189688836247873,0.2110136440456338,0.0630487603390898,0.6493178391514549,0.3944141625820056,0.5319113889213934,0.018673998957471988
WBTUSDT,0.3890513312297284,0.6162546500425599,0.6551053224382744,0.4670569302543907,0.5458501372788529,0.18366728097365037,0.8587208887892921,0.12305152288398687,0.6213368121523606,0.687602219199314,0.4465955587791246,0.30413189785956385,1.0,0.635049808123427,0.4406261353262605,0.38428402088597713,0.6138906463120918,0.06338145311902313,-0.7505333471387455,0.6560106682490804,0.8947484973034815,0.5495752583617324,0.07845709803074771,0.5195162127787254,0.6133085721176139,0.23191779215857644,0.6178405220235101,0.10559395998302477,0.661292314232043,0.4020950167681709,0.3485304698431304,0.28439343799771205,0.47600578196320864,0.5667273972011158,0.09462345953107318,0.7268479169508915,0.2774130227012616,0.8148159309558387,0.26552103871531324,0.3814004646862087,0.4004084862426667,0.47504217725925907,0.41834953553183574,0.04920067598342983,0.15183572062059086,0.14035824684118176,0.019096314263913148,0.5206811528823176,0.40650000637108735,0.6707282527202763,-0.01168146123371076,0.211619699005421,,0.8997163992211977,0.2676436945431245,0.26822164777470353,-0.35366832409962407,0.8236241007988153,0.6307535867818298,-0.02331090338614121,0.8563333155114613,0.6938410479027277,0.8074327358131305,0.46011303072371007,0.48427921713795924,0.014119077767294944,0.2991194512086124,0.6269013654935992,0.44831665326519315,0.6028846849675298,0.4958538743759312,0.5343699150681714,0.6758436176867306,0.10062474909577064,0.5718548637835925,0.222534378313043,0.518302269053707,0.4618060092799996,0.00034033081143152214,0.6116064000006303,-0.5537357802288945,-0.023537776375577767,-0.7718198898214963,0.21019789727330782,0.3243683685060294,0.12803016095989678,0.5477474946168169,0.589002693619535,0.8455104405653273,0.37578842544972496,0.5579188424625123,0.3625373343739172,0.11617385055907757,0.341571301059149,0.6096493302192371,0.3790947500716792,0.4314249244207875
WSTETHUSDT,0.9017429618383009,0.9897173180002823,0.39470809207227453,0.8821669215867124,0.9046983250175107,0.019916620066180824,0.7856749742062634,0.7940123571562764,0.9927260319958467,0.8402175229492452,0.9172659558529711,0.36424335887699305,0.635049808123427,1.0,0.16964201994693312,0.8858486279588323,0.9927933787090695,0.22488392814026748,-0.3037512232129524,0.4755643013779863,0.4644058742472172,0.8614017933761411,0.33374244726749375,0.7575452858937042,0.9909650102346713,0.1517175918638603,0.9918961783024726,0.6087073845494023,0.9406208225614278,0.9130269807332972,0.6471991057216135,0.8234121176264652,0.8731752200801901,0.8575699618946833,-0.12100664965652415,0.29730420519720246,0.15847437189956218,0.8725443037828757,0.11391642018033335,0.8332718226820429,0.18645670079487198,0.7857969846828546,0.8271803506620526,0.025102145394826313,0.40558685801047545,0.6321239090330152,0.5269315026983646,0.7289928216479208,0.2354150661995506,0.8880496576730875,0.5274334667345301,0.6252171022440322,,0.6985931059966382,0.2036703099397881,0.8165426234866472,0.34940854148768885,0.4810855011263918,0.8958848638345726,-0.20199540861672852,0.7749166203193458,0.8491463572871099,0.8693371298413765,0.8457509306014404,0.6623632546480975,0.014318646226387111,0.8872321171099321,0.6028095411336764,0.8543191810281233,0.8339587029300176,0.6553617784822274,0.8400499196863463,0.40413737755837553,-0.002755043350042538,0.3820182820609364,-0.03917878955568877,0.8098761377326503,0.8352551827520638,0.3784957626918516,0.9774731232207712,-0.7565673475196756,0.5546177902119055,-0.6342581157501344,0.34481404609496846,0.8680156856889968,0.19348976801490933,0.9118536837402761,0.8885058865910213,0.7763785867155342,0.7825377273906093,0.9778895748313446,0.7986270326990936,0.557425317556074,0.8354625862796253,0.9676961227824469,0.8678442489136937,0.4390077329897774
BCHUSDT,-0.07295278225156598,0.17120108855454988,0.8352381305897228,0.09711077358620138,0.03837182192189246,0.1906239490572827,0.14512292913547217,-0.23134239976249904,0.16735489843146334,0.013482779591864577,-0.20712502159426247,0.36557683099001875,0.4406261353262605,0.16964201994693312,1.0,-0.06990899473620711,0.14447246927766105,-0.8209002464266248,-0.29856948036268566,0.8614387289130562,0.573750768445651,-0.22136464971835348,-0.662434054741354,0.04166268066581959,0.17671833949958643,0.5318009515374199,0.17789350061659015,0.3330221378194752,-0.031307911520636014,-0.06568934139988508,-0.1053933858950354,-0.28223325994157034,-0.22128351629156412,-0.04927773062220787,0.2560880348327904,0.7682706707471361,0.8085366612932525,0.22329172975932077,0.7443601693788554,0.05021307359491346,0.47362567933040106,-0.2103143110997263,0.21999184374345987,-0.017170137267589255,-0.19731151629992238,-0.4375786327070724,-0.45609275486262074,-0.27653612879190226,0.5474865533868384,0.048574125138854764,-0.02104338233307681,-0.4511497123580607,,0.4240868281959594,0.8164206159613504,-0.12479372468754577,-0.5957603682770592,-0.04197145295624484,0.46844897989460643,-0.5400809486456117,0.1401582393835888,-0.052349258594955525,0.1121213202092907,-0.2227525560975258,-0.38924307004935943,0.028093523548461286,-0.06078237129302871,-0.07120615236757044,-0.27980451099961834,0.26084819203285586,-0.2165824879370339,-0.10685079210490298,-0.11647428030035488,0.4656304698291326,0.7724800753393912,0.5017002656475289,-0.038879036605208105,-0.17587224659575762,-0.3373211390331646,0.17677385344560595,-0.3282254996996364,-0.40724670655756023,-0.3012334473994452,-0.46603465877608985,-0.20405033108401327,-0.10975649594601254,0.034852207056503874,-0.069043429116633,0.12803814781697984,0.0782476266140453,0.0432803108418577,-0.18141072922328214,-0.33122567946935655,0.0008560150227757099,0.17760060086423973,-0.03789386914169816,0.6892368477650093
WBTCUSDT,0.9782859328550934,0.8898799153402333,0.277860669015533,0.8802238400270702,0.7328116702799515,-0.2692606222306985,0.5779637309908567,0.842169579824464,0.8935439006490853,0.6623308832658344,0.8636786230453832,0.4777021768006324,0.38428402088597713,0.8858486279588323,-0.06990899473620711,1.0,0.8972333351802156,0.3519018124510406,0.05542575879152656,0.32229420623023963,0.12157002431909497,0.7720777910906973,0.46820029527353596,0.7857926094671853,0.8934790231898379,0.28385303223609043,0.8960892912448495,0.5796279436732725,0.7855543815354297,0.9756142029285576,0.7572885207733451,0.7547753264258558,0.8037605391244763,0.6781853179028656,-0.13812710299218892,0.17393211945292003,0.13255764010492388,0.7487414257389328,0.08557029755770783,0.8229058804173237,0.21037290290957109,0.6055074355176975,0.6772772005484463,0.22591897424424304,0.5257123173231572,0.6532431425494829,0.5672376182011648,0.7485395549857297,0.26751258087589974,0.7857525041371985,0.4379442520245276,0.6556695032712645,,0.5060179308490679,0.150163835159141,0.7349298675441961,0.5356068307922282,0.4019554438200417,0.7972921784877449,-0.2339111815058333,0.564167306601356,0.687416292986402,0.7144069961464006,0.7371242073307384,0.5161322515735585,0.028563156584785917,0.8241934593288519,0.4113053558414576,0.7889721557970887,0.845700253572554,0.4304143155447322,0.638975452410392,0.3740402422750496,0.1446708273255226,0.2846043020064846,-0.2291356731575907,0.5613925018796717,0.8608717518387019,0.4568747873317821,0.8771250386554001,-0.6482176052621654,0.5059229624795102,-0.4068652213471544,0.165944551964048,0.7937170557402277,0.49900682564535825,0.7400662557685691,0.728095750646025,0.5636815774661101,0.7093236975620287,0.8857207276557275,0.8789899001005408,0.7542279353968063,0.9589385803747247,0.8716549672501812,0.9806864172268575,0.21973428559903477
WBETHUSDT,0.913239697990456,0.9903449224762226,0.3683218365673382,0.8675830376001965,0.8869343154045662,-0.012618643513042203,0.7576584058067267,0.804830515121381,0.9929277424299086,0.8154297378544371,0.9244425180885119,0.3935559843630323,0.6138906463120918,0.9927933787090695,0.14447246927766105,0.8972333351802156,1.0,0.23296675176811887,-0.2758858452422661,0.4651048268740355,0.4241116462210147,0.8556605848165802,0.33239379872534536,0.7351953910666296,0.9930525357574473,0.15819723991442497,0.9921359850712724,0.6000110983420915,0.9366442422452256,0.9229751180558864,0.6354149519645703,0.8242833415091076,0.8704305789218572,0.8421154412160229,-0.17646690586077604,0.27274152287527315,0.15980276258580217,0.8534976791098208,0.11782342070213371,0.8445819363763243,0.15552933085694903,0.7904005317279019,0.8443031519094254,0.004661582509179541,0.45134694307189094,0.6529487373608253,0.5173781902154255,0.7195581900120884,0.20944383811957526,0.8817723014255038,0.5240276310469661,0.661663504011494,,0.6969416787731416,0.18420330394649462,0.8201398214672985,0.3747609259079214,0.4715039220943245,0.8924463641623873,-0.1853925946621863,0.7463380961460395,0.8379509712552646,0.8470269761533523,0.8505327428798247,0.6597703176047652,0.015067202115271938,0.8935742236299024,0.6146321467751625,0.8492452758161863,0.8291459463723064,0.6401409876654923,0.8304840402030227,0.4195425434421646,0.008278742624940542,0.35424689533127196,-0.05927992069098567,0.7964053087276647,0.8252221913750681,0.43022956831792675,0.9771992420844422,-0.7752715992075792,0.5501811653773931,-0.6079341744781507,0.3315355290122083,0.8648003889152943,0.19530321209723148,0.8952940734887735,0.8855057041216147,0.7489034362097475,0.7652434821855939,0.9780747089053207,0.7966373306501738,0.5481644477136539,0.857741471517573,0.9675709314541924,0.879768881374342,0.4044973611154009
ZECUSDT,0.38109793517382606,0.20743223379814568,-0.4953889645832044,0.3097112122567675,0.3584957037129232,-0.11039878311931434,0.3939706606979509,0.3600439257908872,0.21585032091350048,0.47724262471564177,0.5087384277246665,-0.30618944515382207,0.06338145311902313,0.22488392814026748,-0.8209002464266248,0.3519018124510406,0.23296675176811887,1.0,-0.1023102748697395,-0.6054018423435705,-0.10497607561946994,0.6387550643928276,0.790102756942628,0.42706260181198424,0.19803570812518498,-0.4913151635042203,0.20197381080789503,-0.11783955280973074,0.43813943361058366,0.3827120633995681,0.5018433677771843,0.5178543257930112,0.5403056434080886,0.42848832727396613,-0.09056275861718655,-0.37373208819276815,-0.7127083501378421,0.3230536765379858,-0.7613609629607144,0.12201806725036361,-0.16982911044116245,0.45441011523067004,-0.06648360257945997,0.09559267318569765,0.14282539163004657,0.6365870411436577,0.585364374816954,0.7053746114969707,-0.3489109591065463,0.42928363388489826,0.16187411432638682,0.554649252166297,,-0.0483793781293929,-0.7147418923943133,0.3990829914880567,0.4433458692231536,0.5203038065006459,-0.134533832897645,0.5618936254404931,0.3984749015558448,0.4786832821855119,0.4169495606910683,0.536888469669789,0.6971964772926204,-0.02507470053128865,0.26468071186108255,0.30964307884147413,0.6406617469421451,0.08587406386427823,0.5799587695869951,0.47456753825021,0.44250464664023564,-0.5203662016770398,-0.45653820282685975,-0.41450232051394487,0.37172961622283857,0.5934337274322308,0.2488124349821565,0.1997110348953821,0.031133461456983688,0.47138218568106927,-0.20724025391658504,0.6504939895239582,0.49692958225179146,0.2649217208801238,0.36120773812780954,0.4266785873410811,0.40258902451596845,0.31784959715345634,0.3160264684758684,0.5235401592119129,0.5939386901548493,0.23585047098185685,0.19559588238434109,0.33083069774205587,-0.3808356257917336
USDSUSDT,0.02230149709813866,-0.2756844591788168,-0.2813356982022429,-0.15290492901432226,-0.42689183392479313,-0.47085253373208386,-0.6877059596470533,0.19396892162530716,-0.2782724960695001,-0.5871089674544727,-0.19008916194093903,0.2568850171303199,-0.7505333471387455,-0.3037512232129524,-0.29856948036268566,0.05542575879152656,-0.2758858452422661,-0.1023102748697395,1.0,-0.23271710681003477,-0.8498639343658546,-0.43044278695389754,0.15312861219393054,-0.22687627156768808,-0.2716967758241251,0.36563474576436866,-0.26468487377846034,-0.0812348804337524,-0.45259334463826334,-0.004540683706085782,-0.10322782079650869,-0.15175831960888944,-0.20947623241815422,-0.4474371236705333,-0.03317576385542164,-0.464003267422513,-0.0058918580723751526,-0.5513564357902131,0.18811599486306171,0.11854530149279359,-0.11718140899825423,-0.37109530528624846,-0.14629065913101563,0.4154604060657764,0.32304724909149046,-0.18973365137169418,0.10684377256846676,-0.2887397538709965,0.13588907404047953,-0.5046477880675427,-0.19895682994138827,-0.04303051475592209,,-0.47263001265914384,0.08240970551291532,-0.27906135160095746,0.5595766510894481,-0.6065326662959395,-0.16116855052499515,-0.40002731096279415,-0.6970650920181497,-0.502379359917936,-0.5707070389770857,-0.3553036844685194,-0.47305037832754027,0.026018236794243352,-0.044018097757907215,-0.4616725038875793,-0.3058348039332222,-0.012991854837160088,-0.661562424871045,-0.5327069796147571,-0.43873027866517167,0.4423199585904668,-0.22053684390525638,-0.3516902889726404,-0.5436134455031817,-0.20230973915624095,0.1862797382216713,-0.27429265589881013,0.3674871611695749,0.036012136673304655,0.77007950622607,-0.47511831654773695,-0.21628502202896138,0.42425707964879045,-0.4299713719107467,-0.42101496909768066,-0.6958784906022863,-0.35059634861661043,-0.25435854877156383,-0.03452297937097531,0.19979314676251114,0.15965130683173323,-0.2651811413173746,0.11070266399832744,-0.45099701175037066
BSC-USDUSDT,0.2941394624669139,0.4834987193028126,0.9034886152639331,0.3294893491713336,0.2164961818565231,-0.01078977562800212,0.3525800597137529,0.07812751581700883,0.4817965027521075,0.19380100484077098,0.13426612967544962,0.6935697002651195,0.6560106682490804,0.4755643013779863,0.8614387289130562,0.32229420623023963,0.4651048268740355,-0.6054018423435705,-0.23271710681003477,1.0,0.5842831238760055,0.0399805592200543,-0.36175741296100367,0.255204383794041,0.4908645474248623,0.7531157947166751,0.4938276431587111,0.2912621843673497,0.26670308834615103,0.29345025629397953,0.09846472102659565,-0.03311643200157319,0.11013135032594842,0.1609109811432428,0.09685473845966022,0.8088409832617733,0.805295103075523,0.46490020883544064,0.8575906897433212,0.4410406259406651,0.49806504563360776,0.06374628932400957,0.489353277784397,0.16043179155374326,0.24733009779103454,-0.24490964781129554,-0.2700878577379596,0.01983599505037437,0.7056643415172649,0.2883282052470689,-0.09734747264996063,-0.08877343722936833,,0.7605057185235146,0.8073628603530987,0.012770413575037177,-0.34330320985979434,0.24290885431211892,0.7591220072010116,-0.5918798727320952,0.3409903515991278,0.2267824614011312,0.36393691601099903,0.04472032144103401,-0.14636142799265278,0.047197515312151536,0.21403970930247226,0.23707284129983963,-0.011175454958129962,0.6400462907028494,-0.1289504950147876,0.06689336616043524,0.22328591274846402,0.6525632668831063,0.8228396576032243,0.3221628540987003,0.09659666109761574,0.10166385849284151,-0.015915060984314267,0.4824833477864847,-0.5408048710122071,-0.27341561705133466,-0.36201271810167523,-0.43536916872548787,0.01133857680957766,0.1990026409441169,0.2172898439120926,0.20563032954429078,0.3283545119219057,0.1458737483237451,0.35614141758762685,0.12682391950438332,-0.08320047358229024,0.4042842076789018,0.4858234544377251,0.3534790967907926,0.5477193402516466
