,BTCUSDT,ETHUSDT,USDTUSDT,XRPUSDT,BNBUSDT,SOLUSDT,USDCUSDT,TRXUSDT,STETHUSDT,DOGEUSDT,ADAUSDT,FIGR_HELOCUSDT,WBTUSDT,WSTETHUSDT,WBTCUSDT,BCHUSDT,WBETHUSDT,USDSUSDT,LINKUSDT,BSC-USDUSDT,LEOUSDT,HYPEUSDT,ZECUSDT,XLMUSDT,WETHUSDT,WEETHUSDT,USDEUSDT,XMRUSDT,CBBTCUSDT,LTCUSDT,HBARUSDT,AVAXUSDT,SUIUSDT,SHIBUSDT,DAIUSDT,WLFIUSDT,SUSDEUSDT,CROUSDT,UNIUSDT,USDT0USDT,SUSDSUSDT,TONUSDT,DOTUSDT,PYUSDUSDT,MNTUSDT,CCUSDT,MUSDT,TAOUSDT,AAVEUSDT,USD1USDT,BGBUSDT,NEARUSDT,ASTERUSDT,BUIDLUSDT,OKBUSDT,ICPUSDT,USDFUSDT,XAUTUSDT,ETCUSDT,PIUSDT,ENAUSDT,JITOSOLUSDT,PEPEUSDT,RAINUSDT,JLPUSDT,APTUSDT,PUMPUSDT,HTXUSDT,ONDOUSDT,KCSUSDT,WLDUSDT,POLUSDT,PAXGUSDT,USDTBUSDT,KASUSDT,SYRUPUSDCUSDT,BFUSDUSDT,HASHUSDT,ALGOUSDT,TRUMPUSDT,RETHUSDT,RLUSDUSDT,ARBUSDT,ATOMUSDT,USDGUSDT,GTUSDT,WBNBUSDT,USYCUSDT,BNSOLUSDT,QNTUSDT,VETUSDT,FILUSDT,FLRUSDT,RSETHUSDT,FBTCUSDT,XDCUSDT,SKYUSDT
BTCUSDT,1.0,0.8803294571217823,0.232046852184293,0.8089962617340674,0.8020946111407882,0.7378500412331368,-0.2781293298596374,0.8400858095861775,0.8800393297734629,0.7724282230349421,0.8759818429286389,0.4761894394308119,0.8999831408129157,0.8729670439126402,0.9905902929164399,-0.11344063011958803,0.8849539400751743,0.31190967492606253,0.8412434583849097,0.3173790253526121,0.18435733372754776,0.5149157944431612,0.2395400702581835,0.8224203140141033,0.8844818622047026,0.8772611088043375,0.18227652887107001,0.5758119363116099,0.9937443984718584,0.8746984680308817,0.7641639798591061,0.7528657583000864,0.7446159860766608,0.7213632279001074,-0.18215840568912253,0.09630350332404959,0.073388852411692,0.9303808288274609,0.8284399052615068,0.15639763568386172,0.0007938637461380045,0.7109269377171819,0.6631437163819958,0.21971444722803282,0.7017579923976178,0.5898783263225112,0.4518164400272622,0.7560485171970635,0.8399177466171495,0.230600371454199,0.5172215835525439,0.7292823564860562,0.6602650033993956,,0.7914086330153814,0.7456137952960068,0.09109154698635578,0.4821922471841164,0.7736348531432984,-0.2479301563899789,0.721844470404242,0.7166076731126181,0.748687316153536,0.2769181667992252,0.8161742401916234,0.5475759625553382,0.512680848224536,0.8591524995881588,0.8301234175558434,0.8620377658885608,0.522844991199426,0.7115842601733391,0.42685398838779764,0.02856819931893169,0.5644854736953527,-0.16440593211582874,0.2031068987904498,0.3864869872458397,0.8650305629640641,0.6230807525823597,0.8722097652438059,0.4307890079815057,0.7713284710850561,0.2098295599421434,-0.193044191408752,0.8417945879402915,0.8063140244591163,-0.6561442387667182,0.7187109499709536,0.7450387269046045,0.8853622069961308,0.6020531884861704,0.7930504441446407,0.8837339568601594,0.9595307564713677,0.31586005395198424,0.604001745699137
ETHUSDT,0.8803294571217823,1.0,0.2450876896823359,0.9167953844389942,0.8609277216815973,0.8622991396700432,0.006534895764755923,0.7103236487171508,0.9808242406813038,0.825961828404514,0.9162920352956336,0.4311486830899167,0.8735880936411887,0.979376247893945,0.872908635503517,0.07337129029394213,0.9824601637227567,0.25047595418261354,0.8352770643009645,0.44289416265591397,0.5244917704616318,0.4765336349326195,-0.07669623466205723,0.7191431341176396,0.9821668628883844,0.9798394721504434,0.06348120324599883,0.5186847487526631,0.8924706424067047,0.8870912369825834,0.5140603909515713,0.9049592627164825,0.8980393034258705,0.8838854454743905,-0.20031352441267977,0.13663867312808153,0.03722722606197569,0.8455731080211952,0.8199416765653977,0.37411479429714023,-0.256139575994828,0.8588541102368037,0.7530905815370856,0.1096089761214294,0.5773914183390847,0.7620622940093845,0.34913908435095264,0.47392062256876893,0.9157732215578073,0.23588202386688809,0.5329422731963028,0.6947017066601626,0.6965286773500405,,0.8053941427090522,0.7178128564594088,0.15739179412976395,0.6241132466888821,0.9072353193593441,-0.3100341012647944,0.8938542646242936,0.84625047920906,0.8984725226102638,0.6008543593694828,0.8999388285669322,0.473688889018503,0.7227435203268198,0.8813402079377527,0.8569548850899185,0.795492871445194,0.6336472177183338,0.7714125392783814,0.6111473408889636,-0.110227955087494,0.6812830173741335,0.2419732443011679,0.1357115513992958,0.22883910463263551,0.646409584001369,0.7128166200749785,0.9803894619032426,0.14965221523318933,0.9241591212836998,0.23933891830135995,0.06228597451465431,0.8408300212198155,0.864218934907598,-0.5860661283448041,0.8522912339144306,0.7092727892103824,0.9694970155445992,0.6436996094723407,0.7102099777724493,0.9823824035890407,0.8406291050074747,0.5876872556507902,0.4890094684256417
USDTUSDT,0.232046852184293,0.2450876896823359,1.0,0.3111763710159034,0.021257141260637186,0.04504997536212661,-0.1876986390394163,0.03878589297074463,0.2430324619563181,-0.04540415636103518,-0.0625188167245848,0.5838082343323725,0.4837525220147828,0.23526302189849174,0.2763959259482143,0.8206963520600494,0.22178310785485877,0.48338516145819843,-0.18086276416963834,0.866610717352774,0.318071438345794,-0.27749550005252094,-0.6599023773357332,0.31031156608577776,0.24897110598833427,0.25776113138241297,0.7727380093712011,0.44447186535247835,0.22397879686648178,-0.08193688787065835,0.20998824730237772,-0.08834878664971149,-0.023573338291909256,-0.05000138855569975,0.34579388262410654,0.8521686203235944,0.8199933599750353,0.2759935555194991,0.2548450972490335,0.7091638929883862,0.5390561887358836,0.17229335254350003,-0.31764964029192594,0.4387481178215312,-0.379873115781548,-0.05962565547963229,-0.0067661841990576885,-0.15746105378009378,0.08245907836804968,0.783942768170588,-0.048171077835381486,-0.35850385478932445,0.36953229895289536,,-0.08435494121483166,-0.18841501131151192,0.8381665605740231,-0.050037583481969114,0.5189746363269407,-0.8446149721228735,-0.04453635704357204,0.032339447455966494,-0.13753848862111276,0.15550084823161914,0.11363600194280289,-0.5884273534660025,-0.24222565621741057,0.07289586740681511,-0.15454831481236805,0.5351724764720768,-0.4417957947507642,-0.24603555934623605,-0.06350258310706319,0.6620962139944134,0.11847394898691775,0.37097876910061606,0.9625329962107411,-0.27622646353062613,0.03493847093319732,-0.2447314988157045,0.2516360819028486,0.418881085163142,-0.06988447208185491,-0.7392489001871737,0.02894335129732875,-0.10012323553788648,0.0150596080406819,-0.22980920695932353,0.012403007451333879,0.15806209706774185,0.1431918982477119,-0.2825414033837526,0.17279888009552383,0.26077484231526593,0.3438476513388921,0.5438810082286102,-0.32836525522456517
XRPUSDT,0.8089962617340674,0.9167953844389942,0.3111763710159034,1.0,0.8324522832985358,0.9497152693430644,0.060397210677951944,0.5670397346985209,0.9192571552297657,0.878473895000164,0.8310359708363517,0.28568114713367865,0.7677101236466541,0.9256363719102182,0.8080886197657471,0.07293421016444596,0.9136696186716503,0.2775593889371623,0.8237254611150548,0.367820002352627,0.6514097838333256,0.5555415654438255,-0.06009898697819803,0.8621865129158329,0.9100368385830346,0.9196052652952558,0.024649448185117592,0.506036399408726,0.8244469612417036,0.7839964818173358,0.6343321421566871,0.8795311210732074,0.8965365191865445,0.8828348408955224,0.07354730484398939,0.09416476459082064,0.13856533037260155,0.8853223146301518,0.6571240265670127,0.3381601188426354,-0.13264531573467342,0.6408669672423147,0.596047532757872,0.3031536673934661,0.4680700477839335,0.8443047331215032,0.11526098415866076,0.5059747286298415,0.9353916392934795,0.3553896790725892,0.4787612040360312,0.4944187761216423,0.48456664182638687,,0.727890317928992,0.6103340519594788,0.1850904672433925,0.745350469730308,0.8497446910683779,-0.3294198205838734,0.9056630947319628,0.9389978093001508,0.8578431047075963,0.706569430964446,0.9646596215121008,0.37149320556626725,0.5874452913087058,0.7417602163224758,0.848199413208106,0.757303558387047,0.6278011835126729,0.6965151747045277,0.6462316436428683,-0.17343671171455044,0.7417034860493215,0.3492718704787791,0.1973080604267489,-0.07144755929720326,0.6719581681903043,0.6142527395810272,0.921853773072535,0.2783507085696911,0.8697947308921431,0.21735576829805597,0.09604449191691437,0.7793664219420573,0.8299824622378582,-0.36743246050945516,0.9364740773131635,0.7591228016753583,0.9045540848386,0.583002852207778,0.8628883768180973,0.9199747668765978,0.7317330670229157,0.6975479820719989,0.5107721102822045
BNBUSDT,0.8020946111407882,0.8609277216815973,0.021257141260637186,0.8324522832985358,1.0,0.8796769368558366,0.22852721489534544,0.8020688643916489,0.8613236812223566,0.9598658078036659,0.9004900548702477,0.005550794601051825,0.6653221832629509,0.8698179938346665,0.7762161514870959,-0.10256346425633799,0.8610435513631977,-0.0557856680962192,0.9214271079396279,0.11567310388465882,0.49138222752353855,0.5296654041224897,0.17882483717181274,0.7604403663019518,0.8551588677624472,0.8546136553932908,-0.2499800642246449,0.6120149615455245,0.8228449145105711,0.9357076906010477,0.6058348385571612,0.9059117024361082,0.8381249040003488,0.9221024275216024,-0.0217584530121066,-0.18285592699829634,-0.18679844628890396,0.8583677105083474,0.7091484207037618,-0.023894674057827792,-0.199877762856331,0.7120294567261698,0.8210350608547232,0.03961841070058329,0.6901220620349247,0.7651136579285933,0.1107746085355444,0.6540213994602362,0.851224388504566,0.0365549420471168,0.7557870346873922,0.6078078294703342,0.3942805673476428,,0.9120333480860938,0.7395874439073368,-0.02273758503324621,0.41085559373896585,0.6936294910959475,-0.1772631807519762,0.8386886156841863,0.8672144227623972,0.8589924543729188,0.35161049411656137,0.8865102155168515,0.7048930883664549,0.5555381024552138,0.9105679572018218,0.9358263613830382,0.6313440151597454,0.8417039921655254,0.9346212225926777,0.3120909389462239,-0.3907467164605485,0.5717343640678836,0.07864677856569768,0.010158287184557304,0.1355899105084075,0.7962149788453088,0.9154510165047278,0.8582278270864859,-0.004989997740254032,0.8940127917422188,0.5960691951194437,-0.2145587964729027,0.9788204791802878,0.9954130707132925,-0.43687327728791586,0.8756449138768855,0.8565117511921957,0.9032018194870761,0.879790775330142,0.7209148882160421,0.8593192317626439,0.6510301173438708,0.5288608651310257,0.7414364936256315
SOLUSDT,0.7378500412331368,0.8622991396700432,0.04504997536212661,0.9497152693430644,0.8796769368558366,1.0,0.19460573041756066,0.5869971696328974,0.8662897165563425,0.9464355165127631,0.8704708052534396,0.06214990099632237,0.6326198090966044,0.8779062024227049,0.7252939966825652,-0.14887666015674197,0.8633256255455392,0.153656160314993,0.8955693742627248,0.12149173962098346,0.6353194112030618,0.6983969930743488,0.11541327789060228,0.8138048604428885,0.8504975745973905,0.8630299291108168,-0.20661868936780395,0.3684639413226993,0.7587980617461745,0.8296176878869852,0.5813086234552187,0.9483945784216544,0.9507759572259313,0.9525052498059953,0.08278652602460976,-0.2000944737187984,-0.11833722647487258,0.8217467417815111,0.6167741571812695,0.1428744545484061,-0.2692179964981652,0.5887781311571008,0.715369152378115,0.2656680455420186,0.5270410054510911,0.9327569443043576,0.0712868952661884,0.5684565414462047,0.9117653988811153,0.2011248776275451,0.4880452850465007,0.5518778161454801,0.37181440117935094,,0.7467988192285256,0.7047124522152003,-0.026678657336449127,0.7640648535885369,0.7244699087942253,-0.16769995476639193,0.9597404786630238,0.988803392331414,0.9144826226506607,0.6857820941216021,0.9790385468897916,0.5635990579234883,0.6583336052725454,0.7507750041490087,0.9283345017853577,0.6401781290901042,0.7857827611975803,0.7962019063265314,0.6414349053004036,-0.37894976644302614,0.7336503572887438,0.2658681417942954,-0.05078623285965789,-0.0721855452687373,0.6865289692115905,0.72815322397123,0.8673991279012704,0.16785032054662716,0.9214420326784968,0.4781431547384805,0.10481438308954404,0.8425569563009444,0.8754246151273779,-0.21086763505096748,0.9902294779903212,0.7297513036589798,0.8877017992267429,0.7407166745875591,0.8646811562654613,0.8626070141582141,0.607208733905539,0.5821080958265654,0.6822089847695766
USDCUSDT,-0.2781293298596374,0.006534895764755923,-0.1876986390394163,0.060397210677951944,0.22852721489534544,0.19460573041756066,1.0,0.03815722226238227,0.007110763518618738,0.21059549988741905,0.023492136131594066,-0.5286138173775253,-0.26650215716499714,0.026646784900664796,-0.29981417999485255,0.12360489098947994,-0.0017200948655916371,-0.4040880817354357,0.05361919317164209,-0.13697030817257266,0.48897810371632816,-0.0032092236543826286,-0.23043687470517263,-0.12109446766682522,-0.006925127796701898,0.004483504009236618,-0.4834589635163487,0.001649938063697569,-0.24784974384259176,0.0520226990785701,-0.29875364357111645,0.21487766648587622,0.15568856952346016,0.2751296133188477,0.21235278858599768,-0.27639939862970236,-0.28315481035348933,-0.1333692077610835,-0.12082467068949018,-0.07845312966583677,-0.2945404922882545,0.054950361413060804,0.19382524761261724,-0.19582105735290392,-0.12145407338315281,0.2578856995675,-0.42396592608632144,-0.24855713123300424,0.008911915597931868,-0.15816494539290404,0.23669361080168821,-0.19000048511053175,-0.26337437649259576,,0.10099720322901774,-0.022484336519263765,-0.05912792174221608,-0.0482855248566978,-0.027706317358308363,-0.012149147304844598,0.18252267894650112,0.2055010191005585,0.1537360462644004,0.2051245633741296,0.09732606714904206,0.11568494112211798,0.11283819874468533,0.05903535740439257,0.10352560571349392,-0.26256963733970773,0.36054350500677895,0.2432081778321892,-0.08276702650653196,-0.4757763750137193,0.048059150739270126,0.4390494368809045,-0.19613573673789755,-0.36488475472577486,-0.18215823497375047,0.3419205738364574,0.015886224472896008,-0.5812143951123907,0.17873861309967615,0.41467933665736495,0.09207266520761154,0.13096738431963098,0.21995854310908758,0.3088568987637531,0.2128894994136119,0.08215899933619712,0.03982466347069409,0.3223689919580968,-0.1206447169018033,0.001249767835887161,-0.4040210178996698,0.3500713433347415,0.1044815542299131
TRXUSDT,0.8400858095861775,0.7103236487171508,0.03878589297074463,0.5670397346985209,0.8020688643916489,0.5869971696328974,0.03815722226238227,1.0,0.7094927661632829,0.7030830331634735,0.8074322215304361,0.24542428191149443,0.7410839254219219,0.7045921453500311,0.8251324622943269,-0.20766189718735112,0.714123737510322,0.15213117336553195,0.7517568760417516,0.14852281352532637,0.057142922450068884,0.5096531442990296,0.34632795851809806,0.6181777570932725,0.7108744680818146,0.7043673380661583,0.0625280775358966,0.46357565712031884,0.841533146662502,0.8558033917054158,0.5845345535428471,0.6721354507150682,0.6277772527204293,0.6565617667461935,-0.1276883607250949,-0.14947729690037798,-0.19651285626501086,0.7377320002415124,0.8475011999307713,-0.04594931099974753,-0.014877833806914464,0.6746785637604552,0.7542158272815528,0.16862779788871507,0.6357540188849884,0.4920426264052025,0.4472957619984439,0.7474583043378189,0.5872051801141498,0.12051275503513241,0.5147262981914565,0.6717745792044438,0.5964837662534154,,0.7177308141741632,0.8118279442379218,-0.006107069780527766,0.15327577494153302,0.5859287858252876,-0.2600587612755487,0.5787327976330595,0.5654614951708589,0.6140183727580538,-0.022981462889926474,0.6436472455851209,0.7102308597162909,0.43836357462607506,0.8833067352703674,0.7634179157659334,0.7411453946876582,0.5378492377562475,0.7442838225892224,0.09664486595673571,-0.02453465704901091,0.36085178491128944,-0.3802925719484498,0.09569705018155551,0.4583256376553644,0.8179026437581054,0.7366040468646501,0.6990054796983692,0.24530318683161956,0.6781492902208501,0.43614257687286834,-0.31067889775297364,0.8481175587367697,0.8021155692082513,-0.491670954714892,0.572276140250341,0.6152383061168049,0.760983483005909,0.7848947309362068,0.6008194667969077,0.7135343426260249,0.7628420776430642,0.09797840320843032,0.7580468839729217
STETHUSDT,0.8800393297734629,0.9808242406813038,0.2430324619563181,0.9192571552297657,0.8613236812223566,0.8662897165563425,0.007110763518618738,0.7094927661632829,1.0,0.8288095435542735,0.9167948230665968,0.4273053737091978,0.8718039290350464,0.978752393776506,0.8727514781926445,0.06800960952402091,0.9815348504035947,0.2533488705319979,0.8372611945664181,0.4381747158713749,0.5259207706047296,0.4840862241316751,-0.07190545770953427,0.7234046062130571,0.9809537952838125,0.9790318315231124,0.06189597013256074,0.5142253584772928,0.8922202000870592,0.8867671068192365,0.5175609868602223,0.9066447437144917,0.9007976676221117,0.8857676961566703,-0.19367912171530113,0.130468614840956,0.03544720692823483,0.8468013560465804,0.8186544217823422,0.3716689489828112,-0.2547730570794017,0.8538159660342982,0.7524599505313111,0.1175908884336722,0.575710335487638,0.76697852866585,0.34646351584253815,0.47802586930666974,0.9165538409522362,0.23915709227336088,0.5291031055043393,0.6930186544012832,0.6931759383498318,,0.8032356611790091,0.7198890494355752,0.15485735528124903,0.6294503488846693,0.9055765798606142,-0.3096612092917427,0.8964429277018138,0.8503342029270455,0.8993679742175186,0.603662626321702,0.9031794781784149,0.47542667053640025,0.722451408405574,0.8795670022484724,0.8594013963954026,0.7963331498714787,0.6351378425017978,0.7710875601172056,0.6139160455661739,-0.11221369366596749,0.6840382052743226,0.24051814433150137,0.133685124722349,0.22347950511269704,0.6491190637778765,0.7117872371717964,0.9795798523278664,0.15529214408823858,0.9248623929121687,0.24220948465869888,0.06474228266541929,0.8410823342280085,0.8644274050272215,-0.5780405432367514,0.8561757070059106,0.7090620386839178,0.9692317142768337,0.6456094190089945,0.7165520614445636,0.9815255170444795,0.8390494408988266,0.5863208511403896,0.49455383716999746
DOGEUSDT,0.7724282230349421,0.825961828404514,-0.04540415636103518,0.878473895000164,0.9598658078036659,0.9464355165127631,0.21059549988741905,0.7030830331634735,0.8288095435542735,1.0,0.8817733216489719,-0.07101002019400407,0.5893040064618712,0.8410276351318843,0.7479223542015421,-0.22099212790567224,0.8282134814528967,-0.030828680914110493,0.9531774002072615,-0.005627945040376501,0.5162538281484377,0.6392556164992124,0.27179816186477984,0.8318895861106518,0.8165383958001762,0.8216405873979586,-0.321327722959034,0.5249798750741038,0.793700420286678,0.8924933299461248,0.6745237685265345,0.9186794896031125,0.8717376589006403,0.9333498341354967,0.05576238243269826,-0.2791075007062203,-0.19490598434041081,0.8729808167968778,0.6017308635828752,-0.08276654165513164,-0.20615233459461865,0.5775072502309648,0.7627425067104097,0.12811136595671493,0.6862699950847732,0.8409773118514691,0.027813989343058006,0.7026565056849555,0.8940513245648781,0.03708710453094983,0.6865796899734631,0.5803114128868639,0.2738360280095475,,0.872101142797174,0.7150336604598403,-0.10980671466045185,0.5720273742450588,0.6323719079994042,-0.07406226016005969,0.8829181390295373,0.9379955204200758,0.8816366637806726,0.454293738532353,0.9383987495583707,0.6988066388711137,0.5493277769626357,0.8162113368330777,0.9632624476749436,0.5827959352694202,0.873480076589285,0.9025458444500224,0.43226143744795414,-0.4724593336877176,0.6359522238513573,0.10095682214915298,-0.07537203812457757,0.020219913867879316,0.8131817703329541,0.8496508435600953,0.8262700078085603,0.08480729296050407,0.8917604556588953,0.6234050043288412,-0.14839351729181277,0.9451906643207446,0.9567813471137827,-0.3095632749409768,0.9431447778686611,0.8555743838914927,0.8730308450084283,0.8393968181351946,0.8289830693120032,0.8241650711989219,0.6029453995880345,0.5198837341587814,0.7745648267458909
ADAUSDT,0.8759818429286389,0.9162920352956336,-0.0625188167245848,0.8310359708363517,0.9004900548702477,0.8704708052534396,0.023492136131594066,0.8074322215304361,0.9167948230665968,0.8817733216489719,1.0,0.21790785866738202,0.7729451543577198,0.9172906114998532,0.8562431427634564,-0.24790247834158866,0.9242210030351165,0.15430012552026268,0.9342286011165624,0.1470340715520272,0.36553800212779597,0.6525664277804545,0.23125174440588717,0.693257530408156,0.9139163278310092,0.9110646581057218,-0.1325301509982324,0.3832148704098971,0.8881448018680059,0.96301644142362,0.5369012180472766,0.9470012137655384,0.9238041393218076,0.9152847514127512,-0.24501662224528462,-0.18961724928526566,-0.24566983982815993,0.8144348325276631,0.8197568066181747,0.10281542863041952,-0.34683495259543107,0.7979888557869055,0.8880327707757567,0.08412403471549583,0.7176970650250599,0.8008228913507174,0.3982151745227971,0.6477939942042442,0.8818303920608282,0.051263245741243045,0.5378866991912173,0.828475275302315,0.6158288019373309,,0.8415652822298129,0.8648472789619838,-0.10724666933923344,0.6082908655682439,0.7495674306109346,-0.10117859894142782,0.910819342595936,0.8556669689186119,0.9346556611592166,0.4697083797858364,0.8936927139749405,0.7327353135222932,0.7724789076756008,0.9150985496747893,0.952253904756232,0.714867255254644,0.7732373524531402,0.8769481660647179,0.5710096390428387,-0.2710695392993154,0.6401722203905659,-0.01135138405779677,-0.130203367723404,0.3458297430940396,0.7451193049597671,0.820457686154761,0.911468998714336,0.12755877109265162,0.9532383640130018,0.5114438352505234,-0.006739495257618922,0.9278281447445806,0.9035923739915173,-0.48815611618172455,0.8660015585175481,0.6839460472787884,0.9498943964488672,0.8099829870717103,0.7361145110352162,0.9142956800403979,0.7893889341987875,0.34525927395303563,0.7174318538518716
FIGR_HELOCUSDT,0.4761894394308119,0.4311486830899167,0.5838082343323725,0.28568114713367865,0.005550794601051825,0.06214990099632237,-0.5286138173775253,0.24542428191149443,0.4273053737091978,-0.07101002019400407,0.21790785866738202,1.0,0.706523615198739,0.4033798750392487,0.5113295191761157,0.36149662109208613,0.42958582387875976,0.66840111745588,0.024732947361139426,0.7600948081519489,-0.02358242961180484,-0.017439534776416476,-0.3669314704066846,0.15532760696722311,0.44540661939483334,0.4376965792544704,0.7707110955480405,0.10208932779161915,0.45494114176369527,0.1767706074073126,0.09879311288174175,0.115761103578214,0.20646958012373368,0.051517060344635504,-0.30984130242925295,0.6626176539111182,0.4598595120177469,0.2550217020825608,0.5574666644625553,0.7314334267621438,0.0893092255774201,0.4969950398395869,0.0612223334613032,0.25168652732379526,-0.029648811398302194,0.025305951641270433,0.6360606923691062,-0.029248706437308425,0.22808668854009115,0.514207150463636,-0.21995954100136028,0.3154317736742051,0.8152027829904376,,0.020803057582008573,0.21137634737635813,0.468487994049384,0.24580182091216485,0.6027132422436936,-0.48905657033515626,0.16420797086534608,0.04343822548706935,0.14994453157367132,0.2511283421067509,0.1658765078321187,-0.23940587473627734,0.30080459676907645,0.2720029546676299,0.03839420866972127,0.6461806720623754,-0.33385031295504375,-0.10544140677440557,0.37912554331065085,0.6866053963264623,0.22251742855487625,0.04172674618509451,0.4719394252789097,0.37529970213171704,0.06491241918812334,-0.16286053479764076,0.4268652449599223,0.46891245237150486,0.18076943130302855,-0.6203282272366887,0.25798349803683096,0.016897918163334313,0.01378400138981879,-0.5171966056513477,0.0382224285473502,-0.045691018561132266,0.34314969039040777,-0.19691640175966368,0.15654549768052428,0.4399829334622011,0.6730297124455312,0.10054506450214915,-0.21880060194361417
WBTUSDT,0.8999831408129157,0.8735880936411887,0.4837525220147828,0.7677101236466541,0.6653221832629509,0.6326198090966044,-0.26650215716499714,0.7410839254219219,0.8718039290350464,0.5893040064618712,0.7729451543577198,0.706523615198739,1.0,0.8823316619365487,0.9122831298659537,0.1872936790351823,0.8713228560248364,0.5067630793581539,0.6236753479108077,0.6383170651952685,0.28666246368988807,0.37950904469500757,-0.11665077762871601,0.6652275021366874,0.8786866984849439,0.8757149294055225,0.4550602151507571,0.47634099839102456,0.8962998273572949,0.7424991253214933,0.5273631600847954,0.6681291309915828,0.6993550402710709,0.6354338166071665,-0.163202183852908,0.3557823934163319,0.2395914846209121,0.7790151289518337,0.9006325155026644,0.5136695115175713,0.013807397786283858,0.7974902000397109,0.5637089675506551,0.3141803477111569,0.40360038921559815,0.5281883992343293,0.5388819683082553,0.46612380722386276,0.7102186351326799,0.4765259181091106,0.30425437397573135,0.5984174142217233,0.8614920573999557,,0.5896896442160453,0.6626751224679309,0.35629127976963193,0.4379786830873612,0.8989164103274521,-0.5367914266470438,0.6597253423934536,0.6092587978749098,0.6465258738915615,0.3800366832423028,0.716174646625387,0.28789219149606854,0.5402186060455262,0.8010793905364866,0.6476555611808347,0.9423437759716744,0.2778671670150482,0.5190794833458495,0.44605295385336824,0.2978626349626149,0.5402127864889763,0.025453529753749243,0.4102554905567275,0.3387566067348264,0.6223824223128119,0.4640906550273054,0.8688637283421262,0.4317711979639634,0.7009611809475081,-0.07574188888437079,0.024742405956001072,0.6596942714225364,0.6680193936813547,-0.6221402031467913,0.6081378657928022,0.5353083088312557,0.841038380537911,0.44844263243801624,0.6448955357466378,0.8812483336072985,0.9404504459447691,0.39873634416156484,0.3799173866111355
WSTETHUSDT,0.8729670439126402,0.979376247893945,0.23526302189849174,0.9256363719102182,0.8698179938346665,0.8779062024227049,0.026646784900664796,0.7045921453500311,0.978752393776506,0.8410276351318843,0.9172906114998532,0.4033798750392487,0.8823316619365487,1.0,0.8650214297034429,0.06411696762914054,0.9798786974592408,0.24065308106234556,0.8436815180032514,0.42489392256179026,0.5415127971779353,0.4913664294509018,-0.06906292372114842,0.7299523296884585,0.9788338731648061,0.9776165229699096,0.04231911097143997,0.5155073700503698,0.8861013317620432,0.8878318567112514,0.5200862966818567,0.9139757418318865,0.9068185438461525,0.895584073519077,-0.17765121898427955,0.11544155596748572,0.027997538114732295,0.8487771630333464,0.8088201539065765,0.36081624214378305,-0.2580211348416936,0.8454717784603504,0.7544294076562201,0.11916034289678029,0.5749086795652187,0.779242098004285,0.32527844685479074,0.4799434378769296,0.9208610476416145,0.23518215513895785,0.5373804670163155,0.6838611093600565,0.6747149159612321,,0.8074388556997922,0.7182306857192233,0.14863626648010916,0.6346170397293277,0.9006404789490302,-0.3051094537244296,0.9039087974139264,0.8624649471041659,0.9047335467629216,0.61130009804526,0.9112805686023235,0.48087925675113513,0.7203673783004818,0.8777882359076711,0.8666051958557917,0.7874485224092377,0.6499593180748303,0.7792127421995219,0.6133211474379212,-0.13257663800051617,0.6888216293812947,0.25144723570267297,0.12645647464969625,0.20361816140741928,0.6514260552568385,0.7208042307118098,0.978552208087238,0.14608731742819364,0.9297669382580075,0.25873540877273427,0.06418222675837065,0.8467731656565921,0.8724911883241669,-0.5619597389654566,0.8682243572839259,0.7177726950156169,0.9695524487001205,0.6559113609510074,0.7236145192576487,0.9799657695920101,0.825545640798062,0.597643993617269,0.5041770788166359
WBTCUSDT,0.9905902929164399,0.872908635503517,0.2763959259482143,0.8080886197657471,0.7762161514870959,0.7252939966825652,-0.29981417999485255,0.8251324622943269,0.8727514781926445,0.7479223542015421,0.8562431427634564,0.5113295191761157,0.9122831298659537,0.8650214297034429,1.0,-0.08441618217515788,0.8766236592235639,0.3562588069206731,0.8124912188357316,0.35424497188119297,0.18558812459893512,0.5097820375166594,0.21124975737908364,0.8229957859692056,0.8769439876684721,0.8710144643463985,0.23398299584439686,0.5619132393175015,0.9876552250936863,0.8493882306460806,0.7605585283262213,0.7319279401005861,0.7331094798622637,0.7002739824995059,-0.1593546652119258,0.13121687960633818,0.11175113749382794,0.9220952201175532,0.8321501558735828,0.19711606450869237,0.029870739574488478,0.6993614699543448,0.6313555436647387,0.262794107661537,0.6595933379149466,0.579928787478152,0.46014061642378823,0.7390508853195843,0.8229651436645118,0.28129788680325024,0.4760064089804132,0.7025780924090104,0.6782271838415055,,0.7552067530201133,0.7314929767115129,0.1284623238395719,0.48534844987973513,0.784391342386418,-0.2892871638336782,0.7072614298579325,0.7036314602110926,0.7248633700131688,0.28489535253636616,0.806195810816868,0.5061685349210022,0.49732701199989804,0.8402907865891568,0.8045479989939955,0.8831163690930296,0.47757739605332683,0.6729062280696982,0.42983212142930954,0.07782156281601046,0.5640078260600608,-0.156727252757917,0.24410679821075656,0.3697933089916164,0.8498108967445873,0.5833765306048544,0.8653338393771058,0.4698128230544373,0.7504328450558484,0.15960369364564275,-0.17077279505924964,0.8115249297235965,0.7798829646824228,-0.6414415926349062,0.7041968604055814,0.7207541642433617,0.8729790091349544,0.570321637794736,0.7962178704878415,0.8774246875261736,0.964791095987344,0.3176380837552795,0.5818044162805702
BCHUSDT,-0.11344063011958803,0.07337129029394213,0.8206963520600494,0.07293421016444596,-0.10256346425633799,-0.14887666015674197,0.12360489098947994,-0.20766189718735112,0.06800960952402091,-0.22099212790567224,-0.24790247834158866,0.36149662109208613,0.1872936790351823,0.06411696762914054,-0.08441618217515788,1.0,0.04906078676817828,0.14087145289983444,-0.38132520765821976,0.8034465985264532,0.41170514277776227,-0.5829239871954974,-0.8991459558629182,-0.08626877601960371,0.07933521544932265,0.08082451903303875,0.5069061086895575,0.371994230794411,-0.10977587542020766,-0.2440097528036988,-0.2211000446483579,-0.1943714331622325,-0.1809973008941835,-0.1433851667479418,0.18964810990877384,0.8358251705099531,0.6717858016660445,-0.05266159060519484,0.020332604700393067,0.6819526586420234,0.2779877562860814,0.1779149699986494,-0.3408425292409514,0.013341041132349952,-0.4890332772883784,-0.20813766827106867,-0.17752239738718165,-0.5593364388433489,-0.09869379982988961,0.48089223073693477,0.021859321139607205,-0.4783380816247255,0.19576443243223557,,-0.15212737562943157,-0.4142608617582199,0.7667889418732075,-0.25209638185580585,0.3491309272048666,-0.6811152931404826,-0.17384914503660423,-0.1533129008617264,-0.22357246360911484,0.15096321055467268,-0.12172525175098613,-0.6778982555796256,-0.22853608568272077,-0.06905205356379576,-0.35134673497823865,0.15124450672485282,-0.41285998684161107,-0.2859903704592418,-0.17656779979077003,0.4510128916113539,-0.045220748113938454,0.6337536018171415,0.7658131259807954,-0.3128401679650305,-0.3446148522511968,-0.21905990439196205,0.08141900345246292,-0.1160775168421068,-0.1634368286295492,-0.6581781612585912,0.0928479666738446,-0.25148444308207035,-0.10553878047971975,-0.19028818000736358,-0.16237522044589728,-0.0023643559567654328,-0.0333189159420409,-0.35579130146048576,-0.25210693808506707,0.08124327906118402,-0.00512190716357947,0.6109626606289984,-0.5927839815778658
WBETHUSDT,0.8849539400751743,0.9824601637227567,0.22178310785485877,0.9136696186716503,0.8610435513631977,0.8633256255455392,-0.0017200948655916371,0.714123737510322,0.9815348504035947,0.8282134814528967,0.9242210030351165,0.42958582387875976,0.8713228560248364,0.9798786974592408,0.8766236592235639,0.04906078676817828,1.0,0.2462226250013792,0.8450325054769129,0.42522123495597497,0.5106582216186161,0.48650014297659633,-0.05617693856339244,0.716303789011135,0.983082343954392,0.9801804639275072,0.05096966950578601,0.5091097781939443,0.8968391080736401,0.8943678660442007,0.515604742727374,0.9101991891262359,0.9026269243650692,0.8864018981548378,-0.21878457582829638,0.12047827152004836,0.020183784789337945,0.8455407258738533,0.8201479059913221,0.36019827587078346,-0.2703105039012912,0.86033902143765,0.7637320285291646,0.09908090474050264,0.5949720268400823,0.7642331743157512,0.3607680430058563,0.4840094164180079,0.9208972115585786,0.21696729662284683,0.5332405642361844,0.7148039295746966,0.6969623963036108,,0.8117393177341856,0.7277000313128277,0.13557774484443932,0.6330450218487086,0.9003509186895173,-0.2863654702850538,0.89879979910044,0.8473494350102752,0.906998049897178,0.5995972957256518,0.9011701124337191,0.4902220043375236,0.7347856604633015,0.8837670603642095,0.8650148779020097,0.7899867682111238,0.6437717910339826,0.7787966579897111,0.6220836588558931,-0.12111346055334686,0.6827226648954527,0.22752790926646296,0.11173222685358956,0.2461777013733596,0.6512442697222837,0.7174966053771334,0.9807188239046987,0.14827373312826192,0.9300290926655781,0.25264690458620853,0.06243172358014182,0.8461883214591827,0.864789019554471,-0.5914407157178388,0.8539220238479378,0.7074487515190802,0.9719392827915551,0.6481741457496013,0.7113169865711563,0.9826764957492921,0.8448659242407457,0.5708260678591321,0.4968685816552678
USDSUSDT,0.31190967492606253,0.25047595418261354,0.48338516145819843,0.2775593889371623,-0.0557856680962192,0.153656160314993,-0.4040880817354357,0.15213117336553195,0.2533488705319979,-0.030828680914110493,0.15430012552026268,0.66840111745588,0.5067630793581539,0.24065308106234556,0.3562588069206731,0.14087145289983444,0.2462226250013792,1.0,-0.015987140284174656,0.5091880943566462,0.03544820811528597,0.31582292899590875,-0.17918587332585864,0.2455256947589006,0.24802296320885,0.265345930322453,0.7082759226834928,-0.21654628400232984,0.2938150958808848,0.04908847630902377,0.1408969583204765,0.0953375550829005,0.24183250779450544,0.05515680620913761,0.13497013296994395,0.31033171267793225,0.3340059542220241,0.16764980814258057,0.4440385061334081,0.5995907499767951,0.20516399819123363,0.1595683380084287,-0.0358526980315813,0.7041175067212202,-0.28290818617576813,0.19923202459965653,0.4427912403112149,0.07820567799388034,0.08801912316500442,0.7254115694673049,-0.5069711263029055,0.08157585593440164,0.5909312238153989,,-0.23015116182168316,0.257922280978809,0.3798305656473797,0.36057067211847077,0.4224768029662329,-0.5562388002420395,0.1783154888016015,0.14063419425253668,0.056890211430207636,0.2929684291631119,0.20436042765891346,-0.20742969803370978,0.19059686336858034,0.1031578970737228,0.04053485289845704,0.6171617231653463,-0.35268700183974516,-0.21571236708888092,0.3595026114217568,0.6324458982822934,0.2550637857484464,-0.048934440902578556,0.40161990006640863,0.033305163926740884,0.09195407241941081,-0.26722939918194977,0.25421689092040406,0.6987569516718257,0.10106419020961128,-0.47868178029618114,0.39325987441575705,-0.07077560723522028,-0.06101444384121142,0.046942972738324276,0.12398185790077976,-0.18459327799745914,0.20537422294221006,-0.11031783160113949,0.36008030828201293,0.26550360430169573,0.4394631113566933,-0.02780290027438377,0.045054650905148645
LINKUSDT,0.8412434583849097,0.8352770643009645,-0.18086276416963834,0.8237254611150548,0.9214271079396279,0.8955693742627248,0.05361919317164209,0.7517568760417516,0.8372611945664181,0.9531774002072615,0.9342286011165624,0.024732947361139426,0.6236753479108077,0.8436815180032514,0.8124912188357316,-0.38132520765821976,0.8450325054769129,-0.015987140284174656,1.0,-0.08738656981531351,0.33551970215634125,0.6669283913841699,0.41497209426142834,0.7839164018963681,0.831033159829977,0.8278810124028542,-0.32803336449951603,0.46448630779738753,0.8560853095670278,0.9399547645416738,0.6836479140087803,0.9175058572808403,0.8689921619634988,0.9009101717377891,-0.15996993592404066,-0.32240926492845645,-0.2791029537398389,0.86922503483203,0.6394726417460319,-0.14607658071380433,-0.28878818230049585,0.6228037775835886,0.8258163330345427,0.02949227395956237,0.8310522419720137,0.7899797235832572,0.20405819050728793,0.7728110971248743,0.9150736380372783,-0.09605155961637288,0.665032604508485,0.7698555671647465,0.351905876105931,,0.9078030153387335,0.7857434921955903,-0.24468425368727745,0.6069733863334726,0.5990323458060147,0.08990776827806037,0.877765632436917,0.8852590679805621,0.9162653807975716,0.40038289918554737,0.9066197562749058,0.7938349056578701,0.6367689177867225,0.839772485928688,0.9876143898448335,0.5763998949038078,0.881346350447815,0.9208608455089016,0.5082651078661521,-0.4634099434541443,0.620507738791933,-0.05825740956696125,-0.2162964442815286,0.24294920499601405,0.843494789070152,0.8422932206061804,0.8307165691254657,0.11348725500057359,0.9071098629336392,0.6441533887975758,-0.16117451394349602,0.9597204253597347,0.923980119899977,-0.4368262535980039,0.8948526467551051,0.8131811976489317,0.8864787211900723,0.818543983822958,0.8020416131547565,0.8308363290333817,0.6978614410746083,0.34631630086892096,0.7817264944915225
BSC-USDUSDT,0.3173790253526121,0.44289416265591397,0.866610717352774,0.367820002352627,0.11567310388465882,0.12149173962098346,-0.13697030817257266,0.14852281352532637,0.4381747158713749,-0.005627945040376501,0.1470340715520272,0.7600948081519489,0.6383170651952685,0.42489392256179026,0.35424497188119297,0.8034465985264532,0.42522123495597497,0.5091880943566462,-0.08738656981531351,1.0,0.38077961305743635,-0.2312837250238896,-0.7746630977477242,0.16381973791524063,0.4508575390546846,0.45213882477175726,0.7336267187675417,0.3361728152181934,0.3126150463633196,0.10420740490418821,-0.012303268999763148,0.1221693697537001,0.18310242564724763,0.1244169306808735,0.004743277876942315,0.8411808295993054,0.6327529370612806,0.23787914809233945,0.4810994098659397,0.8858191987178934,0.18272334251841668,0.5172634090907448,-0.024747425519039634,0.24053219378904792,-0.27638572001828215,0.0669822979726824,0.2681622925685039,-0.276753014682143,0.19482947205172463,0.6734780273121175,-0.041593461882384664,-0.0458905326273254,0.6782836508333382,,0.029583861723081036,0.018415179782451767,0.7717177397326105,0.07556220768613779,0.70201617586,-0.8041180724355415,0.1566224087472567,0.10630901810714387,0.09778131087233823,0.3399169902638227,0.18963095722659248,-0.4450937022582222,0.14844790308085157,0.27148565800530133,-0.03330280182600049,0.6001087080596105,-0.31281974577904503,-0.08916748866128793,0.17280161523555393,0.6240325899470698,0.21481407601463812,0.4600580158675555,0.7615552755817728,-0.011496815062252528,-0.06337204822152913,-0.07287120375610376,0.44684321116680625,0.21202953090179094,0.1697627980758278,-0.6578125379045098,0.23414830690576516,0.012178812458332616,0.11579354739932529,-0.4036180782602321,0.0975604956458431,0.07971860185673395,0.3363209854272612,-0.15264171738953589,0.07559255033794753,0.454043612240127,0.46832020885123166,0.5396196393203863,-0.3353368592249527
