,BTCUSDT,ETHUSDT,USDTUSDT,XRPUSDT,BNBUSDT,USDCUSDT,SOLUSDT,TRXUSDT,STETHUSDT,DOGEUSDT,ADAUSDT,FIGR_HELOCUSDT,WBTUSDT,WSTETHUSDT,WBTCUSDT,BCHUSDT,WBETHUSDT,ZECUSDT,USDSUSDT,BSC-USDUSDT,LINKUSDT,LEOUSDT,HYPEUSDT,XLMUSDT,WETHUSDT,USDEUSDT,WEETHUSDT,XMRUSDT,CBBTCUSDT,LTCUSDT,HBARUSDT,AVAXUSDT,SUIUSDT,SHIBUSDT,DAIUSDT,SUSDEUSDT,WLFIUSDT,CROUSDT,USDT0USDT,UNIUSDT,SUSDSUSDT,DOTUSDT,TONUSDT,PYUSDUSDT,MUSDT,MNTUSDT,TAOUSDT,CCUSDT,USD1USDT,C1USDUSDT,AAVEUSDT,BGBUSDT,NEARUSDT,BUIDLUSDT,ASTERUSDT,OKBUSDT,ICPUSDT,USDFUSDT,ETCUSDT,XAUTUSDT,PIUSDT,JITOSOLUSDT,JLPUSDT,ENAUSDT,PEPEUSDT,APTUSDT,HTXUSDT,ONDOUSDT,PUMPUSDT,KCSUSDT,WLDUSDT,POLUSDT,PAXGUSDT,HASHUSDT,USDTBUSDT,BFUSDUSDT,SYRUPUSDCUSDT,TRUMPUSDT,ALGOUSDT,RETHUSDT,ATOMUSDT,USYCUSDT,FILUSDT,GTUSDT,WBNBUSDT,USDGUSDT,RLUSDUSDT,BNSOLUSDT,QNTUSDT,ARBUSDT,VETUSDT,KASUSDT,FLRUSDT,FBTCUSDT,RSETHUSDT,LBTCUSDT,SKYUSDT
BTCUSDT,1.0,0.8447349613219204,0.2829680340403801,0.6709655146193827,0.7136713618679797,-0.11598826363119819,0.5516993049803626,0.795359604865079,0.8411385684396335,0.609526696971334,0.828422020378506,0.38919763749929953,0.37872721734219905,0.8356821632720175,0.8303092582378969,-0.02270039360106551,0.8462280128564201,0.32443589834467673,-0.2815973552848553,0.4003590880432953,0.6972403768133166,0.14223556864311615,0.3156142183365973,0.581590832356848,0.8541645060483278,0.2298639164546163,0.8465353872226975,0.40986143923976953,0.8398254231975563,0.7999868257172299,0.5312344019109765,0.7645863053299493,0.7910870814427821,0.7073381730302994,-0.3768889255489983,0.1703029517188554,0.1908186855846431,0.6119144479973039,0.09203216888476794,0.6478883493846331,0.00787592940624531,0.7785844035298711,0.8942628534487315,-0.04637268771168776,0.6204276721861838,0.66715749581739,0.5749618884097791,0.46130257239667644,0.16198289719676184,0.12109844966554852,0.721504740429214,0.4778850352347588,0.7116290804688943,,0.5875916427260442,0.6796066928722885,0.08099212660511089,0.1308992169666707,0.7806005925417341,0.4356987798539587,-0.16306405910644625,0.5375316980412131,0.6306529207384336,0.718165202692378,0.7786713664258061,0.5830271570912918,0.8493311884000622,0.736578079286856,0.6535883473094956,0.6766871818556035,0.5055246802343811,0.6981336927724662,0.468871204348522,0.4606467645717644,-0.09331312958552809,0.2690014214727044,-0.44208368552102106,0.6715679551490746,0.7285278663201773,0.8412833379416157,0.3267678559750045,-0.6566141653025374,0.3908681952483022,0.7449051067053758,0.7182283767138085,-0.14476312387118095,-0.10761837686844658,0.5398353249990092,0.5593594864872573,0.7949020405027153,0.848908076996992,0.6924748392671927,0.37289389032758463,0.8457626059431642,0.8422731487747988,0.7992844734983913,0.5239846430045014
ETHUSDT,0.8447349613219204,1.0,0.4386197823311517,0.7642539014162587,0.8477377286575839,0.08427502170883715,0.7187502473650056,0.7722055651269822,0.9423402217908433,0.763068922784923,0.8572078125550425,0.35611752362587284,0.6033917319129242,0.9433525218923408,0.832846736655526,0.16803297294272873,0.9432229742994924,0.25175157626530553,-0.4025712590868065,0.4835560029249937,0.7847979359608487,0.4234516933075671,0.2563768477704344,0.692837000681075,0.9525297798369636,0.19841146693805936,0.9456988752055655,0.513479314012629,0.8533635648599832,0.8947107258784102,0.6176011840566943,0.7639648180152431,0.8426893097383041,0.8161222696921192,-0.25195926657273554,0.33357399852714237,0.24940206962442793,0.7691865899273762,0.13016234464743218,0.6842266197167206,0.129726858157276,0.8314223559404402,0.9400233118773094,-0.07664066282724422,0.4878204144390478,0.6390889031308842,0.6530063483623547,0.4610193748929766,0.22873595247055956,-0.013487069357252926,0.8645086919254152,0.546453510065078,0.6556455552753488,,0.722166366263611,0.7545455907269262,0.018715553257218197,0.2318749081380774,0.8589446509842772,0.49513748247266137,-0.18597883524596512,0.7010478656672434,0.7724609840842668,0.8308475523561464,0.845835397535687,0.6617819948921357,0.8881289886038828,0.788617762738678,0.6715037610698785,0.7439484651893252,0.6382939428345966,0.8003765397407331,0.4635218351891403,0.35516835898088106,-0.11293773842542099,0.4346455625341705,-0.22749796109945816,0.810599545498492,0.7916269865055939,0.9416641209297587,0.39139873311569434,-0.729669433297188,0.41404118529432155,0.8068526663128973,0.8512405918418013,-0.41463632007572365,-0.12638813140447228,0.7060485441604017,0.6743576910876837,0.8935165838260501,0.9192269751742118,0.7262412631964076,0.354468882647299,0.816454719361703,0.9424813956599815,0.7958141310534395,0.6221639393822194
USDTUSDT,0.2829680340403801,0.4386197823311517,1.0,0.36277076465364755,0.2700382861111861,0.1461297965474249,0.4762993967334528,-0.015776654431731204,0.43360153770064636,0.31484475160397035,0.15691012429688117,0.4818423342653299,0.6646373933437574,0.4383519195246091,0.308946434389808,0.8329351182675933,0.41004016210264327,-0.3324163954744262,-0.468384977102075,0.8380107619491416,0.1227325576615113,0.6450727339877255,-0.399127457915797,0.3957944732346309,0.44122781203267203,0.7157146956039028,0.44772996104280194,0.2450152098405609,0.2885830685884615,0.31995294515607786,0.17274047888067828,0.14659158402630976,0.14350153963238824,0.2567645350093798,0.2698525718800361,0.9196922889103747,0.8306120426634181,0.5227202059287844,0.6971962860357424,0.1455581482651438,0.6354699744210526,0.10416394873691122,0.4071034723787854,0.18052047553272318,0.05599943914553516,-0.09861527009611949,0.08462509783002868,-0.31618887370676674,0.7600050987355703,0.29720605883015166,0.3486457304934256,-0.06015470746527854,-0.24071381242510997,,0.6969903977998391,-0.004999599269204948,-0.5802526235352715,0.8608788899048425,0.7052385076099887,0.4559374265421901,-0.5499208342117659,0.46831339520269666,0.45902472364002395,0.3204610165892899,0.06647087525060909,-0.11332359691318211,0.14471903303631017,0.11201364446597827,0.34861143048272925,0.5535006695686788,-0.00303899581203306,0.1759644848452878,0.3811224323823573,-0.36069334944136094,0.31430388041051094,0.9889107669565278,0.2345598684951273,0.14407624790236948,0.22837605045301804,0.4488017020242781,-0.29208455453124105,-0.37219339560736275,-0.4096734873418406,0.03602033760866733,0.2660866544888447,-0.24026438289876645,-0.07043086206082333,0.44998458908330896,0.24420351698238937,0.2425649705487559,0.36403983801159445,0.16233577404113786,0.03568342837944254,0.351505613402012,0.4551123859383202,0.3140737364678387,0.042133417300980844
XRPUSDT,0.6709655146193827,0.7642539014162587,0.36277076465364755,1.0,0.7436053388064743,0.19574564592826285,0.5903661811936591,0.670075063169298,0.7631055453290869,0.6514635276793731,0.6983425781507989,0.1801095091783098,0.4323373182809383,0.767728944350169,0.660726832012041,0.16872806814980543,0.7590538484260662,0.1701942006912263,-0.3203730764396899,0.38372579296996884,0.6373498604245129,0.35492183351437917,0.22390690854715642,0.5926493629780577,0.7674862206950662,0.12143422853242015,0.7667958669213224,0.4812409742808102,0.6821623565340931,0.7263013319194646,0.5086303658160448,0.6603123179196303,0.7063057455011053,0.7040973944793678,-0.06479671410897656,0.23534589178928103,0.1702037539239239,0.6132083199011801,0.07823252266198821,0.5569583586735503,0.12694505640539736,0.6806067159691026,0.7556726359834138,-0.018281964623532453,0.28471630857066416,0.4913103929264526,0.5169824947543545,0.46564512102432554,0.2212167573536683,-0.09929541809840417,0.6771522529784665,0.5180989478005814,0.44533036395994596,,0.5179356688130441,0.635972082755668,0.03153338302690916,0.23973014688073727,0.7057300869005193,0.3365229898305972,-0.24866327948714959,0.5766510209954385,0.6333671188744625,0.6762946457897302,0.6816175712251051,0.5293229864816877,0.760607384489118,0.6612772767638605,0.499741994809159,0.6003264961991192,0.5423683464615285,0.6766779296280874,0.28129273519247294,0.17098088110196713,-0.13812056291201322,0.37890527478556063,-0.1643409651703304,0.7058441862211965,0.661307188112716,0.7646645468503508,0.36318375127616875,-0.5130133796319023,0.4244409032478695,0.7001609748093538,0.7428609037820054,-0.3204768101893617,-0.1497155819317858,0.579786327077,0.5957605555578868,0.7317748293647184,0.7565800871373963,0.5978159660653235,0.3169538194155656,0.6202347880531071,0.763915413955492,0.6270642018639679,0.5378176398967169
BNBUSDT,0.7136713618679797,0.8477377286575839,0.2700382861111861,0.7436053388064743,1.0,0.42432057666686335,0.7800013581616569,0.7335474149207915,0.8477944857239758,0.8679834933857283,0.8403320106613479,-0.05630680666761263,0.5315477326924226,0.8617124249613669,0.687615193761896,0.04247591259673719,0.8452460224491581,0.3689202908219539,-0.498104442837362,0.30035233686255536,0.8445435413341619,0.4915836759685716,0.3605816802276689,0.701476956319878,0.8465269148948295,-0.13824839616765291,0.8460946987030553,0.4947474843073036,0.734160274712716,0.9003834180230522,0.6038290138401439,0.8228184728312896,0.87265005332785,0.9072469344770683,-0.049616145155724,0.18205109615291667,-0.0317877650169718,0.7414518075760469,-0.18275532377222586,0.5335818276080605,0.056857981246216535,0.8827651845762139,0.792769642843657,-0.12267048120215396,0.18375349656884654,0.6579426205900306,0.6898515732363389,0.6294887650209677,0.07516136122121214,-0.3791065466511747,0.8429795460833779,0.6709262593618359,0.5478001575073316,,0.5381909622902367,0.8027363604016157,0.013640445805145495,0.0433970560772951,0.7013088176201944,0.4649054974469663,-0.053555223861358,0.7670095520344195,0.7996870758616395,0.8710777054311415,0.8798059087721031,0.7918401631933637,0.8586733403894083,0.8585222310458122,0.6307944462750686,0.5728791012636152,0.8320123792225061,0.9028221344984377,0.35895828300508387,0.13445479343477476,-0.4036808894625931,0.2810101025860616,-0.19316534690882628,0.9478619149559172,0.8129174560144624,0.8484152930836139,0.6745035237516319,-0.5054911194068585,0.584753088116588,0.8805433078443177,0.93373559577877,-0.4720975819516516,-0.3102123332264275,0.7743333778246365,0.7429635823885273,0.9197111110042211,0.8704350220525141,0.6906470441044494,0.3697941561994113,0.5871148806451156,0.8440946900740762,0.63017166296595,0.7678683805040761
USDCUSDT,-0.11598826363119819,0.08427502170883715,0.1461297965474249,0.19574564592826285,0.42432057666686335,1.0,0.4717380941289352,-0.06971647480746199,0.08701347111781786,0.493264964286984,0.09583100303069741,-0.6915666227308237,0.29799965195233147,0.12053029564927119,-0.14049378673629997,0.17625262328943317,0.06884329206742763,0.10472752231402249,-0.4993363043930682,0.009869735129099838,0.28586897522911864,0.6071560189780401,0.04201313211697548,0.2821722416694638,0.06469082578540215,-0.46124900329354845,0.07999496522670514,0.1428353954311322,-0.08380521772075183,0.254746260902824,0.13163268802072706,0.22414957953669568,0.2009755967659441,0.4117523669682596,0.5776492151423983,0.16258580513180998,-0.22988428060652313,0.29695482270695284,-0.37737012870277137,-0.2110446191433583,0.16986863166307622,0.23754081400512234,-0.07404525550816295,-0.07076619188016597,-0.676691566564388,0.03476894798913546,0.20836968318836788,0.2502871896903923,0.004101513118114357,-0.7548514088522849,0.24360440868904415,0.3151261092139184,-0.3045309559673468,,0.01456378597833334,0.1973239629551793,-0.28280015689913013,-0.011505114673241059,0.03132907379528102,0.19643235361379258,0.07721521417289912,0.47551328135393334,0.37768204204973355,0.3374385695822248,0.199049611337426,0.33491007883803764,0.062136697256762394,0.2754825342396436,0.11036701885484762,-0.07072236012349209,0.5459036290423824,0.4046883535707018,-0.03255833546656405,-0.6422475032912475,-0.5267451972066015,0.17604724774472955,0.288789376655856,0.48741829463218156,0.22215832796538268,0.09474622871242185,0.5632628781977839,0.23395394802140962,0.23296025861974712,0.2564225127353902,0.41253326971962456,-0.42622512091716075,-0.4435631551356262,0.4758112282569488,0.3544609794186681,0.27034063184172163,0.13577167662522083,0.050760822606109056,0.05094945609462804,-0.3237317242217935,0.08610746961439326,-0.18904137565933601,0.4283248425814406
SOLUSDT,0.5516993049803626,0.7187502473650056,0.4762993967334528,0.5903661811936591,0.7800013581616569,0.4717380941289352,1.0,0.40232753089589374,0.7180485436871872,0.8466394059469716,0.695600275079095,-0.02676752484673089,0.782480360907926,0.7373791856732693,0.5336532141073408,0.14510515755725598,0.7106934497005668,0.40224080622629493,-0.7449578704457596,0.4583430783076181,0.7568628462438738,0.7160071859735597,0.27288051526512974,0.6509093404685959,0.7133300754607134,0.0017645250110630997,0.7169993144685015,0.17123264333393956,0.5725793954164098,0.8473499930816104,0.4657455850269929,0.6929153556289778,0.7436455114217414,0.8220355260601546,0.042461168666894186,0.4792332538143057,0.07536409715421191,0.7894997383607626,-0.09473342098685338,0.29854068775185033,0.21523702347188556,0.7886028482289893,0.6170593269067152,-0.055189850750411835,0.1438071127285811,0.5030328829408838,0.6524480771354771,0.3345797784611613,0.23933649576477736,-0.31350275402570005,0.7904146133020015,0.31936825812448516,0.37632137136694926,,0.7320335370974421,0.5158962140931227,-0.33457590736341764,0.09018864676040499,0.6692484063841241,0.7659464632493935,0.053551169569941146,0.8842550254518282,0.8551831054407044,0.8787023488708822,0.7322887303567406,0.7379342419700589,0.5716950681874832,0.7448492895357052,0.7726284532565464,0.5397644542292026,0.7689356031645311,0.8060058209748906,0.6326595457447448,-0.08119796431963272,-0.36585078361338763,0.44294615729482134,-0.1525379394113946,0.804036881660235,0.7101536367532517,0.723491406033677,0.607521187975018,-0.4571779033617651,0.21791204860341948,0.6321181514937574,0.7777123184388269,-0.4807765131134888,-0.33894663449888157,0.8822847334480439,0.5668727603300612,0.827617248543378,0.74611911096562,0.5382734312180006,0.2665505249623956,0.4468318744993257,0.7222486146324804,0.48366196156110525,0.7515374810252906
TRXUSDT,0.795359604865079,0.7722055651269822,-0.015776654431731204,0.670075063169298,0.7335474149207915,-0.06971647480746199,0.40232753089589374,1.0,0.7737296374696659,0.5519232882233767,0.8257941563473382,0.2323462583793049,0.13014044877166,0.767325076971879,0.7844843314872096,-0.22251053724198036,0.7803085709685944,0.3237358863087149,0.040012486264134554,0.1106960723853263,0.6663761386898671,-0.04027980962698155,0.5967822490892069,0.5347736441750884,0.7760275829898186,0.050592973051806586,0.7766752143061533,0.426888772744274,0.796826822271513,0.7139059233609673,0.5496417611915473,0.7480213330031247,0.8480874297088655,0.6954477452577289,-0.22706824833892553,-0.21472389160254773,-0.1417528193305712,0.4439862872296687,-0.03316072019733949,0.8288662395763198,-0.12914263821309588,0.7750653647232244,0.8177980904147687,0.10940347248892353,0.5872836932682267,0.5853517221400832,0.5866874586552235,0.8074884602896606,0.08729205730511212,0.011525170888655073,0.5812174508016873,0.531661266360477,0.7368993062958294,,0.34899080703328156,0.7158854681506026,0.48431309449808585,-0.003197241853503903,0.6172728163141863,0.11819282561786143,-0.271150432675647,0.38587449563733756,0.5011941725398812,0.635495992483471,0.7721513427078475,0.6322226948624813,0.9519301651699663,0.7351093808440806,0.42637426152610663,0.6373000898556263,0.48948633884153053,0.6527430097170335,0.12729466897840272,0.5371569121426448,-0.07736199015711277,0.021125923771538765,-0.45687938784883647,0.6967358664654535,0.7094751712588533,0.7666189552888197,0.4260954427530116,-0.5425758767545107,0.7701929681488549,0.8344110158111739,0.7335849163676604,-0.10034732406837878,0.08025856623505798,0.39638963580428815,0.5188220265090953,0.7583976148964209,0.7900977839901365,0.7273278585039027,0.4480485483383896,0.7565796646695486,0.7672496085513879,0.7665160180086273,0.623045041643948
STETHUSDT,0.8411385684396335,0.9423402217908433,0.43360153770064636,0.7631055453290869,0.8477944857239758,0.08701347111781786,0.7180485436871872,0.7737296374696659,1.0,0.7629222637507059,0.8550879919830741,0.3554767890662299,0.6066479147041661,0.9421228088600982,0.8291683143275967,0.1670064544528526,0.9420662408382247,0.2490586884214622,-0.3938786920777907,0.47624780462803,0.7840979863390907,0.42783570807547805,0.2648484559709182,0.691818387667058,0.9508647098067257,0.1944115777099368,0.9442469909178631,0.5105622070800588,0.8497345082242989,0.8924511769516743,0.6189685522815228,0.7577536077713074,0.8435545492170768,0.8150839128661939,-0.2459173141512716,0.32766151465992244,0.24016403946570627,0.7677007333600172,0.13044237100921396,0.6921218405745416,0.12927047530023922,0.8304499968052486,0.9361792341340629,-0.07101091878505231,0.4871161291985918,0.631728385924028,0.6556674487736849,0.4679995815450558,0.22928604024102128,-0.016801663211336946,0.8630148997648811,0.541909213736097,0.6563958298158908,,0.7226765137568614,0.7530101743136066,0.030976258647656813,0.22890331843203207,0.8533020713561602,0.4884564294191075,-0.18722392094780152,0.700063811497517,0.7710774995239795,0.8300478811667379,0.8451639657677539,0.6653794754342303,0.8883302696130367,0.7864236680592773,0.664431371669582,0.7448789695262914,0.6386633982278648,0.7978469982329511,0.4546282698411904,0.3585358861462601,-0.10768662818164616,0.43095788605599095,-0.21928707158463584,0.8114175930608367,0.7896135058197865,0.9399624952241725,0.3931432014027529,-0.7309744235342763,0.4229620019872957,0.8066541402714664,0.8512179163896209,-0.4241022990144826,-0.11408245443389474,0.7054899460761015,0.6707619502711049,0.8929419433340442,0.9161686614779483,0.7260130145297461,0.35356289020991005,0.8114941336529276,0.9409111450663907,0.7930165559195591,0.6275248189282039
DOGEUSDT,0.609526696971334,0.763068922784923,0.31484475160397035,0.6514635276793731,0.8679834933857283,0.493264964286984,0.8466394059469716,0.5519232882233767,0.7629222637507059,1.0,0.7697161182710349,-0.12007193541693277,0.6456215380266317,0.7815671053011369,0.583001108550801,0.04105347868697616,0.7591567627821978,0.433041416075887,-0.6493583776955513,0.32840459966794733,0.8228388419951145,0.6060538343781755,0.33479251138857935,0.6679216121150777,0.7588929538179907,-0.15696937172732905,0.7597684369694166,0.32056994648968784,0.6320715292362385,0.8799958872918724,0.5319455252191709,0.7692024353430861,0.812065111485467,0.8788119183975754,-0.013488776754849725,0.2914989801604366,-0.04429794643392698,0.7605592563705599,-0.2260194747057813,0.37417942072362775,0.09600644462066019,0.8536921191096319,0.6768402139928391,-0.13392327727183767,0.12005415143600212,0.6117561265095713,0.6854368507029114,0.5002578682994235,0.08534764574635569,-0.4213120558861834,0.825498073542821,0.5247438779239311,0.47393933101038616,,0.5995179229544662,0.6803111016036233,-0.16318986505467187,-0.010703343582014404,0.6404844664055241,0.6241653628986801,0.07763182991001845,0.8367000186205584,0.8306325449056803,0.8858808264582632,0.8261780950537044,0.8063100474435825,0.7038998959905645,0.8201553848476815,0.707473952157242,0.5054919514180819,0.8517352945427832,0.8807601020932705,0.49850024805534354,0.01739979846425961,-0.4601195553257466,0.300891192994189,-0.17730985235518085,0.9041008280501702,0.7654127947122369,0.76558287833048,0.7078502871810418,-0.4485124798783407,0.42452203808082584,0.7713098589102083,0.8663374525947548,-0.49499773899229327,-0.37087496271854753,0.8406095946570201,0.6671256995466255,0.8837725188624896,0.7975530738026287,0.6060459744892234,0.31287704052194304,0.4763529257658748,0.761570503828166,0.5232335052620448,0.7838992162349379
ADAUSDT,0.828422020378506,0.8572078125550425,0.15691012429688117,0.6983425781507989,0.8403320106613479,0.09583100303069741,0.695600275079095,0.8257941563473382,0.8550879919830741,0.7697161182710349,1.0,0.13470529718965785,0.4282836752483802,0.8587274239674946,0.8081603530168023,-0.1932276379565409,0.8608239161479344,0.5325212743231126,-0.4217952458438283,0.28794118167161803,0.8470562951241712,0.23031813715933164,0.4960644014430068,0.6439306901213381,0.859890520400999,-0.011455937160037835,0.8557960111063707,0.3307745454084841,0.8382286867511968,0.9160196351549065,0.572207591270166,0.8924463378294483,0.9224155958697623,0.8602610508304239,-0.316247978660758,0.07762896695000218,-0.05549760520809327,0.6766124016420878,-0.16861061362442636,0.59695198828,-0.06952283057722718,0.9375307171979336,0.8624358830058388,-0.08201114526385049,0.5241425941857086,0.7730181181128101,0.7129219151419838,0.6265010110746224,0.04415879161985055,-0.13047860346459383,0.802792927664191,0.5406957479910515,0.7710257570205304,,0.5708899739942883,0.7596474649974201,0.07164060175628542,-0.08194418195937245,0.7238314236221937,0.5494185534820331,0.01378942777918405,0.6834805942108026,0.747701000193722,0.8656935619704393,0.9138985516401125,0.809983138266909,0.89102819657317,0.8883731729684738,0.7612659126790592,0.6222727309083168,0.7348648374416685,0.8619157476686828,0.5333693416274804,0.39230730156761434,-0.3344773138654386,0.13755626822712647,-0.5111124256583792,0.8472542716476273,0.8334712992413912,0.8547141736759037,0.6168868316746291,-0.5872566292086195,0.5341079186749641,0.8657514906946986,0.8427794893314428,-0.21616770927872936,-0.23334388962817124,0.6881554376433795,0.628429630005416,0.9238724604318711,0.902779055143935,0.7445146194328721,0.4214174359848206,0.7650395064858633,0.8528868575440209,0.7598266239187987,0.7421559217020215
FIGR_HELOCUSDT,0.38919763749929953,0.35611752362587284,0.4818423342653299,0.1801095091783098,-0.05630680666761263,-0.6915666227308237,-0.02676752484673089,0.2323462583793049,0.3554767890662299,-0.12007193541693277,0.13470529718965785,1.0,0.2966039101062185,0.3273813436051461,0.4234792226405865,0.38523862632882794,0.35978394907735173,-0.3208642310590854,0.2532278540939346,0.4734899075713664,-0.049902556072931765,-0.010794459164629299,-0.1252004136626537,0.10147746911739745,0.37681335389432774,0.8296263775351395,0.3676097929300232,0.11364880349262252,0.3640467834409371,0.09172765029472774,0.13864090860319564,-0.08196245186566961,0.06906585912130986,-0.0871077637882896,-0.3290557090845051,0.3828292595174843,0.6366292874825142,0.17285884323510672,0.8137630231413154,0.55230493288878,0.25292908023635347,-0.021646503987127075,0.4453064288345937,0.2304696797083404,0.7288472722732591,-0.08499931037879707,0.022601551867340523,-0.2290869476305681,0.4999408624156284,0.8193514371031406,0.14127175539617917,-0.2640469295639313,0.2727772345683462,,0.5497212682682586,-0.04159430040435551,0.12285696573006508,0.5464128111843938,0.47866698019303744,0.056136994051986265,-0.46765253579401,-0.04351734138285546,0.05204279036463059,0.021556768267921928,0.010509117790934698,-0.20465141645716486,0.21339025325912933,-0.07573340711139785,0.10095910091563291,0.5604761675382761,-0.3772533157059313,-0.15326203364159363,0.1804321591961477,0.5088371891004938,0.7500852407059253,0.4718186962188982,-0.00012094199277308795,-0.1887364870707598,0.051871216106331094,0.34965149086812536,-0.6084267881881406,-0.6189674356321898,-0.23385738076761806,-0.05512535608921085,-0.047893528115082774,-0.012738734855296332,0.5445023835132947,-0.0460798953632633,-0.08659645279940188,0.05905335643377247,0.22661685583893973,0.19108905147543423,0.024688495551586316,0.5953833030114223,0.363503580611243,0.47809428296095763,-0.18186439041581526
WBTUSDT,0.37872721734219905,0.6033917319129242,0.6646373933437574,0.4323373182809383,0.5315477326924226,0.29799965195233147,0.782480360907926,0.13014044877166,0.6066479147041661,0.6456215380266317,0.4282836752483802,0.2966039101062185,1.0,0.6185241212087157,0.3745747459559228,0.4450212771263849,0.6000464596675675,0.08798987809968581,-0.5921071128199875,0.542129901727234,0.5205973624806504,0.8896435714375374,0.05738380651623085,0.5169511894705628,0.6053463066510407,0.24540958927875073,0.6052360175415821,0.08102504769139746,0.39026598717375816,0.6290569834331391,0.37774935696959533,0.28893677664711154,0.47687685199436686,0.5474153617073279,0.06209230272269639,0.7082338228327127,0.3068897279373978,0.7439433582220829,0.26370654301550406,0.3280876529230937,0.3935214105166678,0.497204310291687,0.47326917179115324,0.012493946028684698,0.1761857755375129,0.16943442162523106,0.5099268185917453,0.0013382583163361935,0.4045529850708653,-0.07173344768188698,0.6899704636296874,8.207797580751597e-05,0.2325622118893438,,0.8906288429178999,0.26364159340094245,-0.32918639025310154,0.29571591376402034,0.5878971206335853,0.6828876149592937,-0.01955756729883541,0.7674004927323564,0.7231348712610781,0.6811478094001687,0.47795805612965325,0.4985048190886504,0.31984357064973323,0.4291005644382469,0.5707056748501866,0.5589365627440155,0.49563451436191647,0.50983220105362,0.5527966569795322,-0.027400459572595726,0.028210244514937182,0.6305154955697994,0.2223799895286333,0.5312768448056693,0.4625587576117708,0.6052889281990279,0.23940112227365506,-0.5813010797416346,-0.05626175126734914,0.32073374916869746,0.5328552187593548,-0.7027231667580536,0.002730314503688099,0.76826573446737,0.34597160418690287,0.6026653686123167,0.5337640457420125,0.35555905440702823,0.07819299252144546,0.34583051848049307,0.6109250899607531,0.3610549686603391,0.5316985058776225
WSTETHUSDT,0.8356821632720175,0.9433525218923408,0.4383519195246091,0.767728944350169,0.8617124249613669,0.12053029564927119,0.7373791856732693,0.767325076971879,0.9421228088600982,0.7815671053011369,0.8587274239674946,0.3273813436051461,0.6185241212087157,1.0,0.9211062809031342,0.16929758934074007,0.942460259399829,0.25882430460513617,-0.41834605751403864,0.4772777412092313,0.7953854638147821,0.4498636398314838,0.2670917354737501,0.7012797595785735,0.9510624426105156,0.17637704058931453,0.9450043898596371,0.5094827079799191,0.8454975391948981,0.9026868003170648,0.6214536157629804,0.7678521356960181,0.8507366354129754,0.8305058583391937,-0.22686377645828618,0.33520468672141285,0.23033780416836525,0.7788929056546525,0.1125811553016361,0.6783520717608729,0.1343133536414747,0.8404919753231073,0.931293624192784,-0.07501754041850027,0.4628017727658455,0.6354685181246262,0.6638816510390811,0.4741615752141481,0.22784779531517074,-0.045170592747119674,0.8717233730486877,0.5501479956041899,0.6456131466437192,,0.724101876159457,0.7576363477487099,0.014024204136771107,0.22415838779033234,0.8533367706613295,0.502713548608156,-0.1783827600314847,0.7197158381532248,0.7862523313508053,0.8440046286801947,0.8526107268215886,0.6794415393587735,0.8871420081354212,0.7976291226103417,0.6739807159006814,0.7398377588431778,0.6602518211042008,0.8136699140472695,0.4608674477075825,0.3327763287834249,-0.13159442653496808,0.4355675166231519,-0.21409041350741975,0.8285395031129776,0.7979682112105442,0.941418695335121,0.4166811246391948,-0.7201077300070278,0.4265756785787116,0.8142245717732972,0.8647214590143099,-0.4359232144239403,-0.13529779967486227,0.724965259843073,0.6819893976348248,0.9030261130774202,0.920443023444764,0.7265427546933041,0.35514543658370973,0.7983951974535451,0.9420184582822281,0.7844704212265412,0.6442061320318241
WBTCUSDT,0.8303092582378969,0.832846736655526,0.308946434389808,0.660726832012041,0.687615193761896,-0.14049378673629997,0.5336532141073408,0.7844843314872096,0.8291683143275967,0.583001108550801,0.8081603530168023,0.4234792226405865,0.3745747459559228,0.9211062809031342,1.0,0.001257169122122134,0.8333525957894705,0.2964377769181283,-0.262067512852934,0.42138146884021577,0.6668565260918857,0.13388368011807084,0.304813412837784,0.5710659404834557,0.8422671541004665,0.27890441317136916,0.8355946877216122,0.3952949143600189,0.8309936263720699,0.777405640063732,0.5159244213265116,0.7430161941211956,0.7715577297673705,0.6822947110552049,-0.3600298801075534,0.18774014874480613,0.22045705765167528,0.5979279059694894,0.13829413868479537,0.6532937900986672,0.029848939549355365,0.7513144386032982,0.886259578583747,-0.012694144600204127,0.6351698571488109,0.6324504232763676,0.5533157483973623,0.4408476712697488,0.20375607905782048,0.16447691103313677,0.6947120951949741,0.44038198608306395,0.6871490450834664,,0.5952141562286867,0.6441842837643672,0.07624375340775283,0.16955813685339235,0.7872648879193607,0.4273159925311575,-0.20374532798052464,0.5193751351349882,0.6141419234159815,0.6959381808640652,0.7468499804262158,0.5464428491540434,0.8327743155053753,0.709342570084974,0.6410540208164203,0.6900485045963218,0.46200215382936766,0.6651992971294014,0.46361185143014455,0.4513955693799665,-0.049199295864372335,0.2959128377737371,-0.4402216037577357,0.6364133536167965,0.709078401583122,0.8297179580010605,0.282498386938396,-0.6553800608723295,0.36504917337408693,0.7157058804606687,0.6917985268528043,-0.1199136993748764,-0.07960959897765012,0.5205459217328546,0.5331128817708327,0.7693913367559582,0.8337958911523017,0.6799451766388289,0.36881185118831233,0.8484618120167554,0.8314594491841981,0.7991094878845733,0.5007953859853095
BCHUSDT,-0.02270039360106551,0.16803297294272873,0.8329351182675933,0.16872806814980543,0.04247591259673719,0.17625262328943317,0.14510515755725598,-0.22251053724198036,0.1670064544528526,0.04105347868697616,-0.1932276379565409,0.38523862632882794,0.4450212771263849,0.16929758934074007,0.001257169122122134,1.0,0.1446613988106934,-0.679898759824287,-0.13488343051578178,0.590807449990842,-0.1716891492964279,0.5713537339254914,-0.6396236598156904,0.1642365145112458,0.17447302868467335,0.5460654736642166,0.17666713403713527,0.4005631654097996,-0.01846604723423715,-0.04480224474069353,0.056609714151535595,-0.2511097935293625,-0.2084604527166814,-0.058687747490769056,0.38065571889876354,0.7556681885213887,0.7989195542480806,0.2556340703448371,0.7203383231774376,0.05262188878237203,0.6040796338902457,-0.26982797037292955,0.12650116135700112,0.08796665868320915,-0.2642124503613058,-0.3808130820700626,-0.18378009373447166,-0.4370276406956505,0.5893662631378738,0.20287525834800105,0.10755058341889527,-0.012432703019052374,-0.4936235135169762,,0.36280833264859236,-0.09860667045263441,-0.3610693543408899,0.8818798512942773,0.3777298391229133,-0.02207906600029884,-0.575555281374129,0.13660995497598247,0.12483668269226492,-0.05329892657347114,-0.22529727643337527,-0.4061108163671478,-0.0763654335011294,-0.23075514336645622,-0.15248154030495573,0.28242839344882115,-0.2168194189085105,-0.12140176870169797,-0.10718718840437362,-0.4001727163541756,0.4428923123526517,0.8688560120555073,0.6661774981836176,-0.07758505856563802,-0.09016301315230688,0.1752501963586123,-0.505897041457031,-0.19848251224064592,-0.38662310371893366,-0.1784958113175439,0.039406219759818464,-0.39132664035064585,0.08534746847313848,0.12823903424365327,0.13454474597014357,-0.08809610037320657,0.032560998610747176,-0.08752472657084513,-0.14479672387987697,0.03689125272834826,0.18009571417666664,0.020562350304023157,-0.2643338676932792
WBETHUSDT,0.8462280128564201,0.9432229742994924,0.41004016210264327,0.7590538484260662,0.8452460224491581,0.06884329206742763,0.7106934497005668,0.7803085709685944,0.9420662408382247,0.7591567627821978,0.8608239161479344,0.35978394907735173,0.6000464596675675,0.942460259399829,0.8333525957894705,0.1446613988106934,1.0,0.26175521142977726,-0.38418375927504766,0.4595995332840969,0.7899779986693487,0.4124839448800953,0.2734775779765585,0.6856632075593466,0.9523886226769338,0.18040800987318018,0.9447524950816264,0.5089671534783293,0.8542969014761811,0.8939996576451632,0.6220398648603097,0.7578703095801101,0.8463766098726031,0.812632217788727,-0.2746214153961119,0.309251529368862,0.22616006410322906,0.7634220662756328,0.11637708146227961,0.6975764796064114,0.10973303125261447,0.8361052476404901,0.9392820719506306,-0.08562016964441094,0.5028180871205871,0.6465992533531887,0.6613177999635574,0.4717644631959273,0.20431743906978067,-0.015785527453753508,0.8677524643491165,0.5472019796135423,0.6815238087133969,,0.7178456745563422,0.763256706560508,0.04777478510812158,0.20346371755085155,0.843685685182663,0.4848930858795224,-0.16415878618719285,0.6925739696314073,0.7655397555907784,0.8295092284896908,0.8546931475659194,0.675809382878043,0.8927601058915403,0.7899610881272324,0.6650917897442091,0.7383329692039082,0.6435930438468748,0.7997743162172285,0.4567172627817498,0.3883018755275671,-0.1122581207112302,0.40591546131551387,-0.2278292700714877,0.8126139379772759,0.7904475975451657,0.940219363073742,0.39915293978911887,-0.7396368565690115,0.43093422755894933,0.8118394711787941,0.8492985553237192,-0.42640778653969735,-0.10887644548918463,0.6988004019681126,0.6692917226675645,0.8961870050175041,0.9166312566418892,0.729638892434744,0.3527329161299256,0.8176493957832561,0.9411145218340711,0.7968329532867118,0.6272889334786261
ZECUSDT,0.32443589834467673,0.25175157626530553,-0.3324163954744262,0.1701942006912263,0.3689202908219539,0.10472752231402249,0.40224080622629493,0.3237358863087149,0.2490586884214622,0.433041416075887,0.5325212743231126,-0.3208642310590854,0.08798987809968581,0.25882430460513617,0.2964377769181283,-0.679898759824287,0.26175521142977726,1.0,-0.4316135989061943,-0.13259344806626866,0.5498891584389493,-0.06485658508778522,0.564832582415786,0.2241520059723066,0.24412272779366653,-0.391088910285717,0.24239143667760518,-0.25362334890096055,0.33313425634629507,0.5159062378897181,0.17411962215474122,0.6178265159620723,0.5445231803682155,0.4951026198331512,-0.33389799771941037,-0.23957381779287706,-0.5004617999216553,0.252227720414903,-0.6313752147051058,0.0002823764880772037,-0.34378081831651264,0.6457762305662095,0.2421508595052376,-0.15896246012009813,0.2849126858505316,0.6328405057098918,0.476435459529523,0.4150868307069753,-0.3358035471509115,-0.3050426488193256,0.35931756432971707,0.17623554301550096,0.5727661054957013,,0.1374368246807963,0.33484870573205733,-0.07072830352116458,-0.6359031803724963,0.1052526317953271,0.5555185619133466,0.5398575246225551,0.4074187675027406,0.3928724452849765,0.5364052762059754,0.5695072952626555,0.6955861170028977,0.32278550400042466,0.5976888348219407,0.6395824344661645,0.04578083596149502,0.5922060354213456,0.5525650398383891,0.5672618581731838,0.2121648783432957,-0.6118541049300829,-0.40086523819563413,-0.684414499480608,0.47726662136884135,0.4634991694396771,0.2503338282104543,0.7207302503894552,-0.07103095997524013,0.2832176926904552,0.45198671832498366,0.37100937052098765,0.12689311350344398,-0.3839229205233641,0.407863535207036,0.2106014279229733,0.517868340161686,0.39018858521805605,0.33953696957069124,0.24800705953518493,0.2336990827050854,0.24484772234267765,0.24508272322885166,0.5722656084039379
USDSUSDT,-0.2815973552848553,-0.4025712590868065,-0.468384977102075,-0.3203730764396899,-0.498104442837362,-0.4993363043930682,-0.7449578704457596,0.040012486264134554,-0.3938786920777907,-0.6493583776955513,-0.4217952458438283,0.2532278540939346,-0.5921071128199875,-0.41834605751403864,-0.262067512852934,-0.13488343051578178,-0.38418375927504766,-0.4316135989061943,1.0,-0.47456120298285887,-0.5409597725972711,-0.5912511261436927,0.11672492349194456,-0.4394052749318732,-0.3960314537504958,0.08883391644366812,-0.3935240114992252,-0.04830087471335293,-0.3054659480805611,-0.6170498532993679,-0.20606084161814853,-0.5697529374177625,-0.392888809700437,-0.588484669431225,0.03179970543926084,-0.6000625911074713,-0.21369701022750998,-0.6176992929453876,0.2560271141505686,0.2904490962874345,-0.18945962723750728,-0.532224854154569,-0.32785461763249096,0.30275265768502224,0.14292195798629123,-0.5060840357470646,-0.37517616149288946,0.09963207967147177,-0.05269189503643768,0.3664643088739727,-0.5912110775408497,-0.27417427588366694,-0.09177891451037744,,-0.48651157764500846,-0.30581240546525035,0.8004434478452286,-0.009932287413190242,-0.4667768660208085,-0.8706736891068673,-0.32358748272896837,-0.7515992274932641,-0.6763204489885523,-0.6508696181820335,-0.4728326996281186,-0.46832043004154716,-0.1731995493394026,-0.5371658404072981,-0.7688422477827245,-0.1659860700747222,-0.6455595434433002,-0.6459259155286605,-0.7802973366054734,0.3806929774718494,0.5963864331938394,-0.3858864916601102,0.20010215616533414,-0.5484382155585223,-0.4806440428818437,-0.4123439809086534,-0.516877162250668,0.1375465471935266,0.24003659688766577,-0.3358090178467587,-0.4978709934720855,0.21409345828511975,0.7430792423374848,-0.7375136621719182,-0.46273827236373316,-0.5483275954366045,-0.48012684663860555,-0.24239707253259832,-0.11234613060549431,-0.1936071381080257,-0.405339020863547,-0.18813280405358682,-0.4140858514194614
BSC-USDUSDT,0.4003590880432953,0.4835560029249937,0.8380107619491416,0.38372579296996884,0.30035233686255536,0.009869735129099838,0.4583430783076181,0.1106960723853263,0.47624780462803,0.32840459966794733,0.28794118167161803,0.4734899075713664,0.542129901727234,0.4772777412092313,0.42138146884021577,0.590807449990842,0.4595995332840969,-0.13259344806626866,-0.47456120298285887,1.0,0.03749566365463828,0.44537748161419904,-0.28277357032881734,0.3990379554984083,0.4877338341110933,0.6495656128298571,0.48999725274109013,0.21770758728528355,0.40314793760038287,0.3999258037808213,0.19946749895628693,0.3002486011404511,0.2445120624697344,0.31417234618551787,0.056032005825005934,0.7726970252903502,0.7308819662506971,0.5068914115939048,0.5509835718446562,0.15815825020009291,0.4787614372762286,0.22825541174025082,0.49125633992212847,0.1105057233577579,0.22131611268449783,0.10828350043467973,0.15097363751137682,-0.22836799835962243,0.6132240371893604,0.3272688562653807,0.38764694921293624,0.015051782050970394,-0.03508941064086681,,0.6462341665318678,0.09388490808729982,-0.5344417431197753,0.6762396628701047,0.717175683524994,0.5153708201005605,-0.4172866975469379,0.4527138670365515,0.4663049749768774,0.3770686146174013,0.1874338689041418,-0.009618269173299542,0.24033356834803568,0.23148507658761086,0.4705217429450241,0.5419534425918937,0.060116845920483844,0.26090744398067345,0.49445684353678604,-0.18859092781125208,0.19866696952154078,0.8081887014193853,-0.028287153545937367,0.1897671058711585,0.3163740966759834,0.491595458824313,-0.18947176712175762,-0.3975017212511226,-0.3445891118837261,0.13915599417111182,0.29923433331982785,-0.07839905716547668,-0.15153961386062778,0.4345445060019646,0.2748933699459517,0.3220913204985591,0.4460586511381519,0.24935724622641178,0.11010344932132202,0.4766420274053234,0.4962822915094932,0.41602257856837976,0.08313018451716661
LINKUSDT,0.6972403768133166,0.7847979359608487,0.1227325576615113,0.6373498604245129,0.8445435413341619,0.28586897522911864,0.7568628462438738,0.6663761386898671,0.7840979863390907,0.8228388419951145,0.8470562951241712,-0.049902556072931765,0.5205973624806504,0.7953854638147821,0.6668565260918857,-0.1716891492964279,0.7899779986693487,0.5498891584389493,-0.5409597725972711,0.03749566365463828,1.0,0.39150758464166946,0.43037423997048957,0.6220551609571435,0.7856370430251789,-0.20925485331355126,0.7795674797762155,0.3109030706042635,0.7136669456590091,0.8974618775741171,0.5521181997610778,0.8205218242147361,0.8588510490892738,0.8620347335916358,-0.2620103146269036,0.11284944268397944,-0.13720720554522445,0.7022099553885183,-0.31371796448831935,0.44557708555049297,-0.07387701958271724,0.9124522518837267,0.7408632432247615,-0.20875053433600368,0.31226019409742706,0.7553183281956277,0.7188811361242535,0.5622360262353174,-0.08108013638467727,-0.3451275923835614,0.8365169967143803,0.5707830474622063,0.6947545678172585,,0.5414728605361454,0.7616833648397416,-0.014863479132072317,-0.18850697277506742,0.6035522440829187,0.5860118453030053,0.19863693163863264,0.7464936299175737,0.7709539627407964,0.8745898904509493,0.9044923957547698,0.8653622905927179,0.7796524605350784,0.8655877363701358,0.7334850344788929,0.4854759372392738,0.8507388808658746,0.8913670462721361,0.5255148190330461,0.2769917122458584,-0.47728345987118026,0.09766333261165215,-0.34638408191193365,0.8952407312834999,0.7910158591192146,0.7827232624877338,0.7298013320543509,-0.5133110247409068,0.5005412189758146,0.8304460741066159,0.8473572458737265,-0.39896543595055456,-0.33235559273772275,0.7544328360147446,0.6507564900404567,0.9107731693025641,0.8279420002563281,0.6625970432189009,0.34384766427481656,0.5872125066287287,0.7784924217550266,0.6059313616001457,0.7682583600509123
