,BTCUSDT,ETHUSDT,USDTUSDT,XRPUSDT,BNBUSDT,SOLUSDT,USDCUSDT,TRXUSDT,STETHUSDT,DOGEUSDT,ADAUSDT,FIGR_HELOCUSDT,WBTUSDT,WSTETHUSDT,WBTCUSDT,BCHUSDT,WBETHUSDT,USDSUSDT,BSC-USDUSDT,LEOUSDT,LINKUSDT,HYPEUSDT,ZECUSDT,XLMUSDT,WETHUSDT,WEETHUSDT,USDEUSDT,XMRUSDT,LTCUSDT,CBBTCUSDT,HBARUSDT,AVAXUSDT,SUIUSDT,SHIBUSDT,DAIUSDT,WLFIUSDT,SUSDEUSDT,CROUSDT,USDT0USDT,SUSDSUSDT,PYUSDUSDT,UNIUSDT,TONUSDT,DOTUSDT,MNTUSDT,MUSDT,CCUSDT,TAOUSDT,USD1USDT,AAVEUSDT,BGBUSDT,NEARUSDT,BUIDLUSDT,ASTERUSDT,OKBUSDT,USDFUSDT,ICPUSDT,XAUTUSDT,ETCUSDT,ENAUSDT,PIUSDT,JITOSOLUSDT,PEPEUSDT,JLPUSDT,RAINUSDT,APTUSDT,PUMPUSDT,HTXUSDT,ONDOUSDT,KCSUSDT,WLDUSDT,POLUSDT,PAXGUSDT,HASHUSDT,KASUSDT,SYRUPUSDCUSDT,USDTBUSDT,BFUSDUSDT,QNTUSDT,ALGOUSDT,RLUSDUSDT,TRUMPUSDT,RETHUSDT,USDGUSDT,ARBUSDT,USYCUSDT,GTUSDT,ATOMUSDT,WBNBUSDT,BNSOLUSDT,VETUSDT,FILUSDT,FLRUSDT,XDCUSDT,FBTCUSDT,RSETHUSDT,KHYPEUSDT
BTCUSDT,1.0,0.808733908142434,0.21033363138743474,0.7538805351161305,0.7146358509422089,0.6482710402552323,-0.3019354662149662,0.76157056400549,0.8118612393916822,0.6974646502594811,0.7601563665081267,0.45490414567278675,0.798681129815746,0.8039187657112964,0.9036669153213004,-0.10510956610078992,0.8188490386922789,0.28641795259835323,0.301497467926636,0.1939542372746124,0.7763109020986003,0.49443638557625197,0.2231049796401435,0.71548676459452,0.8226700768393944,0.8141041912671163,0.1760416901210667,0.5408703092254029,0.8230482533781278,0.9102289787106193,0.7027878886614061,0.715148405805197,0.6994083296115724,0.6625292689299465,-0.18553793193546478,0.0939305169519617,0.07465155754666807,0.8831741045423668,0.1440449372495749,-0.0030732757660601484,0.19752109773233592,0.7030805606860591,0.6698878083632477,0.5758483539921342,0.6600801469206523,0.4673242367549582,0.5560917487118111,0.712581918536684,0.22528045522447843,0.7958701532854058,0.4903218020671396,0.685127161581843,,0.6277696001962002,0.7509201332453348,0.09976891492457982,0.7317734673885076,0.4598822257837572,0.724655368567696,0.6484068329630555,-0.23547866309714,0.6541349050753906,0.6981839931134839,0.7448465889094595,0.2667718247282381,0.49904300371908317,0.4933833169917648,0.8137708896174839,0.7894647763795237,0.8198815534326048,0.4947976269193845,0.6578349487043073,0.4034966659837119,0.3422996558855912,0.5652903920235887,-0.14894205148368683,0.02515477040854444,0.18690766379692564,0.5138248020143343,0.8222139423324869,0.31797844136584413,0.5702103571023208,0.821763259871466,-0.16823447435661076,0.7299134678563749,-0.6258538895039633,0.8008755055000863,0.18940409321969118,0.7427295492868571,0.6641505070505888,0.8346511775096667,0.5646021461411402,0.7497129995824117,0.30226834106296213,0.9194743500569466,0.8389885864349304,0.5125378332084499
ETHUSDT,0.808733908142434,1.0,0.22495379370352891,0.8637243468755019,0.776679342362514,0.7668638375474024,0.00881360310372457,0.6513437858916384,0.9150907809667574,0.754624228028314,0.8048587299203723,0.41584278488536575,0.7841450100392464,0.9121590412334256,0.8048996037731555,0.06660839995745042,0.9193399130694071,0.23246016936375366,0.4266774292603184,0.5481146467333881,0.7794830295031895,0.4626600696746627,-0.07554616114719503,0.6322597856780519,0.9237667845172018,0.9195129895392956,0.061819907474832465,0.49246966111909385,0.8442555721570824,0.8263497706120597,0.47729814032904905,0.8693360331789568,0.8534668344282572,0.82165912681477,-0.20780037657626016,0.13315562592141642,0.038428566818851866,0.8110021245198311,0.34956546799404736,-0.2829653703504473,0.09854217372463298,0.7047769911552573,0.8191494685235292,0.6631296758807192,0.5488338511009572,0.365248302748337,0.726501636013588,0.45129953681177465,0.23259417425339343,0.8767808237321113,0.5112274354770961,0.660009771407112,,0.6698996642594094,0.7725545279714441,0.17186696244781996,0.7124246037917499,0.6002400505848265,0.8592776361843258,0.8091948202580694,-0.29867329851066954,0.7813206151679749,0.8474435515544233,0.8305080765884512,0.5811605345990861,0.4369376733384998,0.7033136477741387,0.8445207889301047,0.8238695778100994,0.764725443456193,0.606699723860857,0.7218199950562739,0.58275180317857,0.2049593276643571,0.6882636830930033,0.23212733081086068,-0.11572904133285629,0.12572147120085703,0.4928406904982017,0.6206966701109337,0.10911294534820312,0.6610168758344501,0.9338233379648132,0.05286283461390444,0.8844337800252168,-0.5648773584362277,0.8088973128267407,0.2206857204160927,0.8056307416878601,0.7964770039893052,0.9241416871676863,0.6115025179753265,0.6782975928468311,0.5687793736690115,0.8138755513013812,0.9427317560573565,0.44835275202514097
USDTUSDT,0.21033363138743474,0.22495379370352891,1.0,0.3515753654834268,0.015750298706816226,0.03972259811468098,-0.21027427138015845,0.028396083727896305,0.22390441285579102,-0.043402394484586077,-0.05833020592066547,0.560633486546215,0.4310070656300048,0.2163418316224753,0.25182884644155745,0.7551662795405234,0.2047453066524641,0.4471987766136853,0.8364278422092262,0.3283997399737791,-0.17077124998104773,-0.27216583914833403,-0.6285786856110946,0.2728835900406111,0.23122563352078002,0.23892292552376035,0.7512152680140171,0.42189311742263325,-0.08270226216069454,0.2043336385724473,0.19430248868380157,-0.08689881083377465,-0.02366037405341487,-0.048971547223660844,0.36314609451427227,0.8228859835721277,0.8161163818778431,0.2629987363581086,0.6618951337519023,0.5891427627317445,0.4036749971417542,0.21433607435222876,0.15902349753099537,-0.2856121458645065,-0.3629291563293325,-0.01381813068077012,-0.05844560111106537,-0.15228629946228125,0.766003291563859,0.07937032983103388,-0.047587021684875365,-0.34393865110264277,,0.3501638665621223,-0.08339044522048618,0.8973482715377379,-0.1934734429452211,-0.044130563526488774,0.48772724555628183,-0.04178264820474227,-0.8123589600556308,0.02911090711161872,-0.13094491360095106,0.10359665898142388,0.15326126810379725,-0.5502311164301485,-0.23771690948025523,0.06345216530305753,-0.15108147489834012,0.5094502709213549,-0.42445622974626235,-0.23444614859629556,-0.05698132337604596,-0.24853740304466043,0.12277115899221755,0.35354444794248985,0.6749149656525326,0.9058891060475108,0.10684968786926534,0.030524481808712912,0.31705319531855775,-0.23247356907275382,0.23651906510529844,0.02588153894475341,-0.0693115490957377,-0.21862673175399858,-0.10038872899260788,-0.6950750602602571,0.010229316932873577,0.010781665997160518,0.13282001149308964,-0.2750408252320296,0.1649673319167276,0.5284109701469919,0.32851000841018957,0.24681171025652296,-0.29205278915087185
XRPUSDT,0.7538805351161305,0.8637243468755019,0.3515753654834268,1.0,0.762026395491381,0.8588286612607587,0.06495226602707317,0.5244708574902222,0.869494512061827,0.8148639590271519,0.7404316542170419,0.27974651674851764,0.6988036951535829,0.8740684332882324,0.7555959197565226,0.06866702155845875,0.8667487537220693,0.26120272059930116,0.36136632327590107,0.6864938987459831,0.7797946036352338,0.5453111156808444,-0.06007653947743627,0.7714377291880495,0.8675644406537399,0.8747425761092754,0.025013051352317007,0.4888034244660733,0.754623677824486,0.7740634096893072,0.5984694816128231,0.8561507243282999,0.8647714276462213,0.8321361256347489,0.0791714477689931,0.0948956265617299,0.14404152266726855,0.8614133291705762,0.321529663264429,-0.14524140699270802,0.2834761904927384,0.5719835246116991,0.6174423179643245,0.530749468465152,0.45032789800324363,0.11771451395877186,0.8156835751287672,0.486492795724103,0.3538066049635896,0.9092659949456694,0.46626439619792004,0.4745044854790271,,0.4702912682776213,0.706982685188588,0.20146216261790864,0.6098326399448406,0.7285746836779003,0.8154552078155026,0.8274711121915636,-0.32188601950015444,0.8801983545679471,0.8205480485811495,0.9036059538797767,0.6941604810705292,0.3451954399148535,0.5777999717026978,0.7177801807153994,0.8256884729634671,0.736766570267304,0.6085886721965815,0.6594332347832917,0.6266405744797082,-0.06655676005947406,0.7616711594833981,0.3386565752532405,-0.17957508555981447,0.1891098872641511,0.5293121315630271,0.6537219408512553,0.21353209024637412,0.5757123486716826,0.889617934308314,0.08500054618370964,0.8431938659058253,-0.3579258144097905,0.7584329690626249,0.20400869414337158,0.7840886770573696,0.8882015745461663,0.873116135720973,0.5588717708634275,0.8372139352416416,0.687872636776245,0.7165209619905407,0.8941464657145487,0.5308716715493356
BNBUSDT,0.7146358509422089,0.776679342362514,0.015750298706816226,0.762026395491381,1.0,0.7594848522179483,0.2474459441603862,0.7131269442169417,0.7803664482980124,0.8519989140458596,0.7669202487656933,0.005877604247976913,0.578034043435906,0.7867304596575008,0.6942574043679235,-0.09400811032055859,0.7824541401789737,-0.052729101114291806,0.1053187321545623,0.5024384431804557,0.8353680173382788,0.49974427207180233,0.1620458858299468,0.6490543073234247,0.781206047522935,0.7789558004981443,-0.23756054582389688,0.5645226055900399,0.8650356225493769,0.7392225346202258,0.5467841527194515,0.845955154178176,0.7735133957895219,0.8326927267022545,-0.01525054484950697,-0.16981524601807596,-0.17740255994847093,0.8004684344125489,-0.023098817540074663,-0.21756631593025502,0.031212058689504985,0.5887509300947612,0.6588499439474653,0.7007568434590643,0.6375578089044698,0.11185678674047735,0.7092483319799243,0.6059917821922883,0.03605538235324692,0.7926693659482853,0.7050259974632883,0.5601317472906818,,0.36696455964443087,0.8506293186620717,-0.02062838442100772,0.7133117539026875,0.3857344404532806,0.6380576276084795,0.7413527747562789,-0.16422752116778147,0.7781299073610626,0.7872810882073489,0.7949031455426013,0.33303591041647085,0.6317249148833706,0.5255454711340436,0.8473126424360864,0.8748113647860747,0.5892825458659897,0.783864348448572,0.8497048509612654,0.2903820322859695,0.11836766134993393,0.5631945279961111,0.07852772315746856,-0.39376641791353423,0.005385286479272502,0.5819192119384995,0.7431320374524092,-0.010837688570845773,0.8246373000832579,0.7944453435076206,-0.1841999813671946,0.8315882148645717,-0.40907691922103623,0.9153733682751701,0.5382101019186201,0.901355827938287,0.7954451503697034,0.8365954788171406,0.8120854905073662,0.6693590369742013,0.497891828352777,0.6129708505792357,0.8016409896429328,0.5091147192769825
SOLUSDT,0.6482710402552323,0.7668638375474024,0.03972259811468098,0.8588286612607587,0.7594848522179483,1.0,0.3243881474181984,0.5115123857227779,0.7735776066965127,0.8287287397289421,0.7314168592352708,0.058222553793553,0.5422668501628837,0.7826649527697335,0.6395250710759358,-0.13205874404568427,0.7732154569298526,0.13558949051126182,0.11171652547892227,0.6349999688544824,0.8004855808836921,0.6484054950349539,0.10249739496345465,0.6869588395877297,0.7655505112075468,0.7751310609275269,-0.19274168450884085,0.33514288059910424,0.7541135377945694,0.6719311255169845,0.5177247112470355,0.8723302882379901,0.8660338156395911,0.8478775619209621,0.08661778078811401,-0.18225617246499393,-0.10742150074363896,0.7552792811036443,0.12824661848107227,-0.28204711968626245,0.2334412535623693,0.5046652431740833,0.5349865846061812,0.6009916983199954,0.47885019002877394,0.0670632354552283,0.8517667800113293,0.5170520318912698,0.1895604242490517,0.8375510974818444,0.4482004426812832,0.5001096891504428,,0.3396531396833154,0.6851976653379168,-0.02734747264684883,0.6661126861575438,0.7065845611146229,0.6564263581497615,0.8309603108013492,-0.15329444850412147,0.8755009427559312,0.8262946293984359,0.8661206939912534,0.6379829229982265,0.4958227098958769,0.612308061055404,0.6858209099870741,0.8540792512203367,0.5878226379566924,0.7201464675212856,0.7119332946226147,0.5883704092975763,-0.06336803467988927,0.7128144862862411,0.24653764717674617,-0.3728483376426283,-0.0471544657142993,0.48416392616696563,0.6305930340814888,0.11924345179230386,0.6444659587925853,0.7906923347447047,0.08696667236119345,0.8440113793940011,-0.1932386467260514,0.7746591783060081,0.42572769277115635,0.7805777059478008,0.8872698162741504,0.8093363437511386,0.6712713869111631,0.7925662918710781,0.5426502237649147,0.5617154437625915,0.7920879712597954,0.6402179251133447
USDCUSDT,-0.3019354662149662,0.00881360310372457,-0.21027427138015845,0.06495226602707317,0.2474459441603862,0.3243881474181984,1.0,-0.0962554830569416,0.009618411066067676,0.22941872542489733,0.0267551365142958,-0.6037217110823485,-0.28235107677022503,0.03112285786930321,-0.32641746392625653,0.13298145858495994,-0.00015776607369889366,-0.44475003349511505,-0.15998826967819615,0.6033596233929687,0.06085804916942804,0.0005953583089743222,-0.25891358115528496,-0.12860601659721746,-0.005813745322884054,0.006910340632963036,-0.5596296849995227,0.00046350219257389316,0.06406987201714377,-0.2705578358483064,-0.32986530556031546,0.24690442273966953,0.17587165769982846,0.3055915242680252,0.2710062287354841,-0.32021584566651073,-0.34035349707594587,-0.15133366233941925,-0.08879385548646913,-0.3874968936406769,-0.21626957616100084,-0.11976628675306433,0.06763382114950128,0.2081942628959889,-0.1346088710892489,-0.5159056125550694,0.29318505924828053,-0.2759878328305521,-0.18239926382648458,0.008431330419771836,0.2703620204935546,-0.21007199310547434,,-0.2954959922054496,0.11770282437844683,-0.07116951291722388,-0.017106584769814692,-0.05958833516494223,-0.028975969338426624,0.199243230485439,-0.015401676771291643,0.22478421951429914,0.17298900473913828,0.10664146255127277,0.22959704684785345,0.13342946167244155,0.1338618179253471,0.07428838166760413,0.12126811349999894,-0.29541001085603225,0.4122173645330013,0.27489169194416774,-0.09763451177878381,-0.3817719826971126,0.05255208840456398,0.4866356995707755,-0.5793744894720151,-0.22238072745868767,0.07187018558968544,-0.20477685268270668,-0.5256318660975594,0.3827119716487396,0.020265418968628702,0.09296274004083957,0.2054563488809707,0.35031891974887425,0.15428178822260807,0.46320449957226995,0.24687715488935405,0.23592424407965132,0.04842864072947675,0.3715726771269958,-0.13811662508117095,0.39592283000238754,-0.459355769477727,0.004147003363417545,-0.026721029536270268
TRXUSDT,0.76157056400549,0.6513437858916384,0.028396083727896305,0.5244708574902222,0.7131269442169417,0.5115123857227779,-0.0962554830569416,1.0,0.6535535472590863,0.632855475161801,0.6988152803823389,0.23439586958077863,0.6557167784602402,0.6478342568470223,0.7512685829363379,-0.19354232005770122,0.6598378358056404,0.13884192235807258,0.1358273354945389,0.06736086283213973,0.6924068533983979,0.49158521789068826,0.3231644904011353,0.5333586179233794,0.6605270401408185,0.6529930109309083,0.059319743549030836,0.43220800704546064,0.8071341622107039,0.7694035922395785,0.5356190169415672,0.638630133818798,0.5875973336580715,0.6023139489369861,-0.12195038425228605,-0.1431887964026258,-0.19470322485685726,0.6991353948740447,-0.045479410884446576,-0.027153215370855556,0.14733297846089918,0.7183905228371883,0.6376994787463628,0.6559503858492448,0.5982013678911009,0.4686833119097939,0.4641476041620144,0.7072754809246844,0.11971964344393254,0.5541277672951246,0.4864587239415356,0.6322127227277431,,0.5690739061854184,0.6817090182152236,0.000384466165813027,0.802584897812287,0.14439544993259823,0.5487501021594193,0.5260927402598987,-0.24688081165902703,0.5139869112117588,0.5715189495155703,0.5853470371201244,-0.02174062725234106,0.6504536718322881,0.4239647425533252,0.8399041395233106,0.7271677805946245,0.7061944454779673,0.5100531681308369,0.6894435796247684,0.08925794333090298,0.4090207335474128,0.3590323092451017,-0.35133852911645824,-0.0333962417827673,0.082534784325809,0.43310972881967824,0.7778080906424695,0.17280606535356957,0.6764703008524913,0.6587212074692091,-0.2720802589425969,0.6421896567492204,-0.46982038810695165,0.8089217749453576,0.39803780199405087,0.7388172764127331,0.5271181571530495,0.7181738078743629,0.7403559574385922,0.5655111918150958,0.08853072734567032,0.7331180209893208,0.6781124707058617,0.5236678753482434
STETHUSDT,0.8118612393916822,0.9150907809667574,0.22390441285579102,0.869494512061827,0.7803664482980124,0.7735776066965127,0.009618411066067676,0.6535535472590863,1.0,0.7603959822395306,0.8087394408145853,0.41372381813293263,0.785845117874946,0.9153326449477733,0.8081270192743228,0.06189248864117902,0.9222553955157413,0.23616052598637638,0.4237962222310797,0.5516827394388562,0.7845971796291589,0.4720362665790443,-0.07110655461930357,0.6386179413380577,0.9264194618678824,0.922534521333814,0.06047474932902183,0.4902149769608479,0.847546626895574,0.8295790832022089,0.48251997089141907,0.8745379363444558,0.8596024176083501,0.8268438199266843,-0.20163255050500095,0.12752081858751346,0.03650737817212474,0.8154680184459357,0.3486326384331083,-0.28263621668228245,0.10639498516659017,0.7068022309395573,0.8178106817614944,0.6655354606453664,0.5495449024481012,0.36416082759318613,0.7341874575030841,0.4571354296407752,0.23675986601457275,0.8810002225778233,0.5096593337548353,0.6612281748567197,,0.6695237142813216,0.7736777803061335,0.16982976062642777,0.7176281434323845,0.6075905311945354,0.8612239418095958,0.8147178686418943,-0.2996131460376227,0.7882882901969774,0.851759945770496,0.8369031105486433,0.5859753668653748,0.44062601978563354,0.7059440469802175,0.8464681750107489,0.8296508970221315,0.7687393125516666,0.6106782123469093,0.7246261183331303,0.5875641851966853,0.20106383486600582,0.693605380722055,0.23137450891302194,-0.11819484043601985,0.12431971448003418,0.4945318252698234,0.6259471961843588,0.1139280940070667,0.6629836448356242,0.9368753288174678,0.055227960374961714,0.8887579215890824,-0.5594374766640219,0.8125659233953635,0.22452487573318153,0.8092541815662849,0.8033590217409021,0.9277195588832633,0.616103936122633,0.6871003217414584,0.5695768193091313,0.8156856713544668,0.9457658327106616,0.4578564663698291
DOGEUSDT,0.6974646502594811,0.754624228028314,-0.043402394484586077,0.8148639590271519,0.8519989140458596,0.8287287397289421,0.22941872542489733,0.632855475161801,0.7603959822395306,1.0,0.7613929393709701,-0.0668207165378771,0.518808428186633,0.7703198370718017,0.6778181363987962,-0.20201866751423606,0.7621136547519213,-0.02989749835653388,-0.007711833809956662,0.5316355877163268,0.8755262547708446,0.6106283036969367,0.25240476008570106,0.7203821152279016,0.7552210838769926,0.7582542426070209,-0.30866227737192997,0.49059314117029446,0.835142789365599,0.7224379825697583,0.6169695739838122,0.8684023722673314,0.8152025284802231,0.853708109865121,0.06275188235341965,-0.2636098985631605,-0.1875209839462104,0.8242086761296461,-0.07707152314521913,-0.22450169625722824,0.11366096256809131,0.5062990614261769,0.5404257464108676,0.6597876026263588,0.6419588783367195,0.02700697252352696,0.789098540362543,0.6582815480547259,0.03649034380251418,0.8429154637002395,0.6486820696143295,0.541505118474905,,0.2572826577576113,0.8231452912674744,-0.11478570197017436,0.6971978582275932,0.542659620385732,0.5887394536415954,0.7870856908382221,-0.0684249712843718,0.8526535491871678,0.8182904577360195,0.8524158287146304,0.4340362116718843,0.6346790060254588,0.5255803730054923,0.7684125429376957,0.9113089202616825,0.5504421904522192,0.8233407064020128,0.8308153437459371,0.4066863602021189,0.01763122306275204,0.633564612345251,0.0987255513899942,-0.47864760796608935,-0.07256776856486041,0.5846350013280228,0.768567457494421,0.0587295736414761,0.7749453560030479,0.7741195617364096,-0.12866363395926875,0.8396068424013851,-0.2929690936091567,0.894508421276418,0.5719044895483592,0.8774784417064733,0.8677489650920669,0.8184379317614202,0.7843476610585387,0.7798108766251508,0.49603005465449057,0.5740588669377499,0.7779750448924815,0.6203050365792651
ADAUSDT,0.7601563665081267,0.8048587299203723,-0.05833020592066547,0.7404316542170419,0.7669202487656933,0.7314168592352708,0.0267551365142958,0.6988152803823389,0.8087394408145853,0.7613929393709701,1.0,0.22982037374209127,0.6545474607467072,0.8077726312062796,0.7459278068318117,-0.21874316189884532,0.8177662383554751,0.13435724844307903,0.13124114162517767,0.36531203848368116,0.8244631921821352,0.599770186610581,0.20510724972105238,0.5754769682172267,0.8128834583307334,0.8085204103441956,-0.12265133933187894,0.34258363234873274,0.8667107009895302,0.7770164848915587,0.4713426068196089,0.860909328171271,0.8302786996916075,0.8044827884070407,-0.2389183171752162,-0.1714935546813847,-0.22807477291564543,0.7391472400983059,0.08996035678681416,-0.36392453559260995,0.06927343525603728,0.6637671700667794,0.719214143665485,0.7383313233664237,0.6454969079972656,0.39405501442063723,0.7226808460935826,0.5842760253313252,0.04882318129360175,0.7993568242767496,0.4871917118317397,0.74451589153827,,0.5596154679379257,0.7638119860094963,-0.10638928029625272,0.8123395857548928,0.5552067932840773,0.6713629609745676,0.7833614515534126,-0.0899823511957441,0.747260470295239,0.8340891110447003,0.7800145353430991,0.43216124811600615,0.6394183974540321,0.7117838494765135,0.8288982852328933,0.8665269839904406,0.649835620879588,0.7007480999410232,0.775750019799179,0.5164908968197368,0.29334737753447193,0.613660542261341,-0.0041205967401470815,-0.26743311473083314,-0.12047858564270947,0.4542383043635965,0.6766990478852234,0.08461564425476314,0.7187905388207708,0.821432553304997,-0.0077680334870881655,0.8632622643912263,-0.4450973867799802,0.8444270599307849,0.44837991885024586,0.7959063394944392,0.7656923996366234,0.8565863340454325,0.7273341612367951,0.6653026669978775,0.31588870137446173,0.7236914724511075,0.8303701231044591,0.6023247093660257
FIGR_HELOCUSDT,0.45490414567278675,0.41584278488536575,0.560633486546215,0.27974651674851764,0.005877604247976913,0.058222553793553,-0.6037217110823485,0.23439586958077863,0.41372381813293263,-0.0668207165378771,0.22982037374209127,1.0,0.6594375099453341,0.3899180163542859,0.4899651912525244,0.345778069529019,0.4171419568902365,0.6450776816830732,0.7624450166286845,-0.026257757070351342,0.024396638425374432,-0.01771488608907443,-0.36184340283424204,0.1427328869484486,0.43456409030846105,0.4260932368851312,0.7780817853894081,0.10137267645256902,0.17454681511563702,0.4377818645513129,0.0955967757494322,0.11538310742924443,0.20406082055854416,0.05003295568581718,-0.3409669721304912,0.6624925527155973,0.47249702159835266,0.25375254129729863,0.7090642533939397,0.10214269310465586,0.24125802858282686,0.5000358705426188,0.49163193777698244,0.056607518360304754,-0.02909439693827843,0.6879920114274981,0.025050356143970734,-0.029148698885544683,0.5226607571544175,0.2265709028383849,-0.21884552854563813,0.31106107863862004,,0.8129436023224463,0.02074927309090158,0.5219232065018169,0.21669543600177468,0.24454312560430017,0.5916556446540298,0.1521223071544118,-0.490355928610263,0.0420387113027263,0.14693008593314438,0.15920481307946704,0.2507501661614294,-0.23002924861066815,0.302810462296432,0.2702565782076237,0.03824899839180515,0.6437753412917969,-0.33135488781607814,-0.10227739590989308,0.3740969398792463,0.3466052617710456,0.23263972970956834,0.04044339211934885,0.7270826380445641,0.46196102152528346,-0.03405697076360136,0.06485795003006975,0.3691873131740058,-0.15680496486624754,0.42137649216266454,0.23295467464694736,0.17937752484833852,-0.5162844986813958,0.0168207741797424,-0.602836635555373,0.013717770448965999,0.03739985306873556,0.339059061422312,-0.19445977391919536,0.15545016331599887,0.10154764827983821,0.6741969039317266,0.4373408438503675,-0.04034647472833305
WBTUSDT,0.798681129815746,0.7841450100392464,0.4310070656300048,0.6988036951535829,0.578034043435906,0.5422668501628837,-0.28235107677022503,0.6557167784602402,0.785845117874946,0.518808428186633,0.6545474607467072,0.6594375099453341,1.0,0.7738201542171771,0.812823691245378,0.16586511020115374,0.7877583044640811,0.4557262330626651,0.5952127354594458,0.2928201412308407,0.5613283604498266,0.3557693036708398,-0.11110290995525234,0.5645473820578765,0.7986035265417263,0.7941106208315732,0.42958756145993093,0.43649916697885666,0.6822187110307728,0.8017343936837761,0.47319929432943636,0.6199400213364532,0.6415786586420972,0.5697871768037233,-0.16129593072867004,0.33447396428389636,0.23256573811359824,0.7223039534526658,0.4644957334232771,0.010204293294216677,0.27714792877598454,0.7472028935336203,0.7347430999185959,0.4771926650366118,0.36990101066336145,0.5451527520822341,0.48645184902617783,0.42932076095545213,0.4542676074693889,0.6573778812079382,0.2803226728647451,0.5488117634781152,,0.8012580763779273,0.5462344385734743,0.3746594115750069,0.6355949839056257,0.4083298493549283,0.8231830483681951,0.5800003118258739,-0.5008221443255105,0.542948863771337,0.5887558117550248,0.6382277198599955,0.35706433004214455,0.2539424779364212,0.5082149310289282,0.7412846348118018,0.6015006008327782,0.8761242344743748,0.25605235651139374,0.4678202846128448,0.4120022104658424,0.29341639832706046,0.5287372101447481,0.028335581444766597,0.29057953504719736,0.3716976227471879,0.3635059885198724,0.5772678350163972,0.3109265352740538,0.4137338697386121,0.7999842197681353,0.018979454444240606,0.6480143765149619,-0.5799215004595687,0.6127709709391104,-0.07527831505206768,0.6004220526911942,0.548714831559744,0.7747093291443428,0.40982177671556386,0.5953139509337002,0.3729394537387442,0.8808376332569604,0.8176394256444298,0.35169251456045947
WSTETHUSDT,0.8039187657112964,0.9121590412334256,0.2163418316224753,0.8740684332882324,0.7867304596575008,0.7826649527697335,0.03112285786930321,0.6478342568470223,0.9153326449477733,0.7703198370718017,0.8077726312062796,0.3899180163542859,0.7738201542171771,1.0,0.7995569529972801,0.058201580803401404,0.919105319747904,0.2238763321812718,0.4102029272899566,0.566949892100134,0.7892669661006805,0.47828891175436133,-0.0682807382586094,0.6433394454464862,0.9228152633691975,0.9196054868254503,0.04123987038412546,0.49061383069808245,0.8470669265408372,0.8224426599488255,0.48405680546501634,0.8800936146785096,0.863880655358932,0.8345839552178851,-0.18430460834447462,0.11278867785369251,0.02910703403367673,0.8159737983063764,0.3378649303694123,-0.2856473398320283,0.10768359386075527,0.697019581136292,0.8083652660043315,0.6660990380620299,0.5478165322701877,0.3412310905138029,0.7446498440369299,0.4581475259467342,0.23242539271944238,0.8836480640297739,0.5167788341658599,0.6513116790111396,,0.6504957828779643,0.7763777282639674,0.1627781228334523,0.7146654154874464,0.6115709168247162,0.8550388196468017,0.8200360878683077,-0.2946667806296183,0.7981967153201217,0.8553774366508871,0.8429830193874083,0.5924034116857052,0.4448936057294204,0.7026691718705834,0.8432422103602867,0.8351552270991716,0.7588142681705209,0.6238616540091549,0.7309918778707845,0.5860317112832989,0.18288960856645242,0.6973046091917754,0.24137409102411483,-0.13882546309963625,0.11728955058764926,0.4996446250998259,0.6270774867030198,0.10676716063830949,0.6702173546374083,0.9342701349714622,0.05466086579274556,0.8919266524196636,-0.5429060365075034,0.8166315303870595,0.23970146760741992,0.8154022247643906,0.8132951304269553,0.9264093761302176,0.6248353760502532,0.6927139235748521,0.5796583791298249,0.8011482352299478,0.9426227423706499,0.46404147818781255
WBTCUSDT,0.9036669153213004,0.8048996037731555,0.25182884644155745,0.7555959197565226,0.6942574043679235,0.6395250710759358,-0.32641746392625653,0.7512685829363379,0.8081270192743228,0.6778181363987962,0.7459278068318117,0.4899651912525244,0.812823691245378,0.7995569529972801,1.0,-0.0788412508183961,0.8141442233602555,0.3286625437207662,0.33803783406533866,0.1956679693148521,0.7525126548406501,0.4914823394430746,0.19735075638145907,0.7185558686440587,0.8186731671475428,0.8113015513355466,0.22667156639321043,0.5296566439106147,0.8023580374893146,0.9080645634391242,0.7019260600826229,0.6978073015667265,0.6911114556260336,0.6455795909746312,-0.16231727176119104,0.12738632467570302,0.11209044330374256,0.8783707768648711,0.18238778084264634,0.028362633399891805,0.23785279980840807,0.7093886221018034,0.6616865222105812,0.550523595723273,0.622662070996425,0.4781230234324308,0.5487260716897704,0.6991353341306294,0.2755684717585818,0.7823859499647254,0.45276606873584563,0.6625956555680313,,0.6475339814254292,0.7191825307320278,0.14019081455270163,0.7209353443632618,0.4640674723556596,0.7374850317424426,0.637446881991801,-0.2763294961590147,0.6445670516991179,0.6783903054969027,0.7383793142826934,0.2748757746621511,0.4631952627993283,0.48045976691012776,0.7991563461295146,0.7679674342627606,0.8431595709061986,0.45360354835494404,0.6244954412350336,0.40736523247753986,0.3288305532445879,0.5663332713358573,-0.1428519360663594,0.07533763291346542,0.2260663428948544,0.49869964980729525,0.8107660122542416,0.34865107288609837,0.5360343176770636,0.818275337644651,-0.14949560056292271,0.7127672893490252,-0.6140609455581365,0.7750325261056404,0.14365947056460637,0.7211544644268519,0.6530366199627822,0.8260660993179604,0.5371510722634371,0.7552849835310912,0.3047408126565163,0.9278699399396755,0.8360465669460448,0.5084692267870953
BCHUSDT,-0.10510956610078992,0.06660839995745042,0.7551662795405234,0.06866702155845875,-0.09400811032055859,-0.13205874404568427,0.13298145858495994,-0.19354232005770122,0.06189248864117902,-0.20201866751423606,-0.21874316189884532,0.345778069529019,0.16586511020115374,0.058201580803401404,-0.0788412508183961,1.0,0.044462805417724904,0.12953337890432715,0.7720707618004553,0.4238316699832129,-0.35517925781075393,-0.5639804677759155,-0.8516657026209598,-0.0755715482652832,0.07296502665904546,0.07418458421293224,0.4908154973696269,0.35175229558646104,-0.23331013760572614,-0.10256211058953923,-0.20443833848138854,-0.18660786152065198,-0.17173034315993083,-0.1338699064214604,0.1986525961651775,0.8024543530651567,0.6641222997880978,-0.05062366272763567,0.633693186264853,0.3025103020870091,0.012334988291056191,0.014761754072425292,0.16621050329732007,-0.30227161902770044,-0.4635521741082379,-0.1875155132540632,-0.19790294315616316,-0.5296490770662117,0.46829243052369185,-0.09348264413199416,0.02013968292951048,-0.4539398441689735,,0.18495343730987937,-0.14631283524896457,0.8189101129833841,-0.41163564890416326,-0.23827863769471258,0.3272674857536041,-0.1561996278269941,-0.653231739494974,-0.14107871654456433,-0.21034192330558987,-0.11221301393986109,0.1463785409911786,-0.6277122148242773,-0.22211300289886304,-0.06888793896802894,-0.33691712174007904,0.14270487555718414,-0.39406588469795645,-0.2685578144058991,-0.16524510800612865,-0.2786085743235161,-0.04339393876450453,0.5961543489532402,0.4577011053004298,0.7176755409806334,-0.0020291713754276046,-0.33060651498278243,-0.08697436053565165,-0.20516749283765415,0.07581839015257667,0.08053465051657036,-0.15667124956210954,-0.18103755387089213,-0.24254752794169246,-0.6154431161915027,-0.09985532685979956,-0.15119658301101374,-0.03317311482627272,-0.3400069482088721,-0.23909185392237287,0.5890475333109196,-0.006347044588123351,0.0761352429597077,-0.6052431307677665
WBETHUSDT,0.8188490386922789,0.9193399130694071,0.2047453066524641,0.8667487537220693,0.7824541401789737,0.7732154569298526,-0.00015776607369889366,0.6598378358056404,0.9222553955157413,0.7621136547519213,0.8177662383554751,0.4171419568902365,0.7877583044640811,0.919105319747904,0.8141442233602555,0.044462805417724904,1.0,0.23017746202823225,0.41242545569485894,0.5373028492029966,0.7942607226037516,0.47580645615187184,-0.056169400024927686,0.6342058672237485,0.9311837591761988,0.9263550113874635,0.04991530386290396,0.486763553634432,0.8573756280392058,0.8363735621524889,0.4821177995554399,0.8805694358500106,0.8639080182320302,0.8298978337344848,-0.2290538743592197,0.11814971749449542,0.021323108955604013,0.8166564287530623,0.3388420229880256,-0.3005184355618645,0.08951903877378332,0.7102495875632363,0.8265278439101593,0.6776103574783079,0.5696750410144268,0.3803288097928259,0.7337169748406954,0.46422461996318853,0.21548379171162702,0.887783883909792,0.5151998392446315,0.6841071632277475,,0.6751934629996319,0.7841989127411474,0.14937360922040838,0.7275804592479025,0.6128280012558803,0.8587786747802273,0.8192152155725947,-0.27779152465364965,0.7878404459584958,0.8615437923706148,0.8375102942751171,0.5837134155057117,0.4558221175966201,0.7201221826669905,0.8530588014141993,0.8375495321456607,0.7648644830489045,0.6208324779345882,0.7340837828837973,0.5971094781821984,0.22208748210820167,0.6942811534827533,0.21963720857258726,-0.12767338428407488,0.1038269123289496,0.4948071457119894,0.6298744606618374,0.10894717807796776,0.670337058778272,0.9407383805719067,0.05337575386984083,0.8963755044635584,-0.5741124845583344,0.8199382817476532,0.2351280662161094,0.8120134395780505,0.8036095114792468,0.9330707924148508,0.6204282574849582,0.6840832529682017,0.556117240124383,0.8237630724842631,0.9496717123815577,0.4620249455145785
USDSUSDT,0.28641795259835323,0.23246016936375366,0.4471987766136853,0.26120272059930116,-0.052729101114291806,0.13558949051126182,-0.44475003349511505,0.13884192235807258,0.23616052598637638,-0.02989749835653388,0.13435724844307903,0.6450776816830732,0.4557262330626651,0.2238763321812718,0.3286625437207662,0.12953337890432715,0.23017746202823225,1.0,0.4924607980205293,0.038830489129334435,-0.016343955059454608,0.3073801545940597,-0.1723918647522639,0.21545185609269943,0.23311626031938235,0.24890731920037737,0.6918189234523163,-0.20821327575956822,0.0459666836065688,0.2718975443824247,0.13053737133572818,0.09115712165356063,0.2294892348546723,0.050288442220680137,0.14584081113447353,0.30062313725556244,0.3322761211877399,0.1605347894687386,0.5617709223184914,0.22208857264892,0.6496787983745573,0.3824278738011533,0.15194495850766743,-0.033832053508018,-0.2708706984666498,0.46446638941573465,0.18999977986626176,0.07476273490637747,0.7145087988397788,0.0837929300633688,-0.49055758339849437,0.07697484753997541,,0.5698474460236171,-0.2220975438446695,0.4115563371641687,0.25667480030939327,0.3469275666719572,0.40067366435117735,0.16295356997525937,-0.5387467015545102,0.12925437407885923,0.05290626427108622,0.18818283622620346,0.28353342929282177,-0.19450892384396537,0.18578575096105604,0.09839949952015531,0.03854866258899299,0.5946040390894,-0.3393817267808806,-0.2040010535921392,0.34297996623354265,0.030256153400612,0.25782670316148265,-0.044707743908872104,0.645546214119094,0.37837197512698373,-0.12372060422227733,0.08779143649183176,0.5281254629323909,-0.2507107180083365,0.24217946536102786,0.3421809872149823,0.09633179050117548,0.045607413450981314,-0.06901987228469046,-0.45311104018524934,-0.0586593873550929,0.11532660890000349,0.1956617564901282,-0.10653567587437256,0.3442175453047735,-0.02786414497366224,0.42622104183038323,0.25495473964780047,0.2953378522756849
BSC-USDUSDT,0.301497467926636,0.4266774292603184,0.8364278422092262,0.36136632327590107,0.1053187321545623,0.11171652547892227,-0.15998826967819615,0.1358273354945389,0.4237962222310797,-0.007711833809956662,0.13124114162517767,0.7624450166286845,0.5952127354594458,0.4102029272899566,0.33803783406533866,0.7720707618004553,0.41242545569485894,0.4924607980205293,1.0,0.4152840129982733,-0.07898536491214335,-0.23699045632256602,-0.7709020987360147,0.1497792335253993,0.43961082449232386,0.4398723502676685,0.7451068597532783,0.33284069293847013,0.09899029138160799,0.2991393354126812,-0.012639872848883526,0.12005659652523074,0.17980234386437466,0.11796306734806149,0.005305074279103584,0.8483033692987546,0.6583641251803846,0.23661958130343388,0.863321531431278,0.20932105019535446,0.2306358757757211,0.4277277044426868,0.5099809025064301,-0.028229939343935504,-0.27646420738214394,0.28657627710109546,0.06481974832857457,-0.2765105226054503,0.68803164462208,0.19447435942774885,-0.043428329870879814,-0.04911875139020219,,0.6762186982103052,0.02705456609168643,0.8644360961909345,0.01322546420801621,0.0785365601495756,0.6905043644129637,0.14630906514432881,-0.8082282036747271,0.10126430836296448,0.09438926863719084,0.18108218253972405,0.3445190008661682,-0.43578957270600055,0.14785686291354203,0.2657955815408331,-0.036037813474093565,0.5979934914240324,-0.31454121647488403,-0.0913134211725861,0.1738525250144308,-0.012791526240155691,0.22857047674792405,0.4566945335608155,0.6636826400929122,0.7483306615172514,0.057524983228360894,-0.06631673102166213,0.16676136935038444,-0.07578984673371089,0.441076157223009,0.21235971259193817,0.16677010717837418,-0.40327165815946253,0.008361440011567309,-0.6471027345541653,0.10889749266317479,0.09394028711427353,0.3310137122385838,-0.15748131576831123,0.07513599251184058,0.5466675254543926,0.46937558327848244,0.4514044394207532,-0.2788060405491783
LEOUSDT,0.1939542372746124,0.5481146467333881,0.3283997399737791,0.6864938987459831,0.5024384431804557,0.6349999688544824,0.6033596233929687,0.06736086283213973,0.5516827394388562,0.5316355877163268,0.36531203848368116,-0.026257757070351342,0.2928201412308407,0.566949892100134,0.1956679693148521,0.4238316699832129,0.5373028492029966,0.038830489129334435,0.4152840129982733,1.0,0.35394464143344845,0.19280005017755097,-0.546053962380205,0.3616897275193438,0.541306714694409,0.5591620150112211,-0.12357699276229803,0.2872622289111418,0.3459471398973789,0.2251357854574048,0.05024280893168105,0.6112301941862599,0.6155555387937264,0.6426647701244166,0.2989362133097765,0.1582626952931413,0.15451683897938479,0.37118402664747535,0.4670399160918528,-0.27688604718530524,0.12944778158356968,0.23157007833532064,0.4203054291190747,0.28700477555324194,-0.05914700680570305,-0.31383161862511244,0.6685378392934669,-0.1372168935947208,0.3385446672360714,0.5455916876660688,0.3064104084403101,-0.020638899748596472,,0.16976155496419904,0.35298812297584015,0.3648939173027121,0.17711564113860226,0.500672438344135,0.6059840007275469,0.6098864533967243,-0.41650896924129815,0.6602997104106549,0.5506615914939115,0.5998494132649014,0.789483381869379,-0.017471304340492284,0.4166243674685886,0.36089464012564415,0.4300781512906785,0.30554149400323977,0.43563980888454606,0.38781728957269435,0.4424975588338569,-0.4551358219282955,0.5533730219133911,0.8167711483281967,-0.28106241563241907,0.19517953698524615,0.2938754692009519,0.06697581298654844,-0.1606351173482885,0.40109397662544866,0.5766413531108884,0.30315272845937075,0.5854537308352309,0.02931066745969637,0.37575086018144593,0.11023137474740807,0.5094682736828708,0.6656470005974983,0.5288852546102745,0.34705018579519986,0.38132371244166174,0.8885456098194269,0.1255773535820629,0.5659583816949579,0.14054607742978598
