,BTCUSDT,ETHUSDT,USDTUSDT,XRPUSDT,BNBUSDT,SOLUSDT,USDCUSDT,TRXUSDT,STETHUSDT,DOGEUSDT,ADAUSDT,FIGR_HELOCUSDT,WBTUSDT,WSTETHUSDT,BCHUSDT,WBTCUSDT,WBETHUSDT,ZECUSDT,USDSUSDT,BSC-USDUSDT,LINKUSDT,LEOUSDT,HYPEUSDT,XLMUSDT,WETHUSDT,USDEUSDT,WEETHUSDT,XMRUSDT,CBBTCUSDT,LTCUSDT,HBARUSDT,AVAXUSDT,SUIUSDT,SHIBUSDT,DAIUSDT,SUSDEUSDT,WLFIUSDT,CROUSDT,USDT0USDT,UNIUSDT,SUSDSUSDT,DOTUSDT,TONUSDT,PYUSDUSDT,MNTUSDT,MUSDT,TAOUSDT,CCUSDT,USD1USDT,C1USDUSDT,AAVEUSDT,BGBUSDT,NEARUSDT,BUIDLUSDT,ASTERUSDT,ICPUSDT,OKBUSDT,USDFUSDT,ETCUSDT,XAUTUSDT,PIUSDT,JITOSOLUSDT,JLPUSDT,ENAUSDT,PEPEUSDT,APTUSDT,HTXUSDT,ONDOUSDT,PUMPUSDT,KCSUSDT,WLDUSDT,POLUSDT,PAXGUSDT,HASHUSDT,USDTBUSDT,BFUSDUSDT,SYRUPUSDCUSDT,TRUMPUSDT,ALGOUSDT,RETHUSDT,ATOMUSDT,USYCUSDT,FILUSDT,WBNBUSDT,GTUSDT,RLUSDUSDT,USDGUSDT,BNSOLUSDT,ARBUSDT,QNTUSDT,VETUSDT,KASUSDT,FLRUSDT,FBTCUSDT,LBTCUSDT,RSETHUSDT,KHYPEUSDT
BTCUSDT,1.0,0.8225424736041068,0.2760156018132062,0.6662194796125144,0.6961287711620553,0.5420402413008933,-0.11523562454517716,0.7749069980049349,0.8195139960302029,0.5968170706628061,0.8255010789758676,0.37970668522154705,0.3695129578663778,0.8116886947584013,-0.02137083851404456,0.7862291590795216,0.820420667273307,0.30681639294472535,-0.259089775717495,0.4517383501079881,0.6746047418992499,0.13889492780847074,0.29119860962580774,0.5192343556750494,0.8246250363350778,0.20922733760931414,0.8206690663667361,0.4045680672168306,0.8005282703511616,0.777718720860327,0.4073436471082641,0.7444962220605543,0.7639508173747142,0.7045886244137858,-0.3691315870951522,0.16563417467017008,0.18678204034737142,0.5770155496231488,0.08888363772400912,0.6338271955423002,-0.0002808907079070792,0.7603402028506707,0.825616827642775,-0.043116173938268165,0.6341269714152901,0.6065706082189434,0.5357029701828201,0.4518658439176664,0.15779199633342425,0.12157700842959095,0.6425439172771817,0.46609396228333316,0.6947455312855094,,0.5809357480332291,0.0792897142996612,0.6640767447211028,0.12790538994694622,0.7670838197251183,0.42425401260671664,-0.16020629064118747,0.5259752082870705,0.6140215262886597,0.698141507214879,0.7569120147633809,0.5683677404417307,0.8330064621513708,0.7058634286196581,0.6416654395198761,0.6881333276497988,0.4864626021104001,0.6886839604847369,0.4594789712589704,0.4532466741142036,-0.09899498977173375,0.259974147496901,-0.4305118533541567,0.6531352217938695,0.6573389980317746,0.8161811376167427,0.31939728658785227,-0.6405994731192409,0.3835030388911948,0.6965233237983431,0.7374378128868732,-0.09694918706817643,-0.1389759541556376,0.5277919148374941,0.7711292964095755,0.5581700737466694,0.8229472280385967,0.5683377885094592,0.45153755043246635,0.7861699993752607,0.7600631182150089,0.8133454868209631,0.29840494046944144
ETHUSDT,0.8225424736041068,1.0,0.43711180403124583,0.7758764143454677,0.8451574978242352,0.7222034725721306,0.0887429862240996,0.7684612152205597,0.9384885860270911,0.7639015394012356,0.8730140559672749,0.3553444980478139,0.602428317905098,0.9365684065471942,0.17095816287484494,0.8059883314800946,0.9347050395928005,0.24337168697649822,-0.38022461248832007,0.5556332961812558,0.7761391473513974,0.42466779013329076,0.24165786637204148,0.6320821694768275,0.9398838637281716,0.1850590106733674,0.9370843095263557,0.5184850970887614,0.831332213933417,0.888941969874982,0.48354894753431527,0.7599190140871466,0.8314194312714968,0.8311120691429138,-0.25222455128377075,0.33215639317748574,0.24980981558944476,0.7415314739056434,0.1281134484293996,0.6840447125812934,0.17543169596053124,0.8296809969201555,0.8871784288986893,-0.07342071974893803,0.6207698317162726,0.48695935887871267,0.6218846088526867,0.4610168074352695,0.22781178506490793,-0.018033150288747347,0.7864167743521312,0.5445056214396107,0.6540759770466363,,0.7297407589508803,0.01870958190579626,0.7536629803265283,0.2314793578195221,0.8628671727800639,0.4933242974423748,-0.18631047570246106,0.7015049411037262,0.7689663570753367,0.825526955026389,0.8402635797622342,0.6592413296456124,0.8898031815665762,0.7722175328764276,0.6735988899201519,0.7736254064133238,0.6275522860421835,0.8071336467446367,0.4642984134844003,0.35703010698505233,-0.12090713855234404,0.42864554558692664,-0.2255321338340621,0.8054538256049786,0.7298042631928822,0.9337981558825201,0.3914764016232601,-0.728103000316231,0.4148231458534275,0.8436880277002644,0.8163503681232395,-0.11671504696378127,-0.4008999132733181,0.7059194797623098,0.8857863066789963,0.6882344437206569,0.9107175135417406,0.6089523863732672,0.4388927472431843,0.7756081908880144,0.7734574702346924,0.9302267441442275,0.25824158582309875
USDTUSDT,0.2760156018132062,0.43711180403124583,1.0,0.36886116422278187,0.2701121637386864,0.4785367274770542,0.15035864053704603,-0.013604333313891048,0.4323858616443168,0.3155513844687345,0.16177384908824613,0.4800573184328709,0.6617802247362364,0.4356269177432969,0.8380260956821572,0.29929062787496385,0.40673808160565733,-0.3197417548155595,-0.4459583629183185,0.9484446200859079,0.12198931811572776,0.6454006169113675,-0.3718390856768745,0.35951505621376995,0.43554480509303983,0.6454037768523466,0.44402689160494824,0.24751885177790597,0.2816231599082861,0.31864284897417916,0.13304497789725866,0.1475250497704602,0.14284956570609567,0.26317861028556094,0.26933362772946307,0.9112942567282788,0.8280814217880723,0.5023657224118183,0.6750510307814657,0.1469913456956262,0.9086428495081206,0.10577843988630663,0.3876457811619758,0.1740271901158973,-0.09486397005740511,0.05788566746556437,0.08047489192232586,-0.3144142026159503,0.7555239645205508,0.31582961681356675,0.3149914383983302,-0.0589922843779173,-0.2386742109351018,,0.7027603520365239,-0.5762198413771992,-0.004037335660169848,0.8561769994537981,0.7092443768244029,0.45590820915278535,-0.5504338453101079,0.4683540857162864,0.45677468003873123,0.31896118953044317,0.06716695405891687,-0.11167129593921182,0.1467181831127237,0.11060959616567018,0.35042244590676536,0.5771065662009448,-0.0026004553425644492,0.17882983934281255,0.3815156583706099,-0.36237922167509945,0.3259547630274837,0.9691927999883899,0.23123078420088083,0.14393768545495092,0.21020122478781683,0.4454371882007087,-0.29196565172460315,-0.3707768100601826,-0.4091765951814152,0.2644248584414079,0.03814552187831541,-0.06745021315276184,-0.22774821990259042,0.44961038986191887,0.24127522007424304,0.24961968930948783,0.3614592891001994,0.13509667460571867,0.04606311970611158,0.33354337119583605,0.30555116107799846,0.4493938041583591,-0.3445883603387822
XRPUSDT,0.6662194796125144,0.7758764143454677,0.36886116422278187,1.0,0.7561597807209707,0.6052950374889963,0.20736039218435648,0.6797545888472243,0.7751771119969117,0.6653532631880054,0.7254345404396702,0.18339813974357833,0.44070068036403864,0.7774217995700201,0.17503760651921751,0.6520078168404274,0.7671931713404438,0.16764884935289476,-0.309137356154312,0.4487217861491071,0.6428936706960857,0.36363622962203973,0.21436016981862555,0.551355355100672,0.7723428141217532,0.11577026517227364,0.7749487618583543,0.4959797389539117,0.6776565966172879,0.7359219294211728,0.40582743026953005,0.6696198006758458,0.7104626849844827,0.7315468859713763,-0.06598877438324963,0.2395547763979286,0.1741761134504578,0.6031376999090757,0.07890563898047626,0.5678392548996325,0.17915388101049784,0.6925955690872697,0.7276410185443477,-0.01760941502445387,0.4865097527230226,0.2893981401966446,0.5021643224950249,0.47478308251586265,0.22478817095074402,-0.109882743658886,0.6280877026019266,0.5263888525357349,0.4528704536021059,,0.5338553683437696,0.03179194048743916,0.6479522569322584,0.24411808692996523,0.7231970552665652,0.3420911951934773,-0.25373741200656347,0.58877307149097,0.643247634079911,0.6853474628423791,0.6905196110285708,0.5376721813292984,0.7768350666175564,0.6602364403866476,0.5110504168817979,0.637002187380021,0.5437615836789828,0.6961363519208602,0.28731837769746277,0.17499416939380638,-0.14836500432910477,0.3810778884185769,-0.16552858162175874,0.715160150322391,0.6215251169827141,0.7734017005668682,0.37107127352232777,-0.5224114540296751,0.4337469380624076,0.7509344053010143,0.7225862998952152,-0.142097097091953,-0.31615352559612797,0.5914800962791378,0.7397713464265363,0.6204907259593866,0.764431062733487,0.5108290754946686,0.4012381685404282,0.600685349357062,0.6214810878365943,0.7689883451842666,0.22605081629064397
BNBUSDT,0.6961287711620553,0.8451574978242352,0.2701121637386864,0.7561597807209707,1.0,0.7851498235005722,0.440876748473257,0.7310616509702169,0.8457104195001087,0.8704789724166975,0.8570965647271971,-0.05628892255651638,0.5317464614463292,0.856946637819873,0.04450723175382777,0.66663608472194,0.8390232484615922,0.35700215203483066,-0.47175620905681476,0.348679357887084,0.8366694092463244,0.4939824051361556,0.3396708405480649,0.6411871541344474,0.8367400242611752,-0.11962551259341518,0.8397964059125741,0.5004141013438925,0.7164438255602622,0.8960830283117538,0.4739353186064623,0.819790224264158,0.862400848240622,0.9255436551171369,-0.049684885232010714,0.18205860860164974,-0.03115417652894237,0.7161761423332227,-0.17596417388355642,0.5340114213702464,0.07082856341370793,0.8823609248383542,0.7486505097854275,-0.11807999961401773,0.640187832980317,0.1820168986399951,0.6581452414798463,0.6307500098438628,0.07504747820205127,-0.4069509900167949,0.7684601946234233,0.669645960067425,0.5472402039636195,,0.5450026774650879,0.013624516917337567,0.8031718154116351,0.04380218813156735,0.705487586992538,0.46379520944361996,-0.05377479540707059,0.768884327337871,0.7974697912083147,0.8669795911249613,0.87548061283623,0.7901685239564307,0.8616571048943871,0.8420820464738468,0.6337840045926806,0.5962574793996479,0.8192879171493472,0.9120655884072931,0.3602026147694242,0.13455730849539102,-0.42338061056503107,0.27836421049902427,-0.19140737363161123,0.9434229808026489,0.750776200981369,0.8427380945763129,0.6775889228512804,-0.5053297859706898,0.5871610456833003,0.9270401900175526,0.8924245959775488,-0.29009659515524705,-0.4571253053751387,0.7755795856027882,0.9132968800573756,0.7596185408043512,0.8638008819920966,0.5804106700039328,0.4585561370725701,0.5590658772457847,0.6135505331142499,0.8345518421748348,0.35571194022092095
SOLUSDT,0.5420402413008933,0.7222034725721306,0.4785367274770542,0.6052950374889963,0.7851498235005722,1.0,0.4924670410908262,0.40380019236544334,0.7219398847455082,0.8559530855556431,0.7157318375920513,-0.02697153508605663,0.7888098329033971,0.739002539939175,0.1485415373941684,0.5210388610066204,0.7108868146078597,0.39169406276667473,-0.714751521497816,0.527327672580219,0.7556137246474547,0.7255485022269952,0.2577141727640648,0.5986499816880583,0.7103407379389509,0.0032688329383224377,0.7171311382041218,0.17456523760467108,0.5628285445847635,0.8498575486760733,0.3667470061797053,0.6957409690820644,0.7403870684697363,0.8460383418993186,0.04307229347283987,0.4813861183262463,0.07638151273742101,0.7679383453121851,-0.0922153177663193,0.3011173824649326,0.30796681622947125,0.7948507124614214,0.5887474608828666,-0.05366893632222986,0.49274879042930664,0.14458764778837943,0.6267779336194749,0.3377134310198972,0.24061826169494263,-0.3369605541409718,0.7242433719746436,0.3210148807076868,0.3788722826503946,,0.7463117776025899,-0.3365623665444078,0.5202159557080337,0.09092226266699684,0.6789576054821855,0.7726029459006822,0.05435532362096493,0.8935875980209925,0.859579741920931,0.881443996978528,0.7343338761496941,0.7421527874857583,0.577814544847754,0.7360135440832611,0.7823242955989079,0.5672269449124275,0.762582116463905,0.8212345100374359,0.6396079194814497,-0.08318970576092707,-0.38403594922864986,0.43998639548732915,-0.15255544681730665,0.8061843573237363,0.6600092451602466,0.7242081645938084,0.616766934720019,-0.4606483582500657,0.22025413778024625,0.7781092673328069,0.6459595555658292,-0.3213540693286288,-0.46650058144342393,0.8908190225342513,0.8280875704718966,0.5844385641176904,0.7461546369073331,0.4544463877657825,0.3348075333690352,0.4280103093108768,0.47429573195076197,0.7194770133997898,0.2818926996747475
USDCUSDT,-0.11523562454517716,0.0887429862240996,0.15035864053704603,0.20736039218435648,0.440876748473257,0.4924670410908262,1.0,-0.08858902427424378,0.09160249113831505,0.5135000806245437,0.1037103751894163,-0.7158614860349112,0.30768580296096715,0.12584769478329594,0.18329531813055364,-0.13912038350335898,0.07247492050591538,0.10577917007085887,-0.4926908398669753,0.01359464323938815,0.29468254025780827,0.6304031194742182,0.04310635317569768,0.26708054077508586,0.0679811114710622,-0.43244650132075046,0.08398487384991166,0.1498905369527835,-0.08275370414218715,0.26461468966484963,0.10658314901234443,0.23440552851756635,0.2083762281429536,0.43760523342610747,0.5992261205198767,0.16592984084872892,-0.23910691461641262,0.29681826810361855,-0.3809595742457386,-0.2171888144388838,0.24799430660281707,0.24879851144671714,-0.07052387010033057,-0.07081594009534797,0.036708834723707784,-0.7025933036271971,0.2063361700808569,0.2629850793060025,0.004336389443286159,-0.8317825993503705,0.23002974540063706,0.3272807342641521,-0.3134898072814497,,0.016088764097127048,-0.29091506984834437,0.20599174961649244,-0.012090419386214336,0.03424470073942531,0.2039563030689231,0.07867331965993837,0.49418101051819796,0.39083450668612785,0.3495076736011175,0.20721108288755655,0.3480131863965637,0.06794544819708626,0.2819000340640125,0.116956880982228,-0.0754164504394439,0.5573604337581948,0.42566169159255796,-0.03292454290763392,-0.6712791961160952,-0.5684263683220205,0.17915852911797983,0.29549955399411765,0.5043422096398165,0.21372466601493098,0.09917983590170593,0.5898316118496846,0.24222779103396277,0.2450641887137605,0.42602939843019944,0.2717454214860651,-0.43383293306104787,-0.4224927095795638,0.49403162350297636,0.2801441797380898,0.376127113059555,0.14168665354423626,0.04535050094005273,0.06616272702948486,-0.3165777911021572,-0.18884982890129226,0.08986897737269484,0.060807543095618005
TRXUSDT,0.7749069980049349,0.7684612152205597,-0.013604333313891048,0.6797545888472243,0.7310616509702169,0.40380019236544334,-0.08858902427424378,1.0,0.7704048431919994,0.5522162638531982,0.8396395242231235,0.2319005183495959,0.13028590214018904,0.7618164510812766,-0.2219123527255354,0.7597720518857023,0.7733740294997216,0.3134694424175206,0.04352857520000959,0.13872232415584637,0.6591418412445601,-0.040768350148237695,0.5619352125400233,0.4896831032656937,0.7661391077033627,0.05641680302749827,0.7697122784491592,0.43061484285357665,0.7766910954985903,0.7093104596440395,0.4339500073995844,0.743812301390612,0.8370065749330386,0.7067194596731305,-0.22734255087124164,-0.21213269060971293,-0.14057253623668634,0.429254175715624,-0.028922268065223748,0.8281810712519662,-0.20425853922317697,0.7725717662299548,0.7684236941282829,0.10705995949327932,0.5694920963487441,0.5846502442809117,0.5596797622940284,0.8075638369420853,0.08708862103528364,0.004913555945727517,0.5324016059617248,0.5300579018932922,0.7348990012070542,,0.3537501987435952,0.48251841730363204,0.7148344293600676,-0.0023356259179876256,0.6192506922899971,0.11490109031653091,-0.27180723264650264,0.38592846458649344,0.49890773143182254,0.6313910401134484,0.7670446786137674,0.6297426636118955,0.9538934995317693,0.7201903810011451,0.4277005885659481,0.6611344433388182,0.48218050171372884,0.6571206892229481,0.12776940312094817,0.5396102980408225,-0.0877167734755511,0.023994600247867592,-0.4531787277082237,0.6928177440211877,0.6557134365459374,0.7602728988723302,0.42390027354754234,-0.5415683332341105,0.7717947828310766,0.7271176533762874,0.8433714068739895,0.08003304940156626,-0.10333996643777026,0.3961768672236253,0.7520620958926023,0.5288440805023238,0.7827811932432598,0.6124827385685416,0.5523131964809719,0.7201529232591205,0.7454235457007692,0.7575743596687625,0.5510062147161857
STETHUSDT,0.8195139960302029,0.9384885860270911,0.4323858616443168,0.7751771119969117,0.8457104195001087,0.7219398847455082,0.09160249113831505,0.7704048431919994,1.0,0.8497481847277653,0.871366617529561,0.35492420517654194,0.6060649901647877,0.9358989681461206,0.1700346965780688,0.8028915952478988,0.9341082415284635,0.24090123065995964,-0.3722122970375499,0.54757997272274,0.7759038735581989,0.42935753237438234,0.2496672210411175,0.631521648292487,0.9387899181019699,0.1814853655763656,0.9361955438542282,0.5158576406741209,0.8282753849608038,0.8872129607304552,0.4848750926934594,0.7541578765333892,0.8327430644750563,0.8305499920761028,-0.2463153894643515,0.32650423655058697,0.2407346457717606,0.7405477214202538,0.1284611901964472,0.6923522733944243,0.17504379913288678,0.8291888448345932,0.884076224402768,-0.06802970618383625,0.6139724913291641,0.4865492218799041,0.6247826755658878,0.46826231530041734,0.22849815024675957,-0.021513676416476554,0.785506621866423,0.5402842488814759,0.6552025666705857,,0.7306868557304769,0.030915875501491184,0.7525735984639529,0.22865887383435252,0.8577046203835932,0.48695731903210415,-0.18764633066670014,0.700947850272914,0.7680519842918052,0.8252167682540633,0.840083869657995,0.6632086496183444,0.8905006186727493,0.7705089260921414,0.6668813513346689,0.7750713236023954,0.6282777896429588,0.8050589639431169,0.45565756705113325,0.3606489097814905,-0.11546856785907546,0.42527434456126684,-0.2174434326316492,0.8067278278117876,0.7283612321993852,0.9326595634663754,0.39348146194420136,-0.7298565510919572,0.4240176252040617,0.8441587036353786,0.8166281170862617,-0.10520523598130939,-0.410205923576756,0.7057917160678183,0.8857284584339182,0.6849823038806518,0.908214604785192,0.6090915204309896,0.4380636489504615,0.7713354361019229,0.7711852065075026,0.929221803553906,0.26588127027154135
DOGEUSDT,0.5968170706628061,0.7639015394012356,0.3155513844687345,0.6653532631880054,0.8704789724166975,0.8559530855556431,0.5135000806245437,0.5522162638531982,0.8497481847277653,1.0,0.7888060730639781,-0.12052629544732034,0.6484289887753888,0.7804239164380292,0.04266045897793355,0.5673239015042326,0.756615364886465,0.42033816999450085,-0.6197781933498507,0.37893265769133927,0.8184873285933524,0.6117040880845545,0.31569652696315204,0.6124126472855946,0.7530522764606901,-0.13976002211510785,0.7571593619290423,0.32561340424677915,0.6191843552214326,0.8793800073195124,0.41809909334312007,0.7695686148745988,0.8056891717214465,0.9008140970128393,-0.0134809498927139,0.2919880387143595,-0.04408813123355218,0.7372522937382353,-0.21971770346653718,0.3760263512600585,0.13231814187125293,0.8571550409434281,0.6427159468466964,-0.1298250886458837,0.5973260471170763,0.11951940231573924,0.656245588082319,0.5033762443437353,0.08551647541119477,-0.4518730515031392,0.754347124828336,0.5257683622726013,0.4754708990455207,,0.6091718434799145,-0.16353322870310216,0.6835300645053389,-0.01043872792131941,0.6471812271371226,0.6266533615402007,0.07825796452304806,0.8423096591896145,0.8317731006197803,0.8853608342782546,0.8254938901055925,0.8079574035626719,0.7090917985855446,0.8075934248990863,0.7137325342789388,0.5287833257777154,0.8417828241935854,0.893875994217206,0.5021511950294933,0.01686996395221401,-0.48211796603539064,0.29839501179039307,-0.17669330924888801,0.9033547332841688,0.7091726257134027,0.7635525668502211,0.7154145727851243,-0.4502178347342633,0.42805616051276374,0.8636367925906825,0.7852184240446637,-0.34978605735867796,-0.47940881996996176,0.845518630421066,0.881116133097028,0.6851091920398298,0.7947026167731064,0.5104723965496232,0.3907022569489618,0.4550306631611037,0.5113660171161137,0.7559438280094567,0.33641114049996496
ADAUSDT,0.8255010789758676,0.8730140559672749,0.16177384908824613,0.7254345404396702,0.8570965647271971,0.7157318375920513,0.1037103751894163,0.8396395242231235,0.871366617529561,0.7888060730639781,1.0,0.137741623148936,0.4389547182577117,0.8724407901664402,-0.19682282704424803,0.8004416446359605,0.8729997149876569,0.5265313195440467,-0.4069590375985947,0.34413353405487085,0.8575356541699609,0.23755752601580865,0.47670834110145416,0.6024960081052386,0.868428807905187,-0.0026897626036872136,0.8677895925763044,0.3417507801998654,0.8356578480024184,0.9312499698634618,0.4609060587546897,0.9075598245247375,0.9308501294527266,0.8958112231104729,-0.3239233400960096,0.08125599541740819,-0.055385515672803705,0.6689058274858538,-0.16467943636486299,0.6095891178942844,-0.11495363482446885,0.9565852524410428,0.8304995832018943,-0.08029421202691912,0.7685704896799025,0.5340242643658586,0.6956420632063697,0.6399729211514328,0.04511254242329091,-0.14712819076693245,0.7494685054934064,0.551117285129441,0.7867437764813959,,0.5911395252978838,0.07241743706905722,0.776397631880562,-0.08285422284966006,0.7435261540368886,0.5600908485867542,0.014954997148956779,0.7004889900333334,0.7622119137294424,0.8803032081452853,0.9289234947461156,0.8256091676443139,0.9125001472543987,0.8901144144047975,0.7811305481201688,0.6612876670306355,0.7399027156688003,0.8890672543511707,0.5469614771365551,0.4031969263347418,-0.36024004136068744,0.14126568654475816,-0.5180647252742613,0.8614965417765684,0.7870032535663023,0.8673584637583668,0.6315837754586314,-0.600580814831028,0.5465631558454574,0.8547272017088323,0.8956072226728442,-0.22113813322741832,-0.21876509611391426,0.7047289366247343,0.9371667754609447,0.6565309467031836,0.9150600602475826,0.6401660617666151,0.5332845691869056,0.7441716439905466,0.7557825386724991,0.8615666952396113,0.4846594224738306
FIGR_HELOCUSDT,0.37970668522154705,0.3553444980478139,0.4800573184328709,0.18339813974357833,-0.05628892255651638,-0.02697153508605663,-0.7158614860349112,0.2319005183495959,0.35492420517654194,-0.12052629544732034,0.137741623148936,1.0,0.29667833197848237,0.32580069921243904,0.3896122280554464,0.4105402290069384,0.35735155761928866,-0.3100885230749169,0.24145293391711795,0.5387825660678746,-0.049464654358139994,-0.010853270341589285,-0.11721562013062561,0.09257961768403357,0.37255806987236867,0.7528908902238254,0.3650953619908652,0.11511235244215177,0.3553396028508712,0.09135266053477002,0.10806267249667699,-0.08176396341841788,0.06829104718583709,-0.0890733978664671,-0.33016801593736156,0.3812495949846573,0.6375721133018574,0.16682699292939338,0.792114038928911,0.5541390869280814,0.3622356620425902,-0.021681521479484787,0.42276392662094864,0.22324537275880016,-0.08264654964914314,0.7326692443655999,0.021547876954811012,-0.23005641784866376,0.49882972207814497,0.8712313792497586,0.12835101673754437,-0.26361978487125126,0.2729484265180505,,0.5561849521529258,0.1225910331468312,-0.04166144332957882,0.5456356885909268,0.4823608294490716,0.05623761245969005,-0.46916518025340787,-0.043654759626504974,0.05192773739559837,0.021469259903801368,0.010464295702953865,-0.20438945090069055,0.214297920882567,-0.0743071206903957,0.10151162258668618,0.5853150907614457,-0.37132081228552855,-0.15512162704542992,0.18107903038367754,0.5142745543157629,0.7795096308714116,0.46452292400336453,-0.00011560628644195854,-0.18788648979144057,0.047840074409215845,0.34754096397801437,-0.6142070078441068,-0.6189676734809246,-0.23542557840015985,-0.04758246059248911,-0.055984251999800456,0.5137643646991963,-0.01224423271999459,-0.046184089906816966,0.05867013496777996,-0.08865977228513963,0.22506246033395735,0.159916758526963,0.030881393131143235,0.5659861284494069,0.46554715868351526,0.3595343028927197,-0.11809867998218299
WBTUSDT,0.3695129578663778,0.602428317905098,0.6617802247362364,0.44070068036403864,0.5317464614463292,0.7888098329033971,0.30768580296096715,0.13028590214018904,0.6060649901647877,0.6484289887753888,0.4389547182577117,0.29667833197848237,1.0,0.6158206403906684,0.44944713964948746,0.3630737791789658,0.5962232957954456,0.0847637307416441,-0.5661157445566051,0.6136464536525341,0.5162111982783257,0.8947516392824842,0.052680074368817525,0.4710052811685626,0.5986078719225286,0.22000219162033965,0.6013317394660737,0.08234301824892229,0.38096082228673145,0.6267782746438394,0.2928053667219078,0.2886115952236126,0.47170005816931565,0.5606964007642332,0.062286235099105525,0.7051053043952903,0.3071089765010455,0.7177369616495802,0.25587369326017506,0.3297912234092436,0.5688468423447078,0.4986284516902798,0.45119296446109014,0.011770413081201725,0.164456360387274,0.17839340975997495,0.4858443830143402,0.0018713570991440265,0.40371475419907704,-0.07439747697233337,0.625580009847534,4.6174465491618594e-05,0.23308862349357884,,0.9009898154723995,-0.32857551049076267,0.26436206772375676,0.29514035957764917,0.5930390109004029,0.6852256989229246,-0.019579937902538164,0.7701170017368244,0.7218006413311423,0.6787133247482848,0.4762649043945827,0.49814621232529843,0.3214284902093011,0.4210900087926385,0.5740721361782961,0.5847053305125488,0.48764643662061485,0.5167592084668525,0.5548657850775573,-0.02709510118699884,0.031244728462968167,0.6200580019347541,0.22150035347242567,0.5289192832348544,0.4260072923960011,0.6018929133496388,0.24317716800112626,-0.5814373040458573,-0.05606005427614535,0.5296296972854936,0.3264446462387658,0.0013973974403805817,-0.67293403804356,0.7702798435492434,0.598950173886855,0.35464630969609434,0.5303891732199385,0.2963333386353837,0.09979456904951632,0.3282727223860469,0.35158553248990854,0.6044018697215565,0.08085158085152273
WSTETHUSDT,0.8116886947584013,0.9365684065471942,0.4356269177432969,0.7774217995700201,0.856946637819873,0.739002539939175,0.12584769478329594,0.7618164510812766,0.9358989681461206,0.7804239164380292,0.8724407901664402,0.32580069921243904,0.6158206403906684,1.0,0.15222639026506532,0.7942170928829098,0.9315823618442811,0.24957891815780614,-0.39425005244119005,0.5469911557602655,0.7846129265438079,0.4498634865636097,0.25110309091386274,0.6380660008044569,0.9360554353467553,0.16456998962089922,0.934026342919687,0.5130981818961138,0.8216053205862528,0.8946233864150641,0.48518205157846606,0.761974268007805,0.8373100253621097,0.8437042148478007,-0.22654668832905867,0.33275115234930325,0.2300718830832412,0.7488660827166475,0.11064223921949987,0.6765240457201898,0.18151912259727218,0.8367198192024449,0.8768198226861104,-0.07166954584235313,0.6157121335123654,0.46080987665863266,0.6305739580241447,0.47314578108238475,0.22632765481365433,-0.05146984295559491,0.7908315707191664,0.5468345611528878,0.6424948782888725,,0.7297844765989036,0.014081963519283657,0.754846689299365,0.22316791673053635,0.8550775843444948,0.4996285026735841,-0.17833203067906186,0.7183073413008864,0.7806675932589864,0.8364868617582222,0.8448878791734605,0.6751683702548541,0.8866851578918834,0.7791025855299966,0.6744318874620678,0.7674108880748154,0.6474507610572118,0.81852382095908,0.4604695422117119,0.33363499419460235,-0.13989514225157354,0.42834151922678215,-0.21185331958747336,0.8212180370864989,0.7337560197406602,0.9311904059183466,0.415999312721179,-0.7166434624926119,0.42646746088778864,0.8548980493016474,0.8218142120977604,-0.12487817004008413,-0.41998804240937215,0.7229392106227353,0.8929769681204638,0.6942292763612322,0.9096467816799351,0.6076045658331868,0.43868464780153027,0.7565620688671923,0.7605166642460484,0.9274103970520429,0.2679721408543269
BCHUSDT,-0.02137083851404456,0.17095816287484494,0.8380260956821572,0.17503760651921751,0.04450723175382777,0.1485415373941684,0.18329531813055364,-0.2219123527255354,0.1700346965780688,0.04266045897793355,-0.19682282704424803,0.3896122280554464,0.44944713964948746,0.15222639026506532,1.0,0.0021003320775665516,0.1464982161980998,-0.6644425743505811,-0.1325993509037555,0.6748856063337507,-0.17116631521813994,0.5801649166865122,-0.6061552004792046,0.15060051303342892,0.1754442592256505,0.4966079942271174,0.1786661677509408,0.41087171974634773,-0.017179857961431063,-0.04367694451936589,0.04179182039599356,-0.2509670154803175,-0.20674348377374185,-0.058073384728444054,0.3857640417979178,0.7593702850238173,0.8081198775068806,0.24884793094169155,0.7070651830995721,0.05558436301159815,0.8819906755849855,-0.2705976516171143,0.12605403615499658,0.08564482647103876,-0.37405107251618797,-0.2653923933524854,-0.17741898052028032,-0.44116793210082217,0.5947133811565276,0.2210979714904026,0.0968330735888314,-0.011640755461834493,-0.4977685157344586,,0.37113597328979997,-0.3636874269937261,-0.09857748451047217,0.8900703917915306,0.3867484830426125,-0.020636565038724245,-0.5848003049953117,0.13906229631155487,0.1265655322924855,-0.05247452188907812,-0.2253867572443147,-0.408811345212468,-0.07526069736036461,-0.22775628798947045,-0.15361253056851668,0.3004782480451329,-0.21571061237844755,-0.12208550313642098,-0.10833540042086535,-0.4075339503426778,0.46794141813931334,0.8633869251216185,0.6698210200636106,-0.07703290105235465,-0.08431339841153225,0.17739531215723472,-0.5130712094662323,-0.20068636226793782,-0.39113242758863187,0.04089079373092624,-0.18076042269680756,0.07890426831106422,-0.3757991529329497,0.1304063730764697,-0.08715402072193264,0.1402499918319945,0.03426438150569301,-0.07558501246306053,-0.17963057184140147,0.03564064220436242,0.021134279173994904,0.18118396612531584,-0.5805148423487748
WBTCUSDT,0.7862291590795216,0.8059883314800946,0.29929062787496385,0.6520078168404274,0.66663608472194,0.5210388610066204,-0.13912038350335898,0.7597720518857023,0.8028915952478988,0.5673239015042326,0.8004416446359605,0.4105402290069384,0.3630737791789658,0.7942170928829098,0.0021003320775665516,1.0,0.8029734787076823,0.27870041011745017,-0.23950198499139194,0.47195717417022104,0.6412534742790399,0.12976419253009772,0.27965509391682736,0.5066346862082134,0.8081407871874251,0.25089411365656766,0.8050880897795063,0.3877363845686808,0.7872531722154535,0.7511638892397077,0.3930983799632048,0.7191827131380675,0.740611185428161,0.6755142436520625,-0.35045846318437207,0.18126141420729938,0.21428983239250932,0.5602607653189207,0.13185046846909448,0.6352743161197413,0.03033298801248939,0.7293059951534658,0.8133437292599739,-0.011233511614092547,0.5975076967544865,0.6173211281105144,0.512338319319529,0.42935538994916495,0.19720563142453001,0.16560383556732125,0.6148473448243903,0.4269705454156678,0.6667816161357351,,0.5847773986836626,0.074285815960136,0.6256126429956956,0.1644873997688294,0.7689013250242814,0.41351611150066253,-0.1988730341349843,0.5050338458776166,0.5942310756919609,0.6724006131876222,0.7215736698640751,0.5295039419646115,0.8118914205425556,0.6756550476476608,0.62555959517391,0.6974568983117106,0.44192181111461926,0.6521953481261894,0.4515224597724176,0.44141437718819493,-0.05391018366392575,0.28392806606179694,-0.4262773132292863,0.6152311106605322,0.6358695571003983,0.8000159629252291,0.2742654881171113,-0.6353474827865896,0.3561066839462268,0.6668114017433892,0.704252850043969,-0.0708574459329841,-0.11473210900085573,0.5057510217426788,0.7418499801257659,0.5286557144232625,0.8033691259806571,0.5545848968690997,0.44389499022085405,0.7837956276457378,0.7552172922339643,0.7979661360211987,0.28592469745124904
WBETHUSDT,0.820420667273307,0.9347050395928005,0.40673808160565733,0.7671931713404438,0.8390232484615922,0.7108868146078597,0.07247492050591538,0.7733740294997216,0.9341082415284635,0.756615364886465,0.8729997149876569,0.35735155761928866,0.5962232957954456,0.9315823618442811,0.1464982161980998,0.8029734787076823,1.0,0.3824858351153765,-0.3611504784052402,0.5259840965093673,0.7778314278074572,0.41158988683401726,0.2566496145771015,0.622693128478935,0.9356231942957682,0.16787483182396518,0.9320482716944347,0.5115932028755837,0.8286308325863051,0.8843897077795447,0.48468221959910096,0.7507508159023205,0.8315301817677581,0.8240136363919963,-0.27373799335398274,0.30634634764612656,0.22542558838175286,0.7325815229590897,0.11404681538463199,0.6944729227265222,0.14610219337102617,0.8308648088965588,0.8827880880103943,-0.08173025299186382,0.6253419051021761,0.49996606895956297,0.6269493975134526,0.46997984744050836,0.2025726229219783,-0.02034527654412942,0.7857325869234397,0.5429272752349672,0.6770361299338411,,0.7221137529102623,0.04756126671949284,0.7590432523179395,0.20219522306573193,0.8438393484318157,0.4809505386382187,-0.163883873494583,0.6898906066663376,0.7586602158335798,0.8206013775706478,0.8454057585272583,0.6703418370463458,0.8907296315107289,0.7702165787698878,0.6643459936824011,0.7644236346214928,0.6299565533124866,0.8030566194747103,0.4554801743112284,0.38876857394955205,-0.11971503822874874,0.3984859901184471,-0.22522980395204564,0.8039731693337563,0.725509144325101,0.9282803098964144,0.39770170727763204,-0.7346454018723091,0.4301180627318997,0.8381057592991636,0.8179291426138966,-0.09992482110032633,-0.4100115717673942,0.6955088409514101,0.8845953743210949,0.6799976317765878,0.9042230770631067,0.6090409170537356,0.4348754773970169,0.7733568906110646,0.7710757696558814,0.9248023521702526,0.27249131191694226
ZECUSDT,0.30681639294472535,0.24337168697649822,-0.3197417548155595,0.16764884935289476,0.35700215203483066,0.39169406276667473,0.10577917007085887,0.3134694424175206,0.24090123065995964,0.42033816999450085,0.5265313195440467,-0.3100885230749169,0.0847637307416441,0.24957891815780614,-0.6644425743505811,0.27870041011745017,0.3824858351153765,1.0,-0.39642047727702756,-0.14201733771855238,0.5273228407299619,-0.06374786893092585,0.5130795313770148,0.1985104481969932,0.23410750996306787,-0.340238065312958,0.23336753450546427,-0.24842675014233975,0.31517373068659527,0.4973418398882595,0.1327565761028059,0.5966824141428898,0.5215060581885615,0.48934148738070793,-0.32408700589204675,-0.2310069162235511,-0.48446431798584544,0.2356753943052356,-0.5935095357985076,0.0007226030912976828,-0.48196934794510193,0.6256074709046009,0.22168550635300674,-0.14845646508486243,0.5957410308134382,0.27643426232209495,0.4395672347047714,0.40365874034874977,-0.3237279586094197,-0.31551974752610407,0.31709419849826115,0.17080166140203318,0.5544905163688869,,0.1350461654814765,-0.0676499501105144,0.32454469435948835,-0.6135695745947847,0.10282170433123133,0.5372483550301618,0.5226935320538352,0.3950594715098653,0.3791155417502215,0.5169373587225109,0.5488865197819386,0.6720340711577902,0.31467052817315977,0.567724527578254,0.6223574239399714,0.04594514282259007,0.564121787471628,0.5406948960299719,0.5506287711292271,0.20700568552861734,-0.6169706793404279,-0.3807909142113466,-0.6614360271456112,0.46018465746558335,0.4144076236615513,0.24114455265525245,0.7024557632069558,-0.06862889384870767,0.276072498979505,0.35692234988478166,0.44400214488680084,-0.34934232727260633,0.11659499790331394,0.3951471106710445,0.4981594721395253,0.20828570887488132,0.3753262646537022,0.27631787038234407,0.29836015049259373,0.21607917911536653,0.23147567698928162,0.23481825186083893,0.5111083719861477
USDSUSDT,-0.259089775717495,-0.38022461248832007,-0.4459583629183185,-0.309137356154312,-0.47175620905681476,-0.714751521497816,-0.4926908398669753,0.04352857520000959,-0.3722122970375499,-0.6197781933498507,-0.4069590375985947,0.24145293391711795,-0.5661157445566051,-0.39425005244119005,-0.1325993509037555,-0.23950198499139194,-0.3611504784052402,-0.39642047727702756,1.0,-0.5148732208820268,-0.5090944867390971,-0.5690401480244143,0.10690628456594665,-0.3818916624505876,-0.370658814269628,0.07564919163070825,-0.36988720120953106,-0.046218640175859034,-0.2813921835324264,-0.5827598931641433,-0.15403473321047972,-0.5370926830520634,-0.36625895933844466,-0.5702074849562108,0.029252987425897985,-0.5726797506022759,-0.20555145157689658,-0.5685172513534396,0.23570698639703763,0.2814024771343365,-0.26007083272454984,-0.5036761374854787,-0.2917415376683732,0.2795225561916371,-0.4668584295083097,0.14050124015061785,-0.3402212635472786,0.10018951012413274,-0.050009332099596855,0.37184967976013894,-0.5119093271835216,-0.25855343355341254,-0.08428969422749769,,-0.46833763829444836,0.7633455448524709,-0.2896471954235821,-0.009966463822174228,-0.44567758826558884,-0.830588473990075,-0.3118080577327352,-0.7181233970376221,-0.6422206193074212,-0.6155022420437534,-0.4457211450707144,-0.44307144899783274,-0.16056775389217876,-0.499314340761397,-0.7337907579673048,-0.16291786098391767,-0.6043504380041324,-0.6201632897654114,-0.7453134931777626,0.36839817432975086,0.5899658105365694,-0.3633972087834351,0.1852460941986406,-0.5174736998386199,-0.42068828779193085,-0.388080711743435,-0.49426959941786086,0.131233483571943,0.2344716997093312,-0.46876317390911515,-0.3211591958563175,0.6664832876079132,0.19939382276470852,-0.704071227605697,-0.5161322946124021,-0.4506444809315421,-0.45127167133871693,-0.192444310000618,-0.13205707684770196,-0.1729477191175386,-0.17213459817011725,-0.3796327538066895,0.07119155939390805
BSC-USDUSDT,0.4517383501079881,0.5556332961812558,0.9484446200859079,0.4487217861491071,0.348679357887084,0.527327672580219,0.01359464323938815,0.13872232415584637,0.54757997272274,0.37893265769133927,0.34413353405487085,0.5387825660678746,0.6136464536525341,0.5469911557602655,0.6748856063337507,0.47195717417022104,0.5259840965093673,-0.14201733771855238,-0.5148732208820268,1.0,0.24931369983987864,0.5037662626585102,-0.2924535371376438,0.41632086093597526,0.5555167970311886,0.6728869508011737,0.560490959391086,0.2515089951473983,0.455132010211297,0.4609282814461259,0.17774273477790456,0.35228964680440816,0.2854146731251916,0.37276971545018883,0.061094190487168396,0.8689778689030809,0.8296810294537184,0.5570870435468487,0.6071183604953138,0.18847071030888618,0.7673336622093613,0.2702133056605231,0.5400303375581533,0.12220609712859441,0.12628071234640154,0.2596351705142734,0.166407996130559,-0.24989842086605263,0.6965743292190075,0.3931598897724004,0.4038202124788183,0.023289221745665143,-0.03233618884573413,,0.7470533696220594,-0.6022197453590655,0.11253884803539008,0.7675082876282977,0.8285453721833322,0.5887672791906625,-0.4821623831357786,0.5183788345300951,0.5323013598862866,0.4335892719464239,0.22023288473629785,-0.004001846995478464,0.287604954964217,0.26654844033874797,0.5463939376222235,0.6483178367774862,0.07166801343159494,0.3071985556984671,0.5680777788743127,-0.2141563814246335,0.22883084650751048,0.9040507878686341,-0.04422903974998067,0.22288853705661818,0.33808872677634405,0.5625658788838844,-0.21226631911805194,-0.45208883862437765,-0.38559196485856945,0.3451840470218035,0.16953454034800025,-0.16550111629044367,-0.08067542106932822,0.49711689683615407,0.37229558036178384,0.3222146195305703,0.5122514704056382,0.24225863978280698,0.15814994120760245,0.5229864339219862,0.4674644171515079,0.56511562968539,-0.26587701331586927
