,BTCUSDT,ETHUSDT,USDTUSDT,XRPUSDT,BNBUSDT,SOLUSDT,USDCUSDT,TRXUSDT,STETHUSDT,DOGEUSDT,ADAUSDT,FIGR_HELOCUSDT,WBTUSDT,WSTETHUSDT,WBTCUSDT,BCHUSDT,WBETHUSDT,HYPEUSDT,LINKUSDT,USDSUSDT,BSC-USDUSDT,LEOUSDT,ZECUSDT,XLMUSDT,WETHUSDT,WEETHUSDT,XMRUSDT,USDEUSDT,CBBTCUSDT,LTCUSDT,AVAXUSDT,HBARUSDT,SUIUSDT,SHIBUSDT,DAIUSDT,WLFIUSDT,CROUSDT,SUSDEUSDT,TONUSDT,USDT0USDT,SUSDSUSDT,UNIUSDT,PYUSDUSDT,DOTUSDT,MNTUSDT,CCUSDT,TAOUSDT,AAVEUSDT,USD1USDT,BGBUSDT,NEARUSDT,OKBUSDT,BUIDLUSDT,ICPUSDT,MUSDT,USDFUSDT,ASTERUSDT,XAUTUSDT,ETCUSDT,PIUSDT,ENAUSDT,JITOSOLUSDT,PEPEUSDT,JLPUSDT,PUMPUSDT,RAINUSDT,APTUSDT,KASUSDT,ONDOUSDT,HTXUSDT,WLDUSDT,KCSUSDT,POLUSDT,PAXGUSDT,SYRUPUSDCUSDT,USDTBUSDT,BFUSDUSDT,RETHUSDT,ALGOUSDT,RLUSDUSDT,TRUMPUSDT,GTUSDT,QNTUSDT,HASHUSDT,WBNBUSDT,ARBUSDT,USDGUSDT,ATOMUSDT,BNSOLUSDT,VETUSDT,FLRUSDT,FILUSDT,USYCUSDT,FBTCUSDT,SKYUSDT,KHYPEUSDT,RSETHUSDT
BTCUSDT,1.0,0.7109129190864875,0.09623109425281297,0.6476394608179576,0.8443911178643093,0.7793273770316385,0.1377555591393816,0.6947426828143304,0.7206857379259024,0.664686280122618,0.78351227485378,0.5490313446893345,0.5684612440067975,0.7241992619731766,0.9328631007959083,-0.1630234074459017,0.7141029735914123,0.7585654812761402,0.7702566207769196,0.2763963366322348,-0.06715832314390159,0.3922363768272339,0.49239367845431514,0.8220901110987053,0.7100048622940157,0.7196316935599048,0.3532165676117407,0.13502518874913835,0.9400461942265214,0.6960225190250384,0.7447789283414997,0.6762377639481055,0.3825376821030662,0.1307638380487566,0.3319051389345664,-0.3854405768802841,0.7107261581723241,0.23922370203242949,0.33583055745624546,0.0919882145689931,0.48512837096417866,0.4646317772124486,0.3159907711972266,0.5145070651282453,0.6511691313258469,0.5106336933525198,0.37590921274059985,0.7681234351993651,0.30305608642099535,0.464353983381999,0.48840317845949227,0.7000402279417964,,0.14613749889329114,0.07101295455575558,-0.12075535224296917,-0.42441334642965656,0.7501094767463382,0.29150604002692915,0.5838932991682,0.2668129793072061,0.7780064943181776,0.6034080625630039,0.8210607423591956,0.49272301330546386,0.2849292388026575,0.3646452075379169,0.6114762440706422,0.7006733202289549,0.7234169605988374,0.573964987526577,0.5957421476412181,0.5695274668730615,0.6925508540720383,0.3334212678596517,-0.10951541411475257,-0.5217180716134776,0.7125053821744554,0.5301195940196352,0.48417196189422557,0.4995224972930537,0.8499733857024242,-0.1264976117300365,-0.687377913316546,0.8366916038540327,0.5423846520438972,0.34905167305583873,0.5391057025642505,0.778821065552268,0.7142489218938014,0.7532590900581762,0.4277128586374974,0.1599061792215609,0.9178194384637921,0.8134151734699597,0.7595282642988004,0.7301334148069712
ETHUSDT,0.7109129190864875,1.0,-0.06787749556075848,0.9031774625143599,0.8408892309200856,0.9653523566912,0.5137938629241173,0.42438372136356617,0.998786316724598,0.8352237147067014,0.8897000516166654,0.2500565890929971,0.6515818759115496,0.9987774518846583,0.7034246384901957,-0.13901095255958634,0.9985636799002688,0.6829102447521922,0.8313717807582813,0.1261160689517981,0.05544848840967391,0.8675006958546602,0.08105730734420155,0.656151600939454,0.9987961912822717,0.998406434130927,0.16838831125549356,-0.15364874859856906,0.7312474072602775,0.8177002167408332,0.8802278658289833,0.3306719226050914,0.8276173105127085,0.6133725332695842,-0.05547012114542529,-0.2182176910771305,0.6913497288479953,0.036572638979597165,0.74734950560366,0.2424413385139897,0.04953657185973415,0.5717325224642675,0.10543050170334621,0.6783466661088251,0.5313780646186188,0.8198109337416216,0.21692338286423207,0.9384997795008413,0.11416968940746139,0.4050624060899299,0.7081002125621152,0.7117202106576456,,0.4034125674185798,0.034828641286311836,-0.19947937307640395,0.03947311317320105,0.9264291139192627,0.7716604831744855,0.3777053586008204,0.7412378973359226,0.9672862046109441,0.9444002926540206,0.9565400340942991,0.841657959841759,0.8084711171390608,0.3585244007384297,0.7559759297997541,0.8448365692398414,0.776973146095155,0.7526559818816331,0.43386925823694844,0.7118012535263117,0.9272439037734992,0.5933537191699034,-0.30919576634055834,-0.5389577051284967,0.9974760582365669,0.354265886652753,0.07955812394539183,0.5954775005832187,0.7307732726128199,0.14937571166730942,-0.36737207019287005,0.8402511840676801,0.9135890890763781,0.48907731544348937,0.4791839792423083,0.969188077719271,0.9721175429287576,0.6234293326868761,0.5498806600589856,-0.008411547116959751,0.7241496119844144,0.5299706904487227,0.6455244738342464,0.9981895827637103
USDTUSDT,0.09623109425281297,-0.06787749556075848,1.0,0.06441265898720828,-0.310009545841148,-0.1557404970039851,-0.49492568003530873,-0.48791224352553936,-0.061440677338192466,-0.4508257624945758,-0.32928732150589063,0.6395938727769157,0.30316014475986997,-0.06811940647842307,0.15272742642337267,0.8266101473985372,-0.08850527514700281,-0.21857127515730218,-0.42576780581379825,0.6406859796026074,0.7954674429005324,0.18654347042186778,-0.518991875946858,0.13092899769794286,-0.06162345081505286,-0.038401921318534815,0.15674297114527383,0.8293335101731109,0.08351895279836483,-0.540804604577334,-0.20609366832661105,0.06618506240091951,-0.39269034870980674,-0.566864064645491,0.5316663332153326,0.5136423363719042,-0.0855868942380581,0.8457902310450676,-0.23863628214661212,0.7160230572463948,0.46143855004304724,-0.176487459438756,0.43026046141025526,-0.6053071576083513,-0.49744011121221793,-0.24714763935806153,-0.49450587595441897,-0.07948430812359943,0.7914710655680439,-0.345734250779915,-0.7201288510415705,-0.36612235154682043,,-0.6856218814293186,0.0405844081115834,0.9441660898031439,-0.03417972114025957,0.1672992314415967,0.23490844957411514,-0.3163169246948065,-0.4278343599484375,-0.15803086430546004,-0.37868260529877207,-0.09340115292150188,-0.2593289510649985,0.16012697344414098,-0.8240725895691049,0.03133935173438939,-0.479396131846259,-0.4209972202533093,-0.632970433527441,0.30420615183318905,-0.6510068691149321,0.2150363939335339,0.4921065826731209,0.5912584147504858,0.5776197138794815,-0.04665203206074115,-0.4166164926389297,0.5389791214738122,-0.6191994261174976,-0.2469629043071464,-0.43540249894956634,-0.5603961203781485,-0.3192578206255128,-0.4109601185772867,0.43913287996800165,-0.7191824490351256,-0.173497037336853,-0.2238071386165087,0.08390785744712731,-0.7946063907173783,0.10680781010842832,0.2954634694718941,-0.2941450372019114,-0.24225885436343225,-0.038767606500247985
XRPUSDT,0.6476394608179576,0.9031774625143599,0.06441265898720828,1.0,0.6644731863168521,0.9031546578371821,0.17932043337018308,0.2828315845178378,0.9058526035915675,0.8138657447764498,0.7671236095621633,0.16594469193368128,0.6827258119862487,0.907991844916737,0.6590043327474542,-0.13840081876336746,0.9000618118608203,0.6237977400953969,0.7329037438791056,0.2657347475519251,0.061115872955764663,0.7796152345255399,0.0914870046109121,0.7971516541295557,0.9001476464868619,0.9087720012352876,0.20057195597490193,-0.15953645832908211,0.6616732401950849,0.6873380791863727,0.6416377592847564,0.5366942467012883,0.810583038921498,0.5662842247969839,0.21268262087054327,-0.19274279828144453,0.8072128623045537,0.04941424380393249,0.43691972013826935,0.2208204738066663,0.026548578903709527,0.48065155399924603,0.2936372737832064,0.47478063321529324,0.3902906571876275,0.8633041900260741,0.2818009683155251,0.8885716792468473,0.2404490435936301,0.2624524002644748,0.5387073195499613,0.5528626205960671,,0.363331638498328,0.007832617730002229,-0.07978398292377575,0.12244738023048773,0.8985608052128647,0.8214438979622053,0.09581008560123384,0.6812294974053892,0.905684140121275,0.8320364584862142,0.9099342525446316,0.6135943585852432,0.8303628326628967,0.28501499613049663,0.5843398994871648,0.7610620551607447,0.5769611842828939,0.5990777121501426,0.3404618060299562,0.5795107277371142,0.8436424028600447,0.4420846621320368,-0.31354592524557556,-0.19883614860643026,0.9062326264038447,0.4646178918639099,0.27084373312783216,0.4544588463877677,0.502047468750804,0.18825142218085386,-0.29278087130643715,0.6619613520910143,0.8221592249088739,0.38819575036161913,0.29062635981125134,0.8941370135981552,0.8950155913100025,0.6557884693533198,0.39743213400530863,0.08841370708585347,0.7072096646513244,0.3845694816395053,0.5872651982745046,0.9005470030247174
BNBUSDT,0.8443911178643093,0.8408892309200856,-0.310009545841148,0.6644731863168521,1.0,0.8819557938340842,0.537670071443901,0.7739895877311211,0.8441610065378434,0.8577235568447399,0.9414921933014687,0.2832480114485378,0.44657182536827883,0.8487373914089844,0.8126568398608609,-0.3790221950544123,0.8507094330973648,0.7560406017592429,0.948708027326387,-0.07876853311160784,-0.28757825398891756,0.5080278771304892,0.5107406105096071,0.6699420046561165,0.8417736349404872,0.8340000747578165,0.3233010910097601,-0.2542873963819859,0.86203574651115,0.9356502199484094,0.9069886573113766,0.48527304910095315,0.6095981453805449,0.4461248300401992,-0.07417260915704176,-0.4901413536378154,0.6961193044726399,-0.08232509083247593,0.6367914776635508,-0.09851256237574144,0.22413236157442798,0.5048379225201018,-0.030161696852570183,0.8080331514302715,0.8545292252249697,0.6354178372699597,0.42939323823343467,0.872587999284558,-0.10083383255357148,0.6763463010427139,0.8263372589559361,0.9102602824573215,,0.38974587335419386,0.046277989287216825,-0.48262222385325226,-0.35988267300167015,0.7335142171880515,0.3228717272905355,0.7506499336767222,0.5333513334028557,0.8831116516053842,0.8569158888249597,0.8855393305004033,0.7294331383053682,0.37227742166672523,0.635127655622672,0.6736128911481895,0.9046241406218097,0.9241272854270878,0.8939828386589679,0.44111735869831104,0.8771295853054033,0.7049788562135835,0.33786856206582383,-0.39586148512667907,-0.8177525556267932,0.8335001629949612,0.5518608726871465,0.07201538256039332,0.7905361195891312,0.9633085312048065,0.08748883929226325,-0.44597697169077677,0.9987174770535994,0.8015012111242605,0.25169595532721534,0.812543919606756,0.8951495211980389,0.8749652332598111,0.6453505864242189,0.7332470265561307,-0.0585899841944469,0.7492647464631245,0.8272659449118791,0.75262650515737,0.8434764496202968
SOLUSDT,0.7793273770316385,0.9653523566912,-0.1557404970039851,0.9031546578371821,0.8819557938340842,1.0,0.38834977859890946,0.5780682727857154,0.967354483259168,0.9167889442837057,0.9222757822076287,0.17154230953191787,0.652099222418264,0.9685331527398975,0.7723971856850202,-0.3393956227716264,0.9684108740180446,0.8071633767075767,0.914875342245329,0.125249724537911,-0.1047766211229376,0.7292999285376067,0.29629427743280323,0.774098852726635,0.9615013838605151,0.9640388945502222,0.15691842168994932,-0.17440960925177265,0.793892907897515,0.8788947066064818,0.8904665963728068,0.4951156541203582,0.8483020679840662,0.6553436596907563,0.02151884431302373,-0.308635133551734,0.7989864880212074,-0.017025235474583445,0.6181963859639978,0.08044388021638739,0.04474852962950495,0.609501188684107,0.21784625693908108,0.6884105273145062,0.6098565195899399,0.8336365380378684,0.44445630378019485,0.9385776974660263,0.10025699679951058,0.40252394626443333,0.7529818478040634,0.731494306018408,,0.525179544825388,0.03040926820277567,-0.32608105603978715,-0.018305663260722728,0.9087910691920372,0.6747323214435883,0.4075069128164273,0.7687988328798396,0.99962883250423,0.933664523904762,0.994424657815857,0.7682378973430153,0.695343013911065,0.47886418605517667,0.7705624172221468,0.9285015138961047,0.8090217799591398,0.7894621582544438,0.4645465492087262,0.7523205312446091,0.8539950988966806,0.3979015204610734,-0.3127362831220644,-0.5596791886539807,0.9609652848974513,0.5672177749047808,0.2044049797572858,0.6060879402937421,0.784031682638795,0.23303336004460481,-0.31393614130413505,0.8794429325956417,0.9022165631291947,0.3599236976461803,0.5589658508886,0.9984603624667158,0.9687416167636425,0.7206358754261339,0.65546227617194,0.13024939836752988,0.7753855275046944,0.6643709249843889,0.7859630090636079,0.9666830720226706
USDCUSDT,0.1377555591393816,0.5137938629241173,-0.49492568003530873,0.17932043337018308,0.537670071443901,0.38834977859890946,1.0,0.27869145532290024,0.5062233951668111,0.3651392752492099,0.549011524761975,0.04044537027765043,0.045134231671788885,0.5063832626905834,0.08818094917420592,-0.08937171642074987,0.521738906257636,0.19278321165211249,0.4236594148085833,-0.35923839489717396,-0.10248435142262281,0.5142417528889932,-0.09462377000277965,-0.20666343658692982,0.5200078631818491,0.497444988042504,-0.0732977741858019,-0.43617326475059065,0.1689330473201401,0.5739769227697444,0.5877896951160618,-0.4267570599106839,0.44446221906126976,0.407272374101217,-0.6213683891349165,-0.27722900200137557,-0.06166697709171328,-0.3814433397948114,0.90632553959439,0.062835875489585,-0.13435488489215758,0.3514175228263793,-0.5445656897450423,0.7572122381520928,0.408956396040566,0.3644484930871351,-0.20124525838293864,0.38181740218091165,-0.42082140803706736,0.4323462327723629,0.699712127485207,0.5282183628014067,,0.2886779236136905,0.032748675198740494,-0.4113940328248699,0.07624539590947484,0.28539538961937144,0.26103565628052905,0.4823396855304665,0.42134234239671325,0.3939381890525474,0.6329955291849546,0.33547262780292747,0.7923659997419438,0.3691074646783009,0.42832835080867115,0.31813816018142616,0.44451710366780894,0.6339444031234925,0.6495528938328406,0.01723599832469711,0.6361719683319249,0.426164326169511,0.4419266244648727,-0.41784196614217833,-0.767930188330649,0.506609417290875,-0.19518155723129732,-0.6430094330655147,0.6756493874609942,0.4875209913900859,-0.01760852979758681,-0.05619613353725121,0.5463915727067564,0.632058812644824,0.32883237514527097,0.5952673938342863,0.4208676498926508,0.527960005585802,-0.04318032256835093,0.5534288363267756,-0.37554282374872866,0.02463439545774779,0.249441485378337,0.15822068918341323,0.498041565457397
TRXUSDT,0.6947426828143304,0.42438372136356617,-0.48791224352553936,0.2828315845178378,0.7739895877311211,0.5780682727857154,0.27869145532290024,1.0,0.4334529206641296,0.6341404888936778,0.7578654608269653,0.1836016753153145,0.2607555442086316,0.43999612982191794,0.6687649075091183,-0.6715022096034072,0.4405771576566184,0.8427242509966318,0.7467789768347303,0.03679148462163644,-0.5534630036227539,-0.044625098494247416,0.8392090960286599,0.51109015454649,0.41377381272824393,0.421426904233251,-0.04009577740114433,-0.19816519803128096,0.6988415325226314,0.7877716022942273,0.6286533326547885,0.4762560668370109,0.38216126243149257,0.23488881498232062,0.14471449309298953,-0.7526314630669154,0.4550921722895429,-0.3470383608344612,0.26966519267561695,-0.33993532946995364,0.25923729684054087,0.618942164390997,0.21438382591670294,0.7536348760557722,0.6922633689839701,0.45661118351617835,0.6011814403235636,0.4397111043729117,-0.0514764512762606,0.3665811974542664,0.7353955266002338,0.5962071400026746,,0.5374994792440276,0.07031409782535882,-0.6035923919694134,-0.2950991263374884,0.38677066456092646,-0.10026270807246863,0.5973904584209082,0.26656092870560477,0.5760577747003766,0.5162786334802693,0.5843847475968128,0.47476730732427186,-0.09224364287656572,0.8093291947192791,0.35851157670922956,0.72896900540336,0.8017946711028803,0.6668807256645339,0.37210975819439857,0.7054002796211251,0.3041912875412196,-0.2202745730114873,-0.276886452617826,-0.7574310681979441,0.41583610592687037,0.6419388638397292,0.2584455905549878,0.6867093257107142,0.7941491131079407,-0.06886103148147533,-0.2949995218524507,0.7672100070579169,0.5088332594745211,0.07814084022375872,0.8683841464109843,0.584391954392396,0.5516594067802691,0.5544363957803364,0.8158385014685094,0.3490285235970653,0.562424720565553,0.966689264416865,0.8674912363697201,0.4332518560496617
STETHUSDT,0.7206857379259024,0.998786316724598,-0.061440677338192466,0.9058526035915675,0.8441610065378434,0.967354483259168,0.5062233951668111,0.4334529206641296,1.0,0.835376797087812,0.8944658993691698,0.2627288079202553,0.6581467915764145,0.9994071359984068,0.7138243410542877,-0.13855795744933286,0.9986878017910654,0.6921317476319715,0.8327649776918942,0.13999873083578807,0.05571479986310662,0.8628888770465643,0.08969507933918942,0.6650608692712089,0.9987154632294064,0.9991031136227964,0.16678304954155115,-0.14651053901413152,0.7408443691387102,0.8196040826674851,0.8795025130707124,0.34074045345933196,0.8246159497700162,0.6032467438851613,-0.0378542632012628,-0.2287436792068743,0.6947333197559011,0.038041877792370775,0.7412479813122197,0.24621729159714123,0.06260632444140805,0.5796458145253147,0.11832160946470513,0.6806341147423443,0.5315744019883825,0.8236535599943762,0.2176905322069884,0.9388219119990717,0.12716549422832266,0.40173893948755013,0.7070444710529264,0.7109811117736601,,0.4008446814619888,0.03662613495796357,-0.193969315874596,0.03644139633545398,0.9307851363543145,0.7698793726461608,0.376682062118709,0.7328605216034917,0.96928673372801,0.9424794495388352,0.9599154389494451,0.8411913263072407,0.8054044376614313,0.3618252213054042,0.752787145418928,0.8456239781882677,0.7807001109994919,0.7502316228822579,0.44032317647352504,0.7115127278460495,0.9306303952227133,0.5904643527484374,-0.30679432656179456,-0.537579430945292,0.9979399705142113,0.3579059487057925,0.09419557989989125,0.5977801833565577,0.7342694156442723,0.13607087138280596,-0.3799971963731324,0.8432021847457681,0.9123640807525192,0.49606855317187115,0.48229406556894405,0.9709283703080606,0.9739004744590576,0.6315008640591683,0.5499043381551171,0.002033782067746601,0.734597163800058,0.5400573252904205,0.6547896368081132,0.9988315341828174
DOGEUSDT,0.664686280122618,0.8352237147067014,-0.4508257624945758,0.8138657447764498,0.8577235568447399,0.9167889442837057,0.3651392752492099,0.6341404888936778,0.835376797087812,1.0,0.881125938135449,-0.12392084480306893,0.4368349615822434,0.8408986625972009,0.640399176963622,-0.6051919533594219,0.8451333500098885,0.7271014150927795,0.963488537145638,-0.15206018539193683,-0.4260619195060623,0.5144172957724593,0.5081660794065193,0.745237649263684,0.8309147658279614,0.8231403890150126,0.2459216044867866,-0.4989466854275643,0.6796221065579708,0.9342887048275095,0.7653907646183167,0.5824339809762518,0.8399820687004762,0.7472250145330139,-0.08541441412953417,-0.4362684327387574,0.8522468571210643,-0.27643759031003634,0.46793438518474473,-0.27167304619219984,-0.11159427111557174,0.4611986837841294,0.03709068948768661,0.7207794366729855,0.7620132390057544,0.7986363413366454,0.6452686623111515,0.8836045265226816,-0.21902986625722964,0.5484993541826133,0.8533098933233612,0.8005100184649794,,0.6368023956085664,-0.010471739194184782,-0.6185283439485575,-0.10487866608554303,0.7128631230560238,0.47328171928899626,0.4517998310395894,0.7836546045010231,0.9182350594121214,0.9150091820821242,0.9018593227738951,0.6203401442863943,0.5140457869006442,0.7009444698895976,0.6024730060076247,0.9776074526156491,0.7864977046662138,0.9085478705566014,0.24703873950275154,0.8859608900337086,0.613594334699931,0.1135441032316618,-0.5336913688620947,-0.5788311661503889,0.8239185023109127,0.7588769470267062,0.046597380995277396,0.7280349756818316,0.7329006644246997,0.42948514848975383,-0.062135050932541916,0.8596838371753861,0.8899510498216717,0.02746231397096832,0.70671188157058,0.9186764972350927,0.8996175312659854,0.6329442745161802,0.7902358258830193,0.012191156329125366,0.5915967494214633,0.6390932049160473,0.7240542902036834,0.8237967618258888
ADAUSDT,0.78351227485378,0.8897000516166654,-0.32928732150589063,0.7671236095621633,0.9414921933014687,0.9222757822076287,0.549011524761975,0.7578654608269653,0.8944658993691698,0.881125938135449,1.0,0.2601154331317728,0.548401987767116,0.8994930172818356,0.7627833524381102,-0.40709853537279295,0.8981750442033811,0.8443520376435589,0.9153985550071824,0.0990246780647297,-0.25225020141101145,0.5831938928314401,0.44313511915633574,0.6550896242845726,0.8847804062488304,0.8883349946072339,0.076997978186489,-0.3049250222475008,0.803929289776465,0.9634260077714011,0.8564675897886942,0.4207691947211158,0.7702010025978641,0.5168242193162107,0.04776785997340572,-0.6022436621980762,0.6606539980436491,-0.25460601676740974,0.6659481719969496,0.009245849298842323,0.1550859072069616,0.7088604116649259,0.12018856473556912,0.8942235200463305,0.6927483893719732,0.8413149088099253,0.3603093595916561,0.8461603017167132,0.020103549280726093,0.46800083887678995,0.8844474509609258,0.7791914193846677,,0.5298560530754536,0.05823838612956679,-0.4396850126165121,-0.06623527242002558,0.807557313307355,0.4996969984299235,0.504537662772576,0.6098263577985994,0.9249002175563795,0.9235168538046638,0.917427737217008,0.8425962655736684,0.54197665693775,0.6984616423302681,0.590010036804292,0.9246876984842625,0.9380006125105708,0.8675877290211879,0.3993806250324382,0.8797992072127621,0.7856713439794243,0.30080987678678345,-0.4454784977119994,-0.7289243563052601,0.8866131026325715,0.5014812212173186,0.10790169541378844,0.8286581568724423,0.8423995346801377,0.0007715214879254589,-0.3901308249638742,0.9387081916117461,0.9158998569501683,0.4052027401741237,0.7917182608550227,0.9308827280435578,0.9555740592510553,0.6455372297400781,0.7908361871104977,0.1102429736806496,0.7182190895652837,0.7955565618760535,0.8228906804243875,0.8890569891727143
FIGR_HELOCUSDT,0.5490313446893345,0.2500565890929971,0.6395938727769157,0.16594469193368128,0.2832480114485378,0.17154230953191787,0.04044537027765043,0.1836016753153145,0.2627288079202553,-0.12392084480306893,0.2601154331317728,1.0,0.41452512305225736,0.26228346436018074,0.5724465110602662,0.5922174501764322,0.24118132941103437,0.2501723356807828,0.024041503532387324,0.6337213931461132,0.5092341414504173,0.2491461284461468,-0.08822989830508003,0.256133316446677,0.2547195355275584,0.2785732590343347,0.1317554307364322,0.6223870250696569,0.5529155644174769,0.03216949790752674,0.24414198545131244,0.13388296025010984,-0.22386091674054537,-0.5873719253295383,0.5380978286398886,-0.1417279618253761,-0.0032464138950175445,0.5139282179406157,0.2062859969230569,0.6500469831734315,0.7862399595573679,0.2859683234654891,0.32088620964514725,0.10838460806982522,0.005693501941292343,0.05856370763056629,-0.45730979187703336,0.19743086627872813,0.7043537980860877,0.03192369994734803,-0.13428717802407958,0.12647104766431932,,-0.49902894203644155,0.12071989138950531,0.597111376055126,-0.26448977132056045,0.40977804543698165,0.14842714225495476,0.21586479132239556,-0.41500749136788023,0.17264661385278787,0.01821501067152511,0.2366356981948132,0.26503141698234095,0.12398073298620464,-0.23239548304128138,0.1544362820455259,-0.0575549572092984,0.24952344062746082,-0.11271952607441414,0.502237568151202,-0.07097789403237117,0.508633646713302,0.5742732557108551,0.2855364362906642,-0.1178810310723321,0.2706943587984581,-0.3073100370774236,0.467489760018922,0.06609362795708047,0.35093025372963044,-0.8070172913783099,-0.9624554803945041,0.27177635348987306,-0.008098859870068198,0.7265852625541583,0.010108785568754742,0.1749319317610433,0.18824270440012664,0.3060493630090529,-0.24431202576934108,0.10978374304832662,0.6216708023975996,0.3503574746874395,0.22192036722022432,0.2825012699097171
WBTUSDT,0.5684612440067975,0.6515818759115496,0.30316014475986997,0.6827258119862487,0.44657182536827883,0.652099222418264,0.045134231671788885,0.2607555442086316,0.6581467915764145,0.4368349615822434,0.548401987767116,0.41452512305225736,1.0,0.6556462335468953,0.5982501860111462,0.05915393973831828,0.6445149507516471,0.6053886143547671,0.42718045930746573,0.5459493897084823,0.28787471794683556,0.5869765882758168,-0.009781004921190774,0.5803679587999707,0.6452829956433086,0.6691441729860709,-0.08285030503673033,0.2794767811701597,0.5723077896344712,0.39858566487086894,0.5223929574035591,0.3195464096667658,0.516439938249856,0.23698993956378642,0.36350324406854695,-0.10157179251782085,0.4596802922186084,0.23669129631208252,0.3389543700265841,0.44132114684120793,0.2125495008495887,0.5683504893055117,0.5254046362339077,0.2926944656319017,0.07611711054736653,0.5997032110328624,0.0852521894757889,0.557810734582383,0.5538171605068819,-0.08052459753410342,0.25490601377752886,0.2213168744844895,,0.2125707896179345,0.0683861756855536,0.20488063997372252,0.18827082066969497,0.7526712670255851,0.6511178269779306,-0.013603718888575105,0.3870384986869424,0.6506213638442566,0.5027840847643756,0.669678871759196,0.5117743674438475,0.615680256431446,0.03831991477736121,0.5161785895153105,0.4531241687390996,0.41230601324135663,0.22906942862407703,0.4916735264466238,0.21688088484399146,0.7331051355761639,0.41178640947434897,0.07681472282388507,-0.1184732748789559,0.6603308620630102,0.1946617814639359,0.4718183881283592,0.157174996260587,0.38682920730615683,-0.12730152659984423,-0.44501720959885777,0.4369051715178936,0.5025726077619999,0.5764801975910578,0.08357769186742173,0.6390468782620928,0.6133656201160866,0.5637334101179317,0.1885900255210096,0.3692824604308987,0.6730556964834347,0.39424877038879025,0.5721016947396164,0.6674939071090096
WSTETHUSDT,0.7241992619731766,0.9987774518846583,-0.06811940647842307,0.907991844916737,0.8487373914089844,0.9685331527398975,0.5063832626905834,0.43999612982191794,0.9994071359984068,0.8408986625972009,0.8994930172818356,0.26228346436018074,0.6556462335468953,1.0,0.7168592359110597,-0.14466657851466563,0.9989049524826721,0.6940317654665621,0.8377912371448144,0.13707307537788635,0.045904023826809526,0.8579751628362113,0.09983335689490172,0.6699179212833473,0.9986907014607158,0.9990184331515379,0.17241395767535583,-0.15705985075901238,0.7445499871480828,0.8258802073957653,0.8771357722676391,0.3490947559705766,0.824849313610509,0.6012677789048798,-0.032863283321564574,-0.24084839993453142,0.7000181174596417,0.029079258320291446,0.737513228232671,0.23845063605074338,0.06587053127405569,0.5792168495457499,0.11521903921633046,0.6869487494728717,0.5399620617379924,0.8280229091501512,0.2213276307180582,0.9414988957871198,0.12206558938802639,0.40960268710318737,0.7131098815370885,0.7175061888090174,,0.4013992645288256,0.03622500998041711,-0.20077155358407375,0.030839767701846786,0.9297337914643412,0.7654296982706196,0.3799586580418881,0.7295965704834518,0.9706108529141335,0.9452305332982198,0.9615522265006794,0.8401449748332296,0.8017901380435627,0.3727584588348941,0.745632883204549,0.8500494295036204,0.7854168338564883,0.7570688915218421,0.435774333167524,0.7203067184943132,0.928625823684857,0.5845483443571403,-0.3174143784212913,-0.5398269975166271,0.9979474121744383,0.36460336719377584,0.09348533160511195,0.6083792996004163,0.7368466234460325,0.1334443993013099,-0.38154420327559435,0.84782665758185,0.9156563429085325,0.4916886176821802,0.4918222824256103,0.9722721538420092,0.976880475339325,0.6332548627659611,0.5554086519930478,-0.0015790705804789025,0.7357688929721586,0.5446776617778479,0.6569014794291129,0.9985272829602816
WBTCUSDT,0.9328631007959083,0.7034246384901957,0.15272742642337267,0.6590043327474542,0.8126568398608609,0.7723971856850202,0.08818094917420592,0.6687649075091183,0.7138243410542877,0.640399176963622,0.7627833524381102,0.5724465110602662,0.5982501860111462,0.7168592359110597,1.0,-0.13055689524522723,0.7052886166175739,0.7625494558770755,0.7402754001137501,0.3379810209377481,-0.023386240853482287,0.39752724984501914,0.4659910180520918,0.8356632534765601,0.7017819163436797,0.7145210204323271,0.3283014250802825,0.18716148130931184,0.9367290461759503,0.6615740845213761,0.7230280409692332,0.6841311288811738,0.3762559438979249,0.10974606584626038,0.38373116487325126,-0.3621509528624944,0.7075943905048463,0.2739393587517727,0.3067017931806034,0.13526373206876233,0.498957234273347,0.47675524155355176,0.3758007272257984,0.4760192060226812,0.5989020139020237,0.5133457125356057,0.3605065855060789,0.7535008035132262,0.3680071667047028,0.4083932169193169,0.44500825800667787,0.6536690728899321,,0.1318244749354827,0.0737092762193034,-0.06420385227581384,-0.39255958959090326,0.7632826471900973,0.31767255602897665,0.5309763133260497,0.2536007696227996,0.7707491753408635,0.5790515531458772,0.8170143115829769,0.47565801582831607,0.3026886198843266,0.321380604434006,0.6077304873214215,0.6743978128202789,0.6915913987710727,0.5249971814448178,0.613295986088186,0.5213740659115382,0.7032121973399464,0.33871639242717955,-0.06844853539848164,-0.4691234363319011,0.7064381192332876,0.5167017354714736,0.5364958430699871,0.4519081166367141,0.8177281791996904,-0.14828744670880825,-0.7029023541755609,0.8038842766193148,0.5212073974118463,0.37817134583418693,0.48713527818491137,0.7693711976592987,0.7014186043612386,0.7648475068124245,0.3878225698248897,0.20481933675370953,0.9324740805348655,0.7966080019450048,0.7617979573254904,0.7244271521808733
BCHUSDT,-0.1630234074459017,-0.13901095255958634,0.8266101473985372,-0.13840081876336746,-0.3790221950544123,-0.3393956227716264,-0.08937171642074987,-0.6715022096034072,-0.13855795744933286,-0.6051919533594219,-0.40709853537279295,0.5922174501764322,0.05915393973831828,-0.14466657851466563,-0.13055689524522723,1.0,-0.15792123363568586,-0.5278429156758874,-0.5687653574085204,0.3551345201233045,0.8242255159141236,0.252573023876413,-0.7720654449999593,-0.28235729954172056,-0.12474358811785313,-0.11859549198669246,0.16069724734414928,0.5949226055877926,-0.16083775976878245,-0.5905125350748742,-0.27628925880113636,-0.3567212293273471,-0.48257320462567405,-0.6076834883119132,0.16905368197939374,0.5245518486719213,-0.4067504376303108,0.6624199962003442,0.023747255405111273,0.7504297115995926,0.3597131565088426,-0.31308818617014395,-0.04168479659991761,-0.4895538397300244,-0.5073148371522478,-0.3587364813853134,-0.8595006062215604,-0.19355468870582543,0.4870177477864205,-0.2012692068641282,-0.656787854012606,-0.332464290007678,,-0.8187652391404606,0.03293743240939863,0.8931640276743368,0.0027923078425386694,-0.02109152027701768,0.17237623063191118,-0.23582115940109505,-0.5079427945795089,-0.33670160383040404,-0.3763516189093478,-0.3018044076114438,-0.14049068137302329,0.16114971528909705,-0.8220031819464438,-0.1388245313237623,-0.6225817114613198,-0.42742915145191623,-0.57545194670682,0.06718220061457399,-0.584996645392619,0.13861272600509433,0.6619771545640698,0.4175262869593987,0.4396316472124222,-0.11844445153962026,-0.792520874211005,0.039586471976579385,-0.4683541533482311,-0.3335563240827229,-0.5275949475565896,-0.4755002939489715,-0.380311579372755,-0.3993126983942449,0.47557427022560395,-0.6540659147679379,-0.33720753758127914,-0.29731477555059416,-0.25883632765904646,-0.8185610782052132,-0.28736460522291984,-0.018401876110829003,-0.522495391595617,-0.5692105635981138,-0.1233535469937454
WBETHUSDT,0.7141029735914123,0.9985636799002688,-0.08850527514700281,0.9000618118608203,0.8507094330973648,0.9684108740180446,0.521738906257636,0.4405771576566184,0.9986878017910654,0.8451333500098885,0.8981750442033811,0.24118132941103437,0.6445149507516471,0.9989049524826721,0.7052886166175739,-0.15792123363568586,1.0,0.689980012924774,0.8424874929049596,0.11317008325748795,0.0353597276870205,0.8584656113176012,0.09926322887429945,0.657091071172011,0.9985861131839819,0.9977524286633361,0.16943534660066167,-0.16956114133640143,0.7346074985362037,0.8306354177908376,0.8850974099504851,0.33517400289249283,0.831437975775833,0.6199307618681452,-0.06233725394222589,-0.23355065862977256,0.695320032646294,0.020205988031383404,0.7490188589683359,0.22433370067967323,0.046353765250206125,0.5747780982271354,0.09743519494455846,0.6919780169126972,0.5469057830906244,0.822686362418471,0.2302609189395106,0.9405558002331097,0.09831947308692002,0.416502304670006,0.7233891619282534,0.7228320698742284,,0.4150992715984579,0.03443399736561321,-0.22050895061140632,0.03218899793819574,0.9221085030497667,0.7606058486051405,0.3900605222621994,0.7450112655702663,0.9703780219952778,0.9505872708028469,0.9589631483987063,0.8446518567478534,0.7988118589356834,0.37869564789296073,0.7544569548514514,0.855737634373891,0.7882042817368162,0.7670578132233713,0.42988311219010705,0.7271678745892157,0.9212283470067485,0.580517188310026,-0.3215724913825056,-0.5538437087337688,0.9969460443376408,0.36679686549236645,0.07242579609598612,0.6108177065822752,0.7405134828270367,0.1549114664914563,-0.3610682221417561,0.8502005115561944,0.9199003338369309,0.4781391508291599,0.49849041464120464,0.9726677867877094,0.9760153135597306,0.6246555131369635,0.5674582976260125,-0.01017625351541279,0.722094909113611,0.5421636251288179,0.653587585833111,0.9976908198689238
HYPEUSDT,0.7585654812761402,0.6829102447521922,-0.21857127515730218,0.6237977400953969,0.7560406017592429,0.8071633767075767,0.19278321165211249,0.8427242509966318,0.6921317476319715,0.7271014150927795,0.8443520376435589,0.2501723356807828,0.6053886143547671,0.6940317654665621,0.7625494558770755,-0.5278429156758874,0.689980012924774,1.0,0.7687819737507567,0.3706014117469925,-0.2434356494655304,0.32237428919261785,0.5678495821459942,0.6857351103227176,0.6680409787586808,0.6904153701149907,-0.2139368988455368,0.0023656334025323415,0.7616582608517666,0.7878739815706132,0.7399179786532686,0.48846665116501026,0.6719819768189166,0.42325757476964354,0.2978635526963098,-0.5710059356280737,0.5899798850904665,-0.17642575486222967,0.37723010514071315,0.0034085889589727716,0.18692588812023464,0.8370784650147913,0.5379934912337467,0.6973246295343166,0.45170804524981173,0.733180076966044,0.5400156297011565,0.6076191929818379,0.2938276610481969,0.08986535385661336,0.6883205662394599,0.46772040707904705,,0.6399820636120856,0.07790074234816828,-0.34384141649534145,0.053507299394220435,0.7176781150520033,0.3746869319102587,0.29578320879599324,0.5251090512353724,0.8039392764209394,0.6770470898447223,0.8109622978353597,0.6495116459058995,0.3507521220018133,0.6099349091967814,0.5738564814418149,0.803800050435611,0.7810829977854371,0.585915026152522,0.5271136019444796,0.6005281502667965,0.6309926338067262,0.009112916040232113,-0.13896728322485172,-0.558222263643777,0.6806306748749245,0.604075476712304,0.46692032640149855,0.5286794328002347,0.7189601487344988,-0.031476879318607355,-0.33450840537428816,0.7450193748619626,0.6878008225714541,0.37495815121477577,0.6224552584160951,0.7994358679160484,0.7569658960831516,0.7229109746555704,0.7340380488332676,0.5767740986949944,0.7404386908649007,0.8849435769408109,0.9879505496426769,0.6963803225974727
LINKUSDT,0.7702566207769196,0.8313717807582813,-0.42576780581379825,0.7329037438791056,0.948708027326387,0.914875342245329,0.4236594148085833,0.7467789768347303,0.8327649776918942,0.963488537145638,0.9153985550071824,0.024041503532387324,0.42718045930746573,0.8377912371448144,0.7402754001137501,-0.5687653574085204,0.8424874929049596,0.7687819737507567,1.0,-0.1595148871589295,-0.41844034673146413,0.4727551196656889,0.5759599238561702,0.7394481574928609,0.8290360156561304,0.8197140486312904,0.3027925777515754,-0.3929740171357576,0.7845237280400369,0.9581303271538996,0.8572268210948567,0.5802122032044444,0.7355298940947975,0.6387075243563766,-0.10347564900477414,-0.46146314132889144,0.8167688960884169,-0.18450283999929024,0.5229934100539908,-0.2600531700526038,0.02903116373531097,0.46925309602513526,0.00890947118523061,0.7600077172831909,0.853661423591018,0.7029151533229341,0.6322028307160655,0.8881841336497458,-0.20156916521692664,0.6365689308481365,0.8597693715102642,0.8801474593216073,,0.5600353685690743,0.010849741246890044,-0.6157059419299592,-0.2693773576731756,0.7104278176261619,0.35959030220496613,0.6383514348399368,0.6924044170225571,0.9152544989098463,0.8893635508450589,0.9078720748845059,0.6472883527458589,0.401835985595098,0.7009808559636205,0.6706910929939951,0.9777840522441297,0.8644783933712297,0.9281622735639087,0.35166825788481215,0.9010493970206376,0.6267134720489856,0.1675521565517101,-0.46545222291489574,-0.7218924276856514,0.8196052774572367,0.7359509521100405,0.07313563373602178,0.7555878573983601,0.8779095728095526,0.3327859939262486,-0.21129527778132667,0.9496711427177794,0.8426980352897575,0.06691707114917647,0.7859906823562328,0.9213792184283133,0.8841031146397575,0.6653833908513429,0.8019208216029131,-0.0040209230432461125,0.6766412408869256,0.769429959358478,0.7728727587775398,0.8268998962256755
USDSUSDT,0.2763963366322348,0.1261160689517981,0.6406859796026074,0.2657347475519251,-0.07876853311160784,0.125249724537911,-0.35923839489717396,0.03679148462163644,0.13999873083578807,-0.15206018539193683,0.0990246780647297,0.6337213931461132,0.5459493897084823,0.13707307537788635,0.3379810209377481,0.3551345201233045,0.11317008325748795,0.3706014117469925,-0.1595148871589295,1.0,0.510865906313224,0.1670733208594818,-0.15287930517113443,0.2812526028795109,0.11435410878660383,0.162863463682566,-0.4040958580316244,0.6506707628412249,0.26746188237131496,-0.13307859225073473,-0.02475048674717703,0.14003163371040878,0.0323396811731906,-0.3432852527540299,0.8020860130555432,-0.09547541356459657,-0.006096046568389601,0.3000130078220786,-0.10626225993471805,0.6625192099148317,0.4405377419443127,0.5165056912991164,0.827360906649273,-0.08351149782532072,-0.47246521941291025,0.27757242474104693,-0.26697637713813593,-0.021630759201063526,0.9511974366189424,-0.6014689752112512,-0.2586478590132302,-0.3731929882401648,,-0.10991472728176828,0.10278011486231918,0.6586548609313552,0.3579684093950463,0.39042444061151776,0.38270460442937604,-0.4639732808967855,-0.19568758668990668,0.12328963063390612,-0.08182567247718868,0.17084480099783464,0.1309427430986561,0.2920496065608846,-0.2681397613563069,0.015539548844205992,-0.11988321408739086,-0.021801414238503482,-0.3913401673953084,0.4000195115528946,-0.3342795604188048,0.3996466269714243,0.18386327351079093,0.40627952434094994,0.33430191679347687,0.14874966536094994,-0.1752654773326114,0.7333389595695351,-0.24149631522642076,-0.09392815516824561,-0.6239073054822396,-0.5369703545708548,-0.09656638853023458,-0.025363582422300777,0.691865936750116,-0.302718305504666,0.10215877396901168,0.10677004658624598,0.3164136383625967,-0.24649987841327575,0.6663486731062859,0.44766122357497995,0.16239601636078485,0.33564306027415514,0.15506515398305204
BSC-USDUSDT,-0.06715832314390159,0.05544848840967391,0.7954674429005324,0.061115872955764663,-0.28757825398891756,-0.1047766211229376,-0.10248435142262281,-0.5534630036227539,0.05571479986310662,-0.4260619195060623,-0.25225020141101145,0.5092341414504173,0.28787471794683556,0.045904023826809526,-0.023386240853482287,0.8242255159141236,0.0353597276870205,-0.2434356494655304,-0.41844034673146413,0.510865906313224,1.0,0.41423157113339565,-0.7525216685037616,-0.13745262681753284,0.061951535363542365,0.07779173501186011,-0.08203431675804107,0.6762076366032398,-0.06890202989681485,-0.45091522868474904,-0.07144356630181493,-0.32173337421550197,-0.1813356079267794,-0.3243921281387462,0.18683475476798056,0.5424019335832978,-0.2711715604943973,0.647406266678651,0.1303882010505912,0.8107276299899491,0.2279273725609009,-0.0304983319619391,0.2307185037221597,-0.3990179291163357,-0.5643184485834412,-0.13239860341015733,-0.6616466218404311,-0.07291924709999391,0.6269994913896736,-0.39067160801463835,-0.525266570949715,-0.3650093930350519,,-0.5037190040096989,0.03883684165082792,0.8366337059251908,0.2439091482518729,0.19813219070554816,0.41144830267629195,-0.3384256601282306,-0.19359113404944092,-0.10551721934465784,-0.19811605073615723,-0.08216164091384708,0.04227253339266608,0.3736383405718375,-0.7687356075162731,0.116846437580649,-0.42059264531546287,-0.3131669359581775,-0.5120524151477058,0.22446927008630793,-0.5472157277566556,0.3182956086798757,0.6425751780397894,0.49954321215149283,0.39531509565359313,0.07365428720026275,-0.6364630942741756,0.19368820909716117,-0.5056538592594098,-0.2556104151464815,-0.37443091955937546,-0.38691592816331144,-0.29275184565494866,-0.2077739582165184,0.5833741571591238,-0.652544984277041,-0.11276374749355102,-0.11007368819706405,-0.0697382650790717,-0.6408691016580977,0.02440149497062985,0.11830025620592206,-0.3843061712817402,-0.289029120099998,0.0748518997374077
