,BTCUSDT,ETHUSDT,USDTUSDT,XRPUSDT,BNBUSDT,SOLUSDT,USDCUSDT,TRXUSDT,STETHUSDT,DOGEUSDT,ADAUSDT,FIGR_HELOCUSDT,WBTUSDT,WSTETHUSDT,WBTCUSDT,BCHUSDT,WBETHUSDT,HYPEUSDT,USDSUSDT,LINKUSDT,BSC-USDUSDT,LEOUSDT,ZECUSDT,XLMUSDT,WETHUSDT,WEETHUSDT,XMRUSDT,USDEUSDT,LTCUSDT,CBBTCUSDT,HBARUSDT,AVAXUSDT,SUIUSDT,SHIBUSDT,DAIUSDT,WLFIUSDT,SUSDEUSDT,CROUSDT,TONUSDT,SUSDSUSDT,USDT0USDT,UNIUSDT,PYUSDUSDT,DOTUSDT,MNTUSDT,CCUSDT,MUSDT,TAOUSDT,USD1USDT,AAVEUSDT,BGBUSDT,NEARUSDT,BUIDLUSDT,ICPUSDT,ASTERUSDT,OKBUSDT,ENAUSDT,USDFUSDT,ETCUSDT,XAUTUSDT,PIUSDT,JITOSOLUSDT,PEPEUSDT,JLPUSDT,RAINUSDT,PUMPUSDT,APTUSDT,HTXUSDT,ONDOUSDT,KCSUSDT,WLDUSDT,POLUSDT,PAXGUSDT,SYRUPUSDCUSDT,KASUSDT,USDTBUSDT,BFUSDUSDT,ALGOUSDT,QNTUSDT,RETHUSDT,HASHUSDT,TRUMPUSDT,RLUSDUSDT,USDGUSDT,ARBUSDT,GTUSDT,ATOMUSDT,BNSOLUSDT,WBNBUSDT,FILUSDT,USYCUSDT,VETUSDT,KHYPEUSDT,FLRUSDT,RSETHUSDT,FBTCUSDT,XDCUSDT
BTCUSDT,1.0,0.862662471395363,0.16983350400112127,0.8035264901672261,0.8261104431254782,0.7009448449093694,-0.5477908856607107,0.8634405185032964,0.8700195722188843,0.7376463489331901,0.8827909409517629,0.47590880412945585,0.9010063221553821,0.8658841413601384,0.9960841506639069,-0.21179677393446483,0.8692286116315063,0.5528039613094694,0.39706830825726,0.8041746379413204,0.26655936372418554,0.0737308124115233,0.34951415849316586,0.8274538962791311,0.8703192559678654,0.8689377595921282,0.5433571474159047,0.16560891612515438,0.8706193578090069,0.9979321005003553,0.7658355354771382,0.6429612291612531,0.6750327553040558,0.4882299639850322,-0.23440399727423147,-0.03662426604266632,0.00031824008894864285,0.9140565034577319,0.6785279113163102,0.08151055512703186,0.16501286746715957,0.8278754732302196,0.18120861043865277,0.6738946583686647,0.7216437132722185,0.5957712039613554,0.6284855034582326,0.6053673348557347,0.20681484861972538,0.8151543438408784,0.46597155089831693,0.8206537183902932,,0.6521035096581054,0.6190193596939213,0.7694828538639036,0.5157280431482882,0.029389373327588862,0.7678937531548111,0.5589979642646004,-0.11957525867264815,0.6849133696148001,0.729692064408551,0.8006726702985529,0.2843784698170792,0.5635858923104372,0.5704863231951769,0.8873560469279732,0.7866007182960966,0.8422494719329555,0.48194300305258175,0.7027066511498984,0.5439510785816125,-0.1984609013233544,0.46157658258564116,-0.00540244759405117,0.0912483801950427,0.795084010305526,0.28574457060592134,0.8607495992997974,0.1918238298827125,0.6267413614778851,0.48957434751691425,-0.05403097207881076,0.7470687508986167,0.8195900261024104,0.20452103673728556,0.6845483723766455,0.8267477517641547,0.5403591152031055,-0.6044387673698375,0.8913164676358727,0.5526284522845548,0.777427613975943,0.8690817557051488,0.9693675833483378,0.22647310521355674
ETHUSDT,0.862662471395363,1.0,0.09187803990866539,0.9033269566403902,0.8613018271105866,0.8457754918828317,-0.21214703587372602,0.6885747527420482,0.9875934422211391,0.7992619585350363,0.9184192552471049,0.346364652660637,0.8688321618098109,0.9871637606071799,0.8608786729808355,-0.1169525582625718,0.9868912019129008,0.5246894555176876,0.2820067308375018,0.8287885841579034,0.3643576920464678,0.4865339866357262,0.034989274162477574,0.6775259696587641,0.9870589115030403,0.9869725358863355,0.4138835004847012,0.041238791186867324,0.8864788241058845,0.8770035573961938,0.4711366491723317,0.8539272045290941,0.8757628827126203,0.7256904080463525,-0.4199697111755058,0.07773155903676504,-0.03141916040462476,0.8231896391239102,0.8567071222057369,-0.16109071391623436,0.323684301169673,0.7992144255437802,0.029815656248662267,0.7506059479500331,0.638903093795105,0.7430820025469433,0.5149552201111611,0.41983592619727056,0.10749383980518082,0.9176991144105693,0.4493223920101909,0.8525917909691256,,0.6937295115981198,0.682687104058218,0.7855234065603612,0.7619621480917282,-0.0023075402239842026,0.912108503780381,0.74008644246155,-0.09303208915252191,0.8344986253438667,0.9159480300318515,0.8959857692781733,0.6379926614490077,0.8165304186694584,0.4863741626771121,0.8883379682655091,0.8437402121858845,0.7691176427564305,0.6115151159283988,0.7506573597957381,0.7710221422780467,0.15115871531617464,0.7063403574942414,-0.10392283854067415,-0.06531368542821797,0.5907326484818498,0.3839796287317223,0.9845801053559271,0.23713045308359856,0.6524980119637427,0.18398310972773332,0.15840282218183108,0.9187760248685756,0.8192198445030547,0.20371763913107008,0.8396833138693269,0.8638911636233378,0.5801396238639379,-0.5948366341939998,0.9792615438403316,0.4955916258321294,0.684642030620394,0.9844389817302387,0.8549407351413946,0.5187953765896514
USDTUSDT,0.16983350400112127,0.09187803990866539,1.0,0.17027232283740198,-0.3240163154229111,-0.173228497887734,-0.6475688361481168,-0.18435117292884895,0.09231246215298415,-0.3478366676927771,-0.1714787424861763,0.6890218703770693,0.408723150980287,0.07844587554720482,0.2209946990332338,0.7960840265602939,0.07654756037857813,-0.3148135903147033,0.6674593850428938,-0.34950673528801207,0.8517879276900827,0.06720098586133039,-0.5674420334453684,0.16470876977525853,0.1020179422433327,0.10978252412544387,0.22254102616849208,0.8380025881631294,-0.27441016240297045,0.15347954332247318,0.1418994226264756,-0.3259310364945627,-0.19718921838540263,-0.3747342886839785,0.23285332721142524,0.6024991268957136,0.8350068183298778,0.09244682295832449,0.011632574037476568,0.3466757826741342,0.7359795629782001,0.12410711292922878,0.38633414184943893,-0.4392062218404059,-0.3972601094516437,-0.17521620397510354,0.24337046763032122,-0.32966142730127546,0.7613995909109592,-0.018518144732442867,-0.34698252996223705,-0.2857295821531754,,-0.36746895265048124,0.3388748507636824,-0.2921960068077028,-0.27033231814909975,0.8743487542007526,0.39341376278137397,0.09162470684544131,-0.6677812023539825,-0.1830231863514555,-0.25325925666861454,-0.07251674940937414,0.17845835709356528,-0.2023373139528556,-0.6673094470721952,-0.16414990456812817,-0.35855339193646724,0.4023365379623941,-0.6539436772566193,-0.4904525054203858,0.15595841961184118,0.27368768954343364,-0.08308640995033292,0.6327301493442908,0.8403685927699089,-0.18794586090248228,-0.26229196533508276,0.10083281535096418,-0.22848974032584943,-0.500548752563346,0.5598701093040247,0.2752918772189878,-0.22321231364508567,-0.38855928823999436,-0.8590820557511697,-0.20311176228377528,-0.32179161116537985,-0.6678747946910684,-0.20330866953536691,-0.016817638418702905,-0.33946672805118117,0.06305340933119147,0.10658100849974382,0.34359973066932364,0.3616885040971937
XRPUSDT,0.8035264901672261,0.9033269566403902,0.17027232283740198,1.0,0.8013806794287767,0.9292924627076987,-0.17958581633703255,0.5000872006832104,0.9084891172493078,0.8337790715116233,0.8354148291664989,0.33445646148335134,0.7470807298316973,0.916726179892302,0.8041415535289032,-0.11694088025279037,0.9008381324174246,0.6209436152311012,0.3663221906612357,0.8034516969359589,0.2718926042543569,0.6240531979211293,0.08282080476308214,0.8427526969061253,0.8959154182336168,0.909819937785988,0.36569042487502057,-0.003720027169677849,0.7607434707829699,0.8167781176355313,0.614787656985516,0.789615784190481,0.854805848221483,0.6518499062668097,-0.09373395580378117,-0.02528302603137894,0.05944233312940492,0.8524715583619092,0.5892445641300403,-0.04137083624223058,0.31321261242171305,0.609937619342977,0.23733970709134816,0.5894325108847772,0.5279148848308631,0.8529402576947858,0.30118447900840234,0.40128942674570484,0.25887170599940296,0.9405961708000631,0.358464330559335,0.6508839359816869,,0.5422085094665935,0.462758563414359,0.6851359792712429,0.7146797173263432,0.02496553319035716,0.8286370023823475,0.9054866860313553,-0.0990382087180336,0.9252750181105819,0.8692546058840142,0.9601157537914511,0.7660749583179159,0.6892666130322875,0.38946080476521794,0.7046442903579362,0.8155372608285041,0.7028225784242585,0.5912000968040432,0.6567563715224054,0.8568917680038284,0.25822730180660214,0.7139086959032638,-0.19475373767154006,-0.009673106963593912,0.586862776354838,0.3140090969331156,0.9095115158930462,-0.020026808687144085,0.5460857608038997,0.3548744583773416,0.25526925801401773,0.856996020448145,0.7217303641681291,0.19091513117044093,0.9201715216409546,0.7971860730854923,0.468027792150127,-0.32767384990399206,0.9008235691275357,0.5857752828891696,0.8563495312158759,0.9034216085497512,0.7533239553923953,0.640137672978132
BNBUSDT,0.8261104431254782,0.8613018271105866,-0.3240163154229111,0.8013806794287767,1.0,0.8688184238913118,-0.02540663194218908,0.7833714647102648,0.8636782358120965,0.9425345238286338,0.9572088654471993,0.09981314450416257,0.6330659414390608,0.8715073111440802,0.7961246599592487,-0.4976961215186463,0.8687277552668412,0.6584799296573345,5.5662923380602906e-05,0.9742145271583182,-0.11739484053598973,0.3103900678192839,0.4534143816275663,0.7078282100640445,0.8571545259142446,0.8545959458008463,0.4199370628893477,-0.36054276039111854,0.9728570099688661,0.8420186582997924,0.5859917000166593,0.8696113945116658,0.840145081251424,0.737280965395529,-0.3587411817619948,-0.3034170304090126,-0.3893453777410341,0.8296177022243005,0.6939568732722171,-0.14721631971471177,-0.10985795003930884,0.66409399901058,-0.09787861802491014,0.8816465855843593,0.8681951657927593,0.775657172516104,0.37027383822810983,0.6151064934697716,-0.20748474642067105,0.9000962049010444,0.6683252559802633,0.9134893073369408,,0.7483871902301268,0.3904231348108621,0.9274599970568844,0.7254201288774946,-0.3927116742040207,0.6207387311266932,0.6449696012484378,0.25069582638488547,0.8633451958269063,0.9385259297833916,0.8914945175807135,0.42024323986614637,0.748891388191345,0.8163613835101031,0.9119323620916614,0.9671791403671639,0.5401757075949534,0.8791945440287943,0.9581535130002029,0.6125538529898347,-0.07156598907628516,0.5881723167701637,-0.43910680734698715,-0.3819012679618897,0.7510486237232922,0.41921259999722105,0.8554798907980202,0.21607100840555848,0.8849670224334976,0.05696050805012859,-0.05389596800916322,0.9255504711939445,0.9793325849898662,0.6277449793209529,0.8741336682477747,0.9916033594083152,0.8240326673739318,-0.47597463113436966,0.9221106768325416,0.6513902806932804,0.7141316096563515,0.8528490175016727,0.7063840138520764,0.29294159316194185
SOLUSDT,0.7009448449093694,0.8457754918828317,-0.173228497887734,0.9292924627076987,0.8688184238913118,1.0,0.0511460666940374,0.5259236714487653,0.8508872110672684,0.9373278572411915,0.8575045822093224,0.03987118868810214,0.5876553183671069,0.8637612267033453,0.6878212228304004,-0.4186645382354803,0.8479419632908446,0.7672762331353422,0.1605981798671489,0.8971814944662057,-0.022294199607760936,0.625551733932158,0.2575980797521854,0.7720506064752652,0.8326467210800861,0.8468993959858568,0.19995770270367869,-0.2533850285350919,0.8141686568910284,0.7181837152600603,0.5312329941558397,0.9113337145089513,0.9395955757616431,0.8133820026551734,-0.15065694453703674,-0.20432834319858106,-0.2074372833830307,0.7906629845289092,0.5493970992633342,-0.20784067471498985,0.06870350530697267,0.5545264469721878,0.17831993712962077,0.6963673865967668,0.5922003396942463,0.9164547359646595,0.1860898216807731,0.5308662482419239,0.036277575359730155,0.9135771642857737,0.38208766115359033,0.706559123301063,,0.6947594754870708,0.35077173526604016,0.7128299730611493,0.8439143768552376,-0.2770366194865857,0.684599813156821,0.8915396125519327,0.09519220260773346,0.9945969756146538,0.9345544142140185,0.9810286519480591,0.7305016968617315,0.7487183230165894,0.576554752098175,0.714290967573362,0.924654337201877,0.5825544439450745,0.7787529525479839,0.7680113811791298,0.805303272774837,0.1610565786840295,0.7982804755480117,-0.36172675311131247,-0.2952335200752248,0.6389486349397967,0.43364103534524956,0.8492699782538009,0.07891791835800513,0.64268160225729,0.193813006082059,0.18369627461105542,0.911921079054946,0.8151189119584601,0.44882754013067205,0.9942469116593575,0.8624610475832619,0.6906976032529231,-0.1692841844551728,0.8752533804730483,0.7405810121139906,0.8495389626954604,0.8422541992704107,0.5980487297051421,0.49171567246639836
USDCUSDT,-0.5477908856607107,-0.21214703587372602,-0.6475688361481168,-0.17958581633703255,-0.02540663194218908,0.0511460666940374,1.0,-0.4175559871372272,-0.21142511450929688,0.024080691450838628,-0.11356636690857291,-0.47215071503316414,-0.5930115155392419,-0.19175629993300145,-0.5806780579971083,-0.16828929904622947,-0.20709837480377663,-0.0033895720248725584,-0.5194753926979452,-0.05660183785559621,-0.4694002993401358,0.4660646563411591,-0.12491483323555658,-0.4687302410825262,-0.22432528029642868,-0.21829496123709094,-0.439455625441649,-0.7471405577377594,-0.12163120425535087,-0.5196361068681853,-0.5980127159726273,0.12698595864886814,0.07462857831387766,0.14503002021699685,-0.03657497369654613,-0.41548606249987496,-0.5744460197874054,-0.4676052725785967,-0.09982277991193966,-0.2643578822944654,-0.20646206836265937,-0.4053086744549227,-0.405625725240453,0.15811989085750194,-0.1237322656019355,0.1937017917040339,-0.4399172022997717,-0.3831446444349082,-0.49240397732605556,-0.11647103788907429,0.04587064308008246,-0.11357167216255386,,-0.10682985987597965,-0.40798640572781647,-0.06376239752845377,0.11291314723703194,-0.4641113891371234,-0.3294394698179203,0.06262980062118019,0.43546407146741983,0.07344644329155707,0.12298988215745646,-0.0883717448521074,0.2772354758384563,0.2335931782846597,0.13332564960099186,-0.20824828630558379,-0.017739242789789278,-0.6569115461155459,0.3801795489750425,0.13604996006672715,0.09034332929332527,0.4097124561775446,-0.014737875851877363,-0.6175240391988698,-0.6697264693903089,-0.46668611363950524,-0.11193311369631079,-0.20253664091039614,-0.1676955471826297,0.2192224964818815,-0.7670391717146614,0.28220692378754564,0.09392194361776551,-0.07602336852275811,0.502353731232014,0.08887689893576707,-0.028246114279868777,0.19578417537003306,0.37711065001933886,-0.16835892721370202,-0.037884090974923415,-0.35305287640637867,-0.22590761672196938,-0.6491923395161375,0.13118526852481124
TRXUSDT,0.8634405185032964,0.6885747527420482,-0.18435117292884895,0.5000872006832104,0.7833714647102648,0.5259236714487653,-0.4175559871372272,1.0,0.6894415735400554,0.6458839739610175,0.8368135692896885,0.27726568338802543,0.7411901993665876,0.682446536334264,0.8487890565528894,-0.49120439633441754,0.6967046697007268,0.6027577259053448,0.22914319130125194,0.7543170035055189,-0.0014414439512042256,-0.2278772124021023,0.565791762890802,0.5676054021214815,0.6907598863323682,0.6834430202508174,0.3143081397547352,0.028658718235172045,0.8769048685549236,0.8604652270342581,0.5719612360849344,0.5965996016956305,0.5847896236720929,0.4707463591250894,-0.3462164460338286,-0.24551489037553026,-0.3527268407447247,0.6995881198275267,0.6628936690810054,-0.012093018645987611,-0.09015625852645369,0.8587146406875373,0.08369300017056605,0.7950233960846907,0.7399641184882068,0.46463441132355526,0.7149305813770634,0.6848891629928431,-0.014281973113343432,0.5725839921429658,0.4129600620423662,0.88898651119665,,0.8034246712756676,0.5996590331136051,0.6982797300861026,0.45166330458496506,-0.22680955600320124,0.5274365061978387,0.27964000050098414,0.01249038237003363,0.5081583246127831,0.6270755792575641,0.6062948513108086,-0.02950651978883801,0.5565621327110185,0.7905107176479597,0.9134077866950557,0.7521282654987007,0.713152300530189,0.5126445136032112,0.7376159870195595,0.2787629020628815,-0.5040573155065902,0.30461659419769377,-0.03374032488839143,-0.1585542532809258,0.7808754345734293,0.25030009833354977,0.6738636936681429,0.37018432312986255,0.7077584602626583,0.32300002993333216,-0.18239246127578557,0.6637390105837299,0.8362633507287486,0.43777427308114314,0.5163818314701993,0.7841164724968744,0.7448085134002033,-0.518870146557549,0.7592576129374043,0.6220760482399869,0.574984896355491,0.6877782225353887,0.812638037123744,-0.21539743823273108
STETHUSDT,0.8700195722188843,0.9875934422211391,0.09231246215298415,0.9084891172493078,0.8636782358120965,0.8508872110672684,-0.21142511450929688,0.6894415735400554,1.0,0.8165810144915564,0.9217109076803334,0.3516889616961015,0.8687325635211943,0.9879364093904753,0.8636271999795186,-0.11992432936254968,0.9871060764391035,0.5343098910178551,0.28993738508435546,0.8311092048432597,0.36052871318879215,0.4888826130096294,0.041145031783152715,0.684765652065382,0.9869557998220332,0.9875183891435884,0.40932366342719856,0.03936221498826549,0.8876346644911454,0.8797578114354357,0.4774185070462259,0.8539029382836635,0.8781614764765379,0.7228259080818439,-0.4072942885988124,0.06664559591766257,-0.035411332769859,0.8253214538048832,0.8514705405960904,-0.1535774705204589,0.3247319641012762,0.8000863328601157,0.03962606694286286,0.7528508032529615,0.6374428454406463,0.752046778548474,0.5159931438430354,0.42009766256532544,0.11552009794550086,0.9195828298145886,0.4455410696918669,0.8514930126900158,,0.6935639973583569,0.6798349240158067,0.7841515308099186,0.7603162538912251,-0.0021790883768973454,0.9115566367149145,0.7476211917082948,-0.09476175484739192,0.8398161311387858,0.9177234534236131,0.9008646225389051,0.641981861386512,0.8178041309229797,0.49041536879439507,0.8884046115088313,0.8464294706364421,0.7707310034347676,0.613401505432982,0.7521959983270002,0.7764805645629145,0.1510111777777279,0.7039071439264303,-0.10837130636771501,-0.06600261178397678,0.5926487192136896,0.3758498042177336,0.9851122711810479,0.22687964085655682,0.6556343773215799,0.19258937293250272,0.16570562289897492,0.9210153690720749,0.8201106930865211,0.20876547603505088,0.8447046937155896,0.8659376891565448,0.5822213122477179,-0.5860938511884246,0.9810077473783232,0.5048139662254363,0.6931510233886843,0.9847806084864771,0.855586178959142,0.5181322342509571
DOGEUSDT,0.7376463489331901,0.7992619585350363,-0.3478366676927771,0.8337790715116233,0.9425345238286338,0.9373278572411915,0.024080691450838628,0.6458839739610175,0.8165810144915564,1.0,0.8738560165381316,-0.07528961987884558,0.5260789917562334,0.8150088780716304,0.7105338142765404,-0.5829348192808194,0.8058874839700942,0.725445363090348,-0.03967490509665923,0.9754516075953056,-0.2170940053370579,0.4122444563784644,0.4767918813996326,0.7772401167505273,0.7898500892986673,0.7934351734878728,0.3511738244567401,-0.4003240128234652,0.8853458506028554,0.7536282037186813,0.6280915564954231,0.8912510687232281,0.8658827304967656,0.8066425918603842,-0.2491794274181285,-0.28363458022287996,-0.3206938431575252,0.8416010226339902,0.5302908681296026,-0.2153187003574396,-0.18662664650990635,0.5182463504895867,0.012684673600714605,0.7502961264352085,0.7959721199650212,0.8087250283015278,0.1597434031012063,0.686011046320539,-0.1956080289542911,0.9065363711261392,0.5945920636633513,0.7862602298651363,,0.7253790872854282,0.24910510558528923,0.8530621110936729,0.7974583597202991,-0.45438619551005227,0.5522340567732441,0.7296437601578064,0.2847532873711517,0.935104156247998,0.916543929532302,0.9322931015060554,0.49821775210761865,0.6624126569131125,0.7378375011937061,0.7736518847280734,0.974133342564645,0.49742018961625933,0.8858557133991614,0.8844175608996595,0.6311454212263616,-0.029182244677994972,0.716292837590886,-0.46267355750675443,-0.3950523308989513,0.7797559024826423,0.533999625357304,0.7960306021792027,0.18257409276707376,0.7578672650623804,0.11002128467018603,-0.07217839572889034,0.8835315367639718,0.927929174760148,0.6075744441782278,0.940353411681498,0.9390215452040122,0.7917116247301144,-0.27916902640298025,0.8523276043628807,0.7212365417697968,0.8107381213790236,0.7920763327471391,0.5989851399063013,0.34820910022821877
ADAUSDT,0.8827909409517629,0.9184192552471049,-0.1714787424861763,0.8354148291664989,0.9572088654471993,0.8575045822093224,-0.11356636690857291,0.8368135692896885,0.9217109076803334,0.8738560165381316,1.0,0.30398676283375786,0.773323805470979,0.925957842681148,0.86479321652557,-0.377278650360311,0.9234054681316003,0.707131545600134,0.23472278275484557,0.9143609714817612,0.0762699009358937,0.3226507712159868,0.3436431094033167,0.6901977044163825,0.9139747000090576,0.91727757603071,0.31044890490749927,-0.16503240979642164,0.978658038300631,0.8962488134696088,0.53122761132626,0.8555809601022034,0.8722944139494972,0.6860295828503136,-0.31551918936613443,-0.27702012107766255,-0.3533256580558425,0.7971140828489699,0.7846425864603493,-0.08013929974902044,0.10909186448128155,0.8271787079349864,0.04561805688099423,0.9183919786081055,0.748672136931382,0.8262839487085826,0.5710644462311836,0.521606062888209,0.012883375134927776,0.86914326965999,0.4956564544207133,0.9379862006174657,,0.7880007276295468,0.5833082859500017,0.8345228956248355,0.7027376244114976,-0.22028693483312398,0.7500270132843909,0.6931427964184587,0.0481301594820883,0.8490926675038613,0.9348405349499787,0.8969986344273844,0.48540917056624416,0.8406058118605882,0.7687261105098508,0.963452564397279,0.9292998639905257,0.6906070428692247,0.7559771631053286,0.894894341131848,0.6958088031325063,-0.055137367898113306,0.5599311332313495,-0.28733933967958536,-0.27336600980821857,0.68197389731892,0.2661007810776502,0.9148508547674179,0.1808329112357797,0.8522584144197344,0.1823783956230883,0.1267754775798726,0.9495255821902402,0.9290574025327556,0.5143651213696057,0.8571002327586037,0.9556290053757874,0.7898562285767399,-0.47742283204619484,0.9733341505394169,0.687394249204279,0.7250013287771628,0.9139413403924648,0.8035422131918217,0.2654181355403319
FIGR_HELOCUSDT,0.47590880412945585,0.346364652660637,0.6890218703770693,0.33445646148335134,0.09981314450416257,0.03987118868810214,-0.47215071503316414,0.27726568338802543,0.3516889616961015,-0.07528961987884558,0.30398676283375786,1.0,0.5939834926415811,0.34393885433648086,0.506400481249354,0.5808339031214351,0.3383555653704449,0.029731145587335705,0.7708685497241543,-0.03118836527344937,0.6854862774662497,0.01753194850719176,-0.24657182683312812,0.2541200535660524,0.3537188778940246,0.3658465006543371,0.18357986721943514,0.5370772825134732,0.17519030074961564,0.47456101051672533,0.22138265947722588,-0.10607435520075834,0.04253762545608705,-0.3410542199106922,0.22605077491288625,0.011935700407176387,0.24080626882648146,0.19952188120009112,0.3330283647756442,0.543350755839902,0.7193837213540382,0.5208200736550819,0.29470730920132276,0.18930863682022,-0.061966598908410025,0.22079172272163416,0.6880394220332469,-0.3143352961216998,0.7010329074199266,0.17227177746317743,-0.1167749274179484,0.1797461910057471,,-0.0850530844744925,0.5241737970631054,0.04377143867217158,-0.23702773968351806,0.6759146300790824,0.5167571436650252,0.2364888309798764,-0.5504262324657688,0.032330283862699045,0.09396542048287884,0.15487487075962575,0.20194653113256633,0.24257299854817777,-0.06615173210277567,0.31645915504363614,-0.03131675251637432,0.4877422864241838,-0.26200163792207215,0.008801376534723862,0.36292341791956656,0.1416953673354666,-0.2727224780490293,0.27880328398896026,0.49980775959891094,-0.06391381661563561,-0.5966579247329002,0.3565903585749247,-0.3533492201696029,0.1500511605195043,0.48958828798102794,0.4875368484789751,0.16814838018275624,0.007806571031473794,-0.30617100373505163,0.02382710707666124,0.09866410102863181,-0.19770505615045852,-0.35357933177620987,0.3380894346769497,-0.01181625748293317,0.1805434802965512,0.3559274611410639,0.5652528412093206,0.19532440648741767
WBTUSDT,0.9010063221553821,0.8688321618098109,0.408723150980287,0.7470807298316973,0.6330659414390608,0.5876553183671069,-0.5930115155392419,0.7411901993665876,0.8687325635211943,0.5260789917562334,0.773323805470979,0.5939834926415811,1.0,0.857047086187698,0.9163815750360434,0.06452628288371266,0.8651032611751269,0.4198042229322477,0.5731674440409676,0.594523450301893,0.605876606412393,0.17486548217594644,-0.016878467625775332,0.6346398162995887,0.8738288131027793,0.8741103708540673,0.3851757724981225,0.4637412709355471,0.7300322822899262,0.8952626919748168,0.5030612696576799,0.5874181236794632,0.6527675806671022,0.45656300093883756,-0.31373118174934567,0.2395819812427428,0.19414261932464805,0.7512563404123823,0.7871678319711883,0.013444835685724141,0.488586301698741,0.9042128784751498,0.2532054611955484,0.5588749782358426,0.4438486768794477,0.5062022446503088,0.7398755764580884,0.3834964897596017,0.410817467909904,0.6944985725460916,0.19341489417833282,0.7288844669608066,,0.6135121485580127,0.8443686873870827,0.5491300281832873,0.5139906152068602,0.2972622012097431,0.9115352004544167,0.5384039937768335,-0.3863864582948609,0.5676311785122411,0.6405175289053348,0.6922585760535529,0.4008071825186251,0.6160488209881736,0.29622480149175573,0.8087089133234033,0.6096741723324088,0.9421149389726978,0.2226472715383159,0.47507631516801996,0.5914192748050628,-0.04642837939245945,0.5040625615219873,0.2822249147381068,0.26919012521216445,0.5572556899014643,0.21266204835143615,0.8635367507517052,0.24944929241806518,0.3993115089297284,0.49091976191613385,0.14338195355785263,0.6779808581840705,0.6144121798640303,-0.11438808317280422,0.5653080946541305,0.635872370241199,0.3549530850200012,-0.6204262552668557,0.8426377407617481,0.4019375258267986,0.6203444941849982,0.8743335610615727,0.9657547146929928,0.2893829997484187
WSTETHUSDT,0.8658841413601384,0.9871637606071799,0.07844587554720482,0.916726179892302,0.8715073111440802,0.8637612267033453,-0.19175629993300145,0.682446536334264,0.9879364093904753,0.8150088780716304,0.925957842681148,0.34393885433648086,0.857047086187698,1.0,0.8536808868611412,-0.13016810241360363,0.9868193162873106,0.546023715963426,0.28317658978293897,0.8395178119747746,0.3427815535885021,0.5039614626109574,0.04992083639664404,0.6917579745378583,0.9859340725111336,0.9872149445316915,0.40441381072059446,0.017013013030815594,0.8901348261004071,0.8765262393416444,0.4811840886169782,0.8606361096869528,0.8854619478106516,0.7273345160454114,-0.39457819287094253,0.04679535003298535,-0.04870432758677431,0.8267094384347505,0.8425030354632161,-0.15178985958668914,0.31615788444935167,0.7898077762537908,0.039936372374457206,0.7584405795021636,0.6410710940563202,0.7685103013143904,0.501870811354645,0.41931305196552043,0.10980056184643447,0.9271487498476655,0.45126469410828024,0.8497450273155895,,0.6913882960002558,0.6635352439129987,0.7890732344660168,0.7650579178227886,-0.015529566831015288,0.905214213074006,0.7615441873067973,-0.08208284492548083,0.8534295360898504,0.9267585647605233,0.9106401619900871,0.6542465704547118,0.8225069860890165,0.4997607852044479,0.885775688672124,0.8549412839938229,0.7591535071887578,0.6298898054737658,0.7618057045059957,0.7865684439699329,0.16029136816777617,0.7064652534943152,-0.13129962169858841,-0.08116196425741623,0.5928173387330126,0.37278650007824904,0.9852115560725319,0.21229454666920994,0.6663485723904374,0.18710448717576908,0.1732826645533784,0.9287263510055268,0.8252430897699184,0.22736382463603294,0.8582674445224747,0.8733710227842427,0.5902579678121047,-0.5713954731683815,0.9830398285230785,0.5157273997384124,0.7020686622540381,0.9841215780990185,0.8456778322135486,0.5267023490931977
WBTCUSDT,0.9960841506639069,0.8608786729808355,0.2209946990332338,0.8041415535289032,0.7961246599592487,0.6878212228304004,-0.5806780579971083,0.8487890565528894,0.8636271999795186,0.7105338142765404,0.86479321652557,0.506400481249354,0.9163815750360434,0.8536808868611412,1.0,-0.1779021827525086,0.8617685410621618,0.5489862298159763,0.44481091578839016,0.7753172148247983,0.3079552808908951,0.07408045859467528,0.3211189814330059,0.8298491341769803,0.8636544918859672,0.8637000218365558,0.5267249198321989,0.21970839943917425,0.8451952654290974,0.9945980492849262,0.7642605943825715,0.6212511797836988,0.6635039011329077,0.46637229297963095,-0.20816934997452635,-0.010141003430061838,0.040611084367851935,0.9060586540424019,0.667050487197283,0.0976775704479988,0.20601712358996757,0.8344985148624935,0.22429242519043743,0.643352256162759,0.68026386670498,0.5874931368163238,0.6419964919333728,0.5883140611638636,0.2617548914472088,0.7988477248004869,0.4192060563631066,0.7948083355935767,,0.6379345891762344,0.6381553311392916,0.7316916136668244,0.5005751887434056,0.07615889914084448,0.7813346818814539,0.5636422886994207,-0.16599851001213983,0.6712829508167345,0.7061753723171171,0.7908976516457566,0.29273101916397515,0.5495694280021122,0.5304026292030509,0.8678564042225433,0.7605231963628178,0.8666553629281262,0.43490192165836555,0.6619807158458788,0.5489017323172009,-0.19190937324194363,0.4578398575777888,0.03974241965370008,0.1355832685326747,0.7795009038370478,0.26473799972198986,0.8548189125835206,0.1782359062159228,0.5854638125481401,0.5312698075224018,-0.02917296688347432,0.7266835751851641,0.7869307248739965,0.15504561360799177,0.6693059057969165,0.7963601458734306,0.5047951704017335,-0.5891987704243543,0.8797533238716321,0.5474838556484506,0.7822569837416523,0.8637241079127638,0.9774811481474603,0.22806127114459498
BCHUSDT,-0.21179677393446483,-0.1169525582625718,0.7960840265602939,-0.11694088025279037,-0.4976961215186463,-0.4186645382354803,-0.16828929904622947,-0.49120439633441754,-0.11992432936254968,-0.5829348192808194,-0.377278650360311,0.5808339031214351,0.06452628288371266,-0.13016810241360363,-0.1779021827525086,1.0,-0.13124663491693594,-0.6655532515310147,0.3352910050177032,-0.5910496331476627,0.7841670384234987,0.19113942188856492,-0.8423109941467923,-0.31744106330826777,-0.10309108598922608,-0.10449883869676041,0.1186742851484616,0.5377799051618968,-0.4699159557872596,-0.21587433802318956,-0.34555892822953066,-0.4718060577674595,-0.3919834396930514,-0.5176633695994491,0.08356572921540004,0.5481454105186825,0.641111583027388,-0.3149693390546292,0.012217718642009172,0.27723422429278616,0.7343717724549883,-0.1478643366352926,-0.05827521400356497,-0.45517757503889233,-0.5237275914054232,-0.3370525178436779,0.07518417628745325,-0.7744112867079554,0.4465755335531575,-0.22985606170173095,-0.26896636377472094,-0.4214992512542011,,-0.6389361087682532,0.15398490968728037,-0.37962690459034504,-0.4374704251429198,0.8024138722762187,0.18069134932108197,-0.12330284714782955,-0.4787906336842475,-0.41870624832072717,-0.35782396875820216,-0.36299449984857224,0.17405621816029748,-0.1800858624641707,-0.761167809827394,-0.3430200384769681,-0.6009675169599564,-0.06720736095251525,-0.6335142028423033,-0.540589112340673,0.047826317561014096,0.5535804494100265,-0.3261634474376175,0.4016623563822836,0.6170841680765013,-0.6459981253292911,-0.44980444839504136,-0.1052581133253391,-0.30158677714392496,-0.4534285913174193,-0.00839974791070501,0.3867297992679924,-0.33451418200759203,-0.5872142032111954,-0.7647210738095293,-0.4249608671012664,-0.48973796132049296,-0.7781284189785188,-0.22942483801466138,-0.2284398895695034,-0.7099529640225043,-0.43136802602959434,-0.11132658939293717,-0.037116713640806306,0.447618016230999
WBETHUSDT,0.8692286116315063,0.9868912019129008,0.07654756037857813,0.9008381324174246,0.8687277552668412,0.8479419632908446,-0.20709837480377663,0.6967046697007268,0.9871060764391035,0.8058874839700942,0.9234054681316003,0.3383555653704449,0.8651032611751269,0.9868193162873106,0.8617685410621618,-0.13124663491693594,1.0,0.5304350160856983,0.2725600871013953,0.8363901794964669,0.35009338028850534,0.4797085619776341,0.04897782533306474,0.6780683564892434,0.9865020072148192,0.9861726185192486,0.4144993681919134,0.02901037023584918,0.893602833974013,0.8789132973006039,0.47406643771827345,0.8581545303007859,0.8777874695589513,0.729839770987175,-0.42354950950803755,0.06651185442568036,-0.04516439263386713,0.825096846832666,0.8571837905566401,-0.16346600624863938,0.3098772638921537,0.800039243177741,0.023900767091408055,0.7593608881229632,0.6493809936277662,0.744889096196288,0.5147217957367749,0.428751855995449,0.09551292000479444,0.918881960586733,0.45791809965702285,0.859876950324608,,0.7007777928896948,0.6783068927212037,0.7931379975286529,0.7642192264095676,-0.016272682294742876,0.9059153708782712,0.7367096941105664,-0.08206682200208025,0.8367076279217471,0.9198118080845169,0.897530555696641,0.6305061893603433,0.8184468629048367,0.5003912983103216,0.8941384997515311,0.8508835079962535,0.7651889210982409,0.6222474519799459,0.7606802780838893,0.7664700563926221,0.1416556343850954,0.7050115218881339,-0.11340611979160407,-0.07720967698831711,0.5982553716018053,0.3877282752656569,0.983836048689722,0.24143273181031036,0.6630324637234906,0.17852717831759693,0.1503716676854362,0.9223855964497549,0.8282361677674157,0.2187284759007336,0.8422183956524713,0.8713038903743789,0.592178395542041,-0.5951030172922098,0.9810263820127196,0.50213045009686,0.6855946326328974,0.9837312585820231,0.8536260706279586,0.5097322280741831
HYPEUSDT,0.5528039613094694,0.5246894555176876,-0.3148135903147033,0.6209436152311012,0.6584799296573345,0.7672762331353422,-0.0033895720248725584,0.6027577259053448,0.5343098910178551,0.725445363090348,0.707131545600134,0.029731145587335705,0.4198042229322477,0.546023715963426,0.5489862298159763,-0.6655532515310147,0.5304350160856983,1.0,0.34808898990238885,0.6989956070871147,-0.26143456950567057,0.22871344316342132,0.5575418355238105,0.637760146092003,0.5043271410819522,0.5315879476075553,-0.23029242852382398,-0.16416425112420968,0.6542355678166443,0.5618815992975934,0.47325761959060064,0.6690387515647964,0.7425874434504527,0.5629282203467899,0.1662534428417377,-0.5417954987485555,-0.46421364964953216,0.5315787362192884,0.2609805616249001,-0.05304820661013524,-0.0768775083199871,0.5734139697438633,0.5136573726820116,0.6443604730320753,0.35985613909242586,0.8274470217088671,0.323119930983869,0.585105215622792,0.21535365532954823,0.5263757313138329,-0.007632140545977679,0.5633045512169828,,0.749587612851334,0.2902081798211796,0.3662056283859692,0.5909177625980812,-0.34930563147211197,0.37244243685187095,0.673489725715846,-0.004312322015665569,0.7659438226610419,0.6441926596588332,0.7456090989705643,0.38942448434607013,0.5780708939872391,0.6868327536798557,0.5773146712419065,0.7571655423723441,0.553734007305601,0.563485839873453,0.5757993165581161,0.5393688531455508,-0.2398448253557721,0.4962934463411505,-0.23449944358174388,-0.34166594578813114,0.6099972400055612,0.13058517561486324,0.5279404154914603,0.0030213843658373784,0.5265375151466792,0.4369451736819375,0.22700903835326963,0.6659618223627783,0.6425607383877208,0.5538803690344044,0.7594075878171612,0.642956354310173,0.7470252426775955,0.23205286111690523,0.6175746463177748,0.9690651262106739,0.8084357234496948,0.5283335913002433,0.4320009221505462,-0.09826940754473279
USDSUSDT,0.39706830825726,0.2820067308375018,0.6674593850428938,0.3663221906612357,5.5662923380602906e-05,0.1605981798671489,-0.5194753926979452,0.22914319130125194,0.28993738508435546,-0.03967490509665923,0.23472278275484557,0.7708685497241543,0.5731674440409676,0.28317658978293897,0.44481091578839016,0.3352910050177032,0.2725600871013953,0.34808898990238885,1.0,-0.04071621993188756,0.6077589194350463,0.07483838427717995,-0.17209211029522042,0.34627955934253984,0.27711393033250714,0.3064440246860644,-0.1902210309138554,0.7000630394440515,0.08483529351673241,0.3878449541675512,0.2333411156666679,-0.013599699407349598,0.17985871679725296,-0.16742021690990752,0.4107296813154094,0.031429032848365436,0.2864065695641018,0.18558746138289023,0.15392710878480584,0.38993525630102793,0.6970139525499122,0.5351721289294743,0.7322788523755009,0.05787572064313698,-0.2982414554291446,0.32757301492324475,0.5955498169430212,-0.10198766646629151,0.9255720365660444,0.09481851811712576,-0.5184085692014121,0.05703214502956693,,0.11724455083894816,0.5473225896351258,-0.21599767852193416,-0.0444203524863064,0.6227924695933023,0.49519576845676644,0.3847444828082919,-0.6997902421389806,0.15157364812132024,0.05256558890419766,0.23698286028133392,0.29874580461670774,0.20922016773961907,-0.13810824658369886,0.18520228047203394,0.010893090856194247,0.6600247127507702,-0.3644126977823351,-0.16820104363721466,0.4044611700978652,0.021624504009107173,-0.0010478443132008626,0.4767690507114511,0.505760912822373,0.03209973590090467,-0.4557369671196469,0.2938346272404831,-0.2874916967687648,-0.11475336729111418,0.7723522255850536,0.5615717310544563,0.1290238864603155,-0.07096075987736142,-0.3893274816322229,0.1307199924855373,-0.010140488794876716,-0.1365033984861897,0.07273749963419608,0.2703247332582114,0.31261853539214557,0.40602346607454054,0.2993995888450069,0.4912076093563361,0.02974215733308983
LINKUSDT,0.8041746379413204,0.8287885841579034,-0.34950673528801207,0.8034516969359589,0.9742145271583182,0.8971814944662057,-0.05660183785559621,0.7543170035055189,0.8311092048432597,0.9754516075953056,0.9143609714817612,-0.03118836527344937,0.594523450301893,0.8395178119747746,0.7753172148247983,-0.5910496331476627,0.8363901794964669,0.6989956070871147,-0.04071621993188756,1.0,-0.18795908480747395,0.30104493402365995,0.5125436831165354,0.7633086240086895,0.8226884098521837,0.8209783396304188,0.4109368073105066,-0.35901969682207757,0.9430050855916741,0.8173793147006864,0.6451275057944261,0.8881997615230152,0.8503735813323161,0.7975313889140233,-0.3366946431904313,-0.2625572274919658,-0.33937269937081865,0.8676311464962254,0.6092003388070079,-0.20976505628064618,-0.19983294471328725,0.603419540480779,-0.03581255032078429,0.8047217650016847,0.8645503687549648,0.7564985706236105,0.26549739231633585,0.7282198464649854,-0.22605427232762662,0.9019334538151852,0.6447232587234296,0.8662332848361817,,0.7755852036181392,0.32711553201536936,0.9044773044715856,0.7786119778494232,-0.45037761210116956,0.5768332352703306,0.6542433910918869,0.2784031182781502,0.8913823291961191,0.9166506687573337,0.9103439876804779,0.4038454915197465,0.6744934659246897,0.7916217528072136,0.8549219031937648,0.9875062979963002,0.5481576163621455,0.8795360221835465,0.9231450077428689,0.5772216504407491,-0.12052483092746655,0.6784878974176216,-0.4164055282922864,-0.3795014730769432,0.8278567141387175,0.5444280463998483,0.8218050763463652,0.2631912028533461,0.8039785476455891,0.11009640595151246,-0.14104803819018713,0.8914240061855174,0.97678916252038,0.6108404523422833,0.8992878120270394,0.9729137990303177,0.8273486588197678,-0.39460746376231015,0.8845767163144655,0.7011956520857022,0.7803530248096474,0.8212933761180803,0.6761975914954171,0.2730347744610934
