,BTCUSDT,ETHUSDT,USDTUSDT,XRPUSDT,BNBUSDT,SOLUSDT,USDCUSDT,TRXUSDT,STETHUSDT,DOGEUSDT,ADAUSDT,FIGR_HELOCUSDT,WBTUSDT,WSTETHUSDT,WBTCUSDT,BCHUSDT,WBETHUSDT,HYPEUSDT,LINKUSDT,USDSUSDT,BSC-USDUSDT,LEOUSDT,ZECUSDT,XLMUSDT,WETHUSDT,WEETHUSDT,XMRUSDT,USDEUSDT,CBBTCUSDT,LTCUSDT,AVAXUSDT,HBARUSDT,SUIUSDT,SHIBUSDT,DAIUSDT,WLFIUSDT,CROUSDT,SUSDEUSDT,TONUSDT,USDT0USDT,SUSDSUSDT,UNIUSDT,PYUSDUSDT,DOTUSDT,MNTUSDT,CCUSDT,TAOUSDT,AAVEUSDT,USD1USDT,BGBUSDT,NEARUSDT,OKBUSDT,BUIDLUSDT,MUSDT,ICPUSDT,ASTERUSDT,USDFUSDT,XAUTUSDT,ETCUSDT,PIUSDT,ENAUSDT,JITOSOLUSDT,PEPEUSDT,JLPUSDT,PUMPUSDT,RAINUSDT,APTUSDT,KASUSDT,ONDOUSDT,HTXUSDT,WLDUSDT,KCSUSDT,POLUSDT,PAXGUSDT,SYRUPUSDCUSDT,USDTBUSDT,BFUSDUSDT,RETHUSDT,ALGOUSDT,RLUSDUSDT,TRUMPUSDT,GTUSDT,QNTUSDT,WBNBUSDT,ARBUSDT,USDGUSDT,ATOMUSDT,VETUSDT,BNSOLUSDT,FILUSDT,HASHUSDT,FLRUSDT,USYCUSDT,SKYUSDT,FBTCUSDT,RSETHUSDT,KHYPEUSDT
BTCUSDT,1.0,0.7102311281818547,0.0943811165182524,0.643963839081705,0.8422856355214415,0.7765822956264459,0.13208730637555066,0.695983883089591,0.7200695003321989,0.6630173047891798,0.7839781008055224,0.548718459614284,0.5500656511329116,0.7234928120981656,0.9291055752923634,-0.16475252099784113,0.7133978623284042,0.757088378753136,0.7703554915440928,0.2831423833650238,-0.07977911992448863,0.39048934339162267,0.4966678056033358,0.8202587364897092,0.709066754943873,0.7185649160443811,0.35158109340759874,0.13353236426668366,0.9302999869420184,0.6969295125889599,0.7445892065255671,0.6764759534819969,0.38309494781435977,0.13026004953831746,0.27946067272135955,-0.3945430129300489,0.7198510595071966,0.23413348977646964,0.33542338136704,0.09981582213504475,0.5568502704787784,0.44967363642651875,0.3181271616804229,0.5172500035893373,0.6506365668260099,0.5111730292642036,0.37561340026221623,0.759777239223804,0.30186653057057145,0.46717447654778577,0.49026965067023986,0.697723902134611,,0.07318768476697485,0.14388971191993766,-0.42146419002943036,-0.12091369499424828,0.7472028275390297,0.2844122626378448,0.5829407647538812,0.26604862683817987,0.7737425726925697,0.6017623832978486,0.8212678871907263,0.4947535854342269,0.2835636392628125,0.3692004183947206,0.6141535529620518,0.7033579809419882,0.7227563211913339,0.5728623146522268,0.6107500290464457,0.5708082466892775,0.6893828517815193,0.3329442068056545,-0.1145530051176738,-0.524469388718056,0.7129771893631807,0.5296802957500601,0.4916600366129761,0.49781369702887557,0.8419294936229111,-0.12832813764815607,0.8365470039176627,0.5422903760568734,0.3551115662025547,0.5412057574301193,0.7146417576482184,0.7759259294144848,0.4300537731383006,-0.689258432401208,0.7686638752581374,0.1607148851855545,0.8115407747064449,0.8679658727004537,0.7296112803780357,0.7563577411418204
ETHUSDT,0.7102311281818547,1.0,-0.07031825748223178,0.8988178554905684,0.8390514478906492,0.9624447770787441,0.502328972810245,0.4256313675517575,0.9989967652042991,0.8334289526743253,0.8903964823551432,0.2495555732201306,0.6312289545082205,0.9988586003604378,0.7002843605873205,-0.14070581045106995,0.9986778615936569,0.681849705373544,0.8318040315282982,0.12996764683558756,0.05427155536521785,0.8681846472753905,0.08280812280097742,0.6546163377292817,0.9986866285368693,0.9981061249016903,0.16647688832477342,-0.1552358626392232,0.7233725685155891,0.8189481459629345,0.8805815698474341,0.3305241733095989,0.828734212591587,0.613271425876301,-0.053547129617435386,-0.22479713161952555,0.7004479513439662,0.03432926006391386,0.7473216617743241,0.25858384142929025,0.0601482226934582,0.5525553180463124,0.11028605135696909,0.6812756014041552,0.5310996381607391,0.8206046430379403,0.21720848094321338,0.9288676290705548,0.11378749031074667,0.4075935457407015,0.7101672457109187,0.7096353691333279,,0.03693988774198761,0.39077362244662456,0.04129591776685236,-0.19673239892148825,0.9234768940621687,0.7531689938643492,0.37667533471796066,0.7408802613121456,0.962374314744135,0.94214526571885,0.9572356571253687,0.8443910798146813,0.8081556228104207,0.3631042352305763,0.7603460246234932,0.8483153004744381,0.7765162638682693,0.7511284458990868,0.4446766327527338,0.7133279822718434,0.9237643433592295,0.5949541991390574,-0.29363802731652633,-0.5419421536962019,0.9990039055300389,0.35411729208053666,0.07973589491223403,0.5930521279495405,0.7241417457646744,0.14802605436432376,0.8403739602906527,0.9140143107630314,0.4986277431332575,0.48130699198304266,0.9730541577860974,0.9660852008621708,0.5524989247403982,-0.3678957202345432,0.6360743152576372,-0.007769588391821433,0.5288697930926084,0.6840456977847169,0.9984351826782402,0.6431743489845182
USDTUSDT,0.0943811165182524,-0.07031825748223178,1.0,0.06314477103361807,-0.31230634705236715,-0.1563547578414597,-0.49301545439049094,-0.4881392722058206,-0.06375714310231871,-0.4509720603702135,-0.3290979061870733,0.6407858655945603,0.2920236702662496,-0.07048668464577292,0.15030743658983006,0.827945374695882,-0.0909748125065343,-0.2173357387024173,-0.4282634934682166,0.6566012534294606,0.8631947127920927,0.1837636337268412,-0.5220945764865207,0.12960215814513373,-0.06425501706809945,-0.04098920736237159,0.15488658479336204,0.8299223439420524,0.08023369204601806,-0.5422300131738857,-0.2086090108032649,0.06572131237734845,-0.3933929372177853,-0.5690052129987354,0.45035062667817827,0.5188342317968234,-0.08812553992747624,0.8346414321253358,-0.23984231915253962,0.7610204582128177,0.5325295973740231,-0.1651011359887305,0.4339929902393726,-0.6037181988361492,-0.49814852195643505,-0.24719792739627536,-0.4927727280748299,-0.07996978736408762,0.790365233984935,-0.3495872233748291,-0.7197434380607528,-0.36862281558398236,,0.04304662797487953,-0.6548333272685772,-0.03197962519765884,0.9057462280561469,0.16583748070516302,0.23006749457413178,-0.3192092260801678,-0.4298226165847934,-0.15768286581246466,-0.378483068993878,-0.0944463616523427,-0.25843455119083725,0.1587877221777955,-0.8227446608785992,0.028281437966001015,-0.4820491561359981,-0.4221805813458667,-0.6309538285803826,0.3119163216010631,-0.6515288588121778,0.21356634367929364,0.49372750709042207,0.510090406872801,0.5823639219340798,-0.048195020700745335,-0.4169324993402534,0.5484184830744665,-0.612110524340417,-0.24429937059666149,-0.43884609783412476,-0.3214205642445088,-0.4127200054038378,0.4476713589418338,-0.7201980947692602,-0.2246756905584718,-0.17410720404506977,-0.7955992114907225,-0.5627972275262507,0.08395913339587477,0.10788476521804607,-0.2943346723409146,0.27571707232750386,-0.04071988280604216,-0.23999213839705383
XRPUSDT,0.643963839081705,0.8988178554905684,0.06314477103361807,1.0,0.6594144036008244,0.8958072068245969,0.17235655627777685,0.28192302212255355,0.9014996393812488,0.8077308458620364,0.7634347694118759,0.16472501452187016,0.6589200654905626,0.9034993877497164,0.6530431197098905,-0.1386385983942858,0.8956386372165096,0.6191681318358067,0.7293598617632419,0.27074038484313867,0.06139097860097261,0.7765741819855227,0.09214652479546605,0.7917644145909217,0.8955571607253533,0.9039643752674232,0.198589139763107,-0.15955852086674988,0.6514371832840183,0.684481214197119,0.6385220763404376,0.5342993365458686,0.8071892736518087,0.5632204737344896,0.17678217762606518,-0.1967005553422192,0.814190357061575,0.04789702221489694,0.4344520312908763,0.23458576615940785,0.0335930050486413,0.4615739706779472,0.2937316644945886,0.4741772084247674,0.38801174679929845,0.8590668244844163,0.28023539034145145,0.875094747371484,0.2384498757922825,0.26283523739078773,0.5371586228666319,0.5483712197786315,,0.009047547051355614,0.3493894966026217,0.12271963335011883,-0.07990484376837817,0.8911907934878837,0.7976270407328991,0.09433437910551179,0.6774324780424398,0.8964197963624889,0.8255603047857013,0.9059885797763212,0.6123340251697449,0.8260918812448185,0.2866637667221716,0.5850111327906387,0.760064086319745,0.5733922655393033,0.5945557207646881,0.3470009453444326,0.5773960232276191,0.8362141840780164,0.44126802888616945,-0.29351454185763437,-0.19858939078032428,0.903061734176958,0.46182982761781527,0.27326992262581795,0.4498778544228322,0.49501332928177866,0.1865592995837418,0.6584955141976826,0.8180076535255382,0.3933792430146445,0.2901988623528603,0.8911022431406143,0.8866743233520433,0.3968688628694504,-0.29169427439055173,0.6663246055665653,0.08840694163799086,0.3815182938819516,0.6654107457154321,0.8962541776629853,0.5816643241987972
BNBUSDT,0.8422856355214415,0.8390514478906492,-0.31230634705236715,0.6594144036008244,1.0,0.8711635579959244,0.5263755879290306,0.773346161427152,0.842336451285821,0.8536438828146574,0.939473279494018,0.2822605852283451,0.43142713323408083,0.8468212727913514,0.8078942305204195,-0.3798630499095675,0.8488174173820996,0.7525628486140701,0.9471469555596035,-0.07953650402329142,-0.3172208027953173,0.506761440066146,0.5137984730246834,0.6669792046829691,0.8397437237883323,0.8318413431037254,0.3214144407097048,-0.2550243548438933,0.8517319102112504,0.9345830152214502,0.9054030555853391,0.4842119120545201,0.6086947016098587,0.444852478641769,-0.06659659249466328,-0.4987410776523383,0.703479127010765,-0.08284233610286168,0.6351851538253781,-0.10270360080223583,0.256561609910207,0.48572221672026855,-0.026624729172828966,0.8081218397899527,0.8518325408786203,0.6344144996468742,0.42746363192376824,0.8614029597422419,-0.10039337605240925,0.6791739170257789,0.8257661880471396,0.9062232966718436,,0.04780280084851137,0.37539169170727593,-0.35683869019780384,-0.46656320142303465,0.7293210088961773,0.31395251564630594,0.7487148412905671,0.5315952878931567,0.8761430821527745,0.852547730830969,0.8838287336443865,0.7294486756296744,0.3706464434576024,0.637398174276271,0.6760867334365838,0.9058365866899445,0.9214222804564588,0.8892978850445191,0.4513410799653243,0.8761954469638302,0.700469978646741,0.33726588265134005,-0.36277522548973756,-0.8204797165462296,0.8325891623131421,0.5500380125480606,0.0723981263681035,0.7836619554213484,0.951571479913756,0.08616741378513285,0.9967599246224305,0.7999287370862912,0.2559626339162694,0.8128607026289708,0.8734430789541299,0.889959308739984,0.7339234254024692,-0.44615249352454633,0.6571600452276674,-0.05800812326835238,0.823627319574708,0.707895962957652,0.8416051983403355,0.7473622610954122
SOLUSDT,0.7765822956264459,0.9624447770787441,-0.1563547578414597,0.8958072068245969,0.8711635579959244,1.0,0.3777138726158846,0.5761631683969316,0.9644431300324385,0.9111633837731301,0.9188777122479787,0.17069438179239468,0.6307050257933794,0.9654741933245043,0.7671032754273659,-0.33888074193347895,0.9654015192212898,0.801899523084389,0.9119438772982645,0.12837214640819078,-0.11827739406322285,0.7278746395515707,0.2971457657264743,0.7702019998558423,0.9583737634176237,0.9607069090217564,0.1558111798254141,-0.1742278899089024,0.7834080372655694,0.8762885859895941,0.8879831899175109,0.4937476486100789,0.8458681613878277,0.6528338459518627,0.013871780972493253,-0.3134948523253523,0.8073429840469059,-0.01670829117190027,0.6157474424720253,0.08744099264372218,0.0541313305971732,0.5847668796765348,0.21907389387570234,0.6871766427596283,0.6070857533208818,0.830544157783622,0.4420075026439227,0.9259201144430833,0.0997961047758313,0.4039319897481119,0.7510012541178245,0.7271865474342811,,0.031108013036783642,0.5039374924035741,-0.017346490884004393,-0.3156119718814109,0.9028442065285629,0.6562845053992769,0.40546543155007286,0.7657938719710499,0.9908968077977192,0.9276840871382466,0.9917207100103178,0.7672416686716573,0.6928809983210219,0.47976143112691405,0.7737365867337712,0.9285154336152317,0.8052155067900667,0.7841821072251717,0.47448437175407665,0.7501677285936221,0.8479126393792259,0.39817583715508353,-0.29157917963262,-0.5600961830179494,0.9592504685384258,0.5645359178944171,0.20642342321520235,0.5997067383329603,0.7737776047958883,0.2318202110360752,0.876379745174067,0.898947026642343,0.3652738813818484,0.5578118997383281,0.9659115652243628,0.9917009272240749,0.6543410140966692,-0.31347518187087664,0.7337612872848602,0.13008280593632748,0.6600311333022238,0.7315882417945301,0.9637936213087417,0.7790233524128402
USDCUSDT,0.13208730637555066,0.502328972810245,-0.49301545439049094,0.17235655627777685,0.5263755879290306,0.3777138726158846,1.0,0.2762851296661565,0.4949267568847666,0.3566793591605592,0.5389309080855186,0.03834700705641322,0.03872803320248075,0.4951458629189471,0.08293076908659613,-0.09116152497521429,0.5102211613919982,0.18946015632480528,0.4154622630051328,-0.36095041120619253,-0.11209032570695457,0.5033993435458417,-0.09028322541039062,-0.20622713289476546,0.5083576940171614,0.4861890496779358,-0.07676197899213232,-0.431941014815379,0.16145318822369484,0.5646851647123006,0.5755067428840293,-0.4223110516688468,0.4360369789854799,0.3990129144845097,-0.5236250032092297,-0.28102381416592276,-0.06593073970677145,-0.3763922042144282,0.8898558425551106,0.06072347166695921,-0.15378184753521562,0.3339061891433573,-0.5301083517969546,0.746709179186278,0.40058372099004075,0.358854399168037,-0.19772694428781856,0.3679593260024928,-0.4134874426910909,0.42541195386144687,0.6892809683754537,0.5160043186440348,,0.03587305587208099,0.27484599738508547,0.0775793862385038,-0.3919139945395066,0.27707023215611176,0.24730131514063838,0.47284964491350523,0.41182999268524556,0.3821810971056594,0.6189226769692556,0.32671666528008875,0.7791626664521162,0.36009012027169235,0.4256905744362339,0.30943564739378476,0.4370206170624331,0.6222388745439387,0.6358278814121665,0.016758055684310106,0.6262064677357962,0.4147089026992655,0.43164169126528873,-0.3667015520485283,-0.760047606876099,0.495481463518162,-0.19225953783232705,-0.6438767249831105,0.6609863063534612,0.47233188570650203,-0.02028619524933805,0.5357548120093408,0.6208834823812355,0.3312378788953098,0.5886375030394211,0.5173200416395531,0.40963670522489665,0.5476080729482985,-0.05390205636046948,-0.04796495242638065,-0.36820932678883045,0.24514362844632773,0.019307993562199924,0.4866483991048062,0.155185920765013
TRXUSDT,0.695983883089591,0.4256313675517575,-0.4881392722058206,0.28192302212255355,0.773346161427152,0.5761631683969316,0.2762851296661565,1.0,0.43559180020129673,0.6319826177181365,0.7563299429347934,0.1839673275844166,0.2552969255069798,0.44115491672773444,0.6680591406621862,-0.6707583692322736,0.44176550204707865,0.8385695642909798,0.7472442732187344,0.03654437824605746,-0.600162386477721,-0.04286495527635785,0.8427034832056104,0.5109835043346097,0.4150767639587253,0.42269619634761396,-0.03895601101996111,-0.19724194995606603,0.6939119878474812,0.7873620337904833,0.6297922651325059,0.47668924674743823,0.3817077497546636,0.23495778179023707,0.1280323145029393,-0.7612633100706961,0.4616268521083584,-0.34121109677797473,0.2696887120947534,-0.3601150258675165,0.29275706308482585,0.5909941811863826,0.20734926780095547,0.7513845566808051,0.6908329392093581,0.4558379574501109,0.5978612746428904,0.4355083315252264,-0.051335224136449135,0.3690334687889759,0.7335580254148477,0.5958883792699693,,0.06918232780439001,0.512900633010416,-0.29506742729798285,-0.5778745987964354,0.386232851594181,-0.09790546506897958,0.5981311314491632,0.26669949607713117,0.5724424751180125,0.5142284648175101,0.5847131781768481,0.4739141912472692,-0.09136438344772711,0.8074994564357643,0.3630918629380495,0.7306425026970897,0.8006331083310116,0.6630889146034534,0.3821769123505354,0.7042179014194466,0.303663379881629,-0.22017499676043414,-0.23763274452945685,-0.7607411980675621,0.41696846133724624,0.6403642524666507,0.2635977520138241,0.6784038687131514,0.784873181829804,-0.06804518862568697,0.7675503202332457,0.5087932240949786,0.08135868482951238,0.8676582862000518,0.5515395212711359,0.5823754130889636,0.8150343448087978,-0.29672104805465227,0.5675149870105582,0.34856662654261233,0.9634413559752468,0.5370433719023657,0.434243691844607,0.860785072850077
STETHUSDT,0.7200695003321989,0.9989967652042991,-0.06375714310231871,0.9014996393812488,0.842336451285821,0.9644431300324385,0.4949267568847666,0.43559180020129673,1.0,0.8335609085367888,0.8951108762767626,0.26226422939904603,0.6377131006469808,0.9995205407968635,0.7107256536246735,-0.1401812174322217,0.9988342875922426,0.6909879130926433,0.8331959032331987,0.14409348159693292,0.05473811868456005,0.8636352166256915,0.0914381865044329,0.6635595687687976,0.9986447062247049,0.9988428996498343,0.1649576351075874,-0.1480223114044284,0.7329547829068799,0.8208104384916841,0.8798810662735773,0.3406334146216577,0.8256948306394415,0.6031372568988831,-0.03825995383304316,-0.2353546793809404,0.7039181514916464,0.03587758724443608,0.7412060642140768,0.26252008716592456,0.07498800145997857,0.5600100599659151,0.12286842694376295,0.6834479919539801,0.5312813709458218,0.8243948066239126,0.21794525990474242,0.9292050530696381,0.12674164677065616,0.40426312877332304,0.7090214923865752,0.7089307850788508,,0.03865362113195756,0.3881774711458374,0.0381967719974316,-0.19127861171931593,0.9278437794207396,0.7514224529849708,0.3756865851936442,0.732506221925671,0.9643554983013403,0.9402013115924912,0.9606228806472473,0.8438562646810654,0.8051189371640208,0.366263068718548,0.7572234157032804,0.8490783805135229,0.7802206261547823,0.7486572513841394,0.4513150551851087,0.7129751542666595,0.9271605158071075,0.5921350161990522,-0.2910711724375659,-0.540523596829563,0.9994883921726719,0.35774130678658284,0.09467625867707358,0.5952193614755543,0.7275775871625014,0.1347579552452908,0.8433308645676777,0.91276498004277,0.5058196479648367,0.4843398607999439,0.9748197397506758,0.967821177387189,0.5524293752629127,-0.3806122933872065,0.6443943620735411,0.002661494133799743,0.5389104244103459,0.6941076456021992,0.9991064266697399,0.6523263367084888
DOGEUSDT,0.6630173047891798,0.8334289526743253,-0.4509720603702135,0.8077308458620364,0.8536438828146574,0.9111633837731301,0.3566793591605592,0.6319826177181365,0.8335609085367888,1.0,0.882206830152785,-0.1236492952733658,0.4231728489009759,0.8389562670025726,0.6367235171359963,-0.6037284075183363,0.8432276177311762,0.722327834279358,0.9609830054616386,-0.15389250927522072,-0.46557801001435667,0.5142053344403225,0.5093271967094168,0.7420857201543389,0.8289844012777867,0.8210721908891068,0.2453487528697671,-0.4973187023479103,0.6714739532273357,0.9317064992761072,0.7638355058342194,0.5811625473540053,0.8376470862974538,0.7447470539689959,-0.07516694760508005,-0.4416438540168223,0.8616068829654886,-0.27139496904259564,0.46632684000576696,-0.28397537082555674,-0.1252279168005087,0.44179081409487225,0.0386629025333314,0.7187493587879719,0.7586886742005653,0.7957909321858456,0.6411256083814125,0.8721506495692007,-0.21712135480791978,0.5506147785888563,0.8505819339246535,0.7966378212718729,,-0.010233871246232453,0.6094642486681012,-0.10398576880429408,-0.5945916908193337,0.7087009820739235,0.4604461733293478,0.450286864099536,0.7810192550725502,0.910444854227698,0.909358551351252,0.8997948504577568,0.6193383863372001,0.5127169272098436,0.7002147255167244,0.605765649968158,0.9777789401712742,0.7831515012771283,0.9022470691154625,0.25248757131095495,0.883230215835939,0.6096456817901772,0.11375049950620468,-0.4821803084120731,-0.5795952141788524,0.8229553884617531,0.7553620581980126,0.04692097429257729,0.7194467240879721,0.7232675463879932,0.42834665107144115,0.8572374084710129,0.8871502747766901,0.027248454789260208,0.7049901352897783,0.8972563877191588,0.9128563728083522,0.7885036269803839,-0.06197711863672997,0.6451002160637304,0.01221878882327036,0.6351903364983069,0.5594408830104937,0.8219555834719441,0.71751251264672
ADAUSDT,0.7839781008055224,0.8903964823551432,-0.3290979061870733,0.7634347694118759,0.939473279494018,0.9188777122479787,0.5389309080855186,0.7563299429347934,0.8951108762767626,0.882206830152785,1.0,0.26016541861137144,0.5337127616998394,0.9000111702054479,0.7608860032104641,-0.40627842288797483,0.8987515710194248,0.8401574593305868,0.9151901945938504,0.10101676857733566,-0.27490483316764286,0.5855088246216564,0.4444340606631065,0.6542805528758706,0.8853796270861054,0.8887710021904951,0.07787152114783501,-0.3038999127745124,0.7968974963075506,0.9625962872800989,0.8571239185732029,0.42108953292797313,0.7696043609317138,0.5164014962580712,0.04059684667162727,-0.6094298527266861,0.6699567551235892,-0.24944151287295518,0.6652318064619862,0.010666231083827653,0.17726468721881727,0.6786284341391322,0.11894518949994098,0.8924254808932741,0.6911950187156675,0.8398023362595397,0.3586469972308898,0.8374610526560845,0.02030469470806042,0.4711237137437881,0.882732662852647,0.7776597603064649,,0.0574952859386687,0.5069976387066539,-0.0664749889750406,-0.4223157260271886,0.8050746825784916,0.487312227162259,0.5044542020414107,0.6094138418833992,0.9191911483879401,0.9197711221405609,0.9176386872865301,0.8423746297963088,0.5424085157821043,0.6976990720129408,0.5957834971802511,0.9267905201038273,0.9360189977440192,0.8630510220066818,0.4094693300110358,0.8784836935835173,0.7827931366444603,0.3034506761856113,-0.39950658656507176,-0.7313281377863747,0.8879890590752326,0.5002102163849844,0.10973927692048349,0.8194838843916449,0.8329484842750101,0.001315596914239448,0.9383294047695311,0.9150263877250622,0.4140103473651696,0.790730761320292,0.9551840042619575,0.9272575946826347,0.7899559627778142,-0.39153529392439257,0.6601587223330581,0.10993282239322108,0.7922845109128248,0.6824597067763426,0.889598109847032,0.816665757579628
FIGR_HELOCUSDT,0.548718459614284,0.2495555732201306,0.6407858655945603,0.16472501452187016,0.2822605852283451,0.17069438179239468,0.03834700705641322,0.1839673275844166,0.26226422939904603,-0.1236492952733658,0.26016541861137144,1.0,0.4019313512527556,0.2617826588658861,0.5702655226925549,0.5919607629437931,0.2406629848955548,0.24960588862157204,0.023703413456044924,0.6462667300177012,0.5534990206739453,0.24867768532848472,-0.08819333342264168,0.2552647938028194,0.2541238664381982,0.2779469789850179,0.13098338892595854,0.6215918534478437,0.5472991913793294,0.032290514920241,0.243808911678384,0.1336914385548895,-0.22376583935215869,-0.5875041394959154,0.4598969778101994,-0.14512407531244778,-0.003793756740249645,0.5058981869039935,0.2060221268889317,0.6862609672808978,0.897557635692491,0.2758135975391994,0.319121202919643,0.10942042157889752,0.005673766267121511,0.058733702205064936,-0.45516606676120336,0.19499839868484597,0.7011230040844721,0.031894414065902654,-0.13348414280365814,0.1255814923458757,,0.1215875644973065,-0.4769612295694233,-0.2629120593553759,0.5728354670531707,0.4081431606741845,0.144734724120961,0.2153223562401537,-0.41525220614324615,0.17153891372026492,0.018132128469757036,0.23645448924175044,0.26579038334703986,0.12336051593942533,-0.2310343567091003,0.1545220062303843,-0.05770353959646631,0.24912489090941425,-0.11186655706266194,0.5149988078174612,-0.0705354122881219,0.5064457899802998,0.5768162103081049,0.2492171946895546,-0.11841603131534305,0.27067515285941757,-0.3067583372933191,0.4751590624172227,0.06656281736917526,0.3474028698365054,-0.808366051825711,0.2714838205990725,-0.008287158700233667,0.7425417778149436,0.010706317999447507,0.18819476065831028,0.17403690506025335,-0.24377392746070164,-0.9658116719448262,0.31211861333283664,0.11008720003665314,0.34934178128487486,0.5888626780780296,0.2820945528437056,0.22099926147131307
WBTUSDT,0.5500656511329116,0.6312289545082205,0.2920236702662496,0.6589200654905626,0.43142713323408083,0.6307050257933794,0.03872803320248075,0.2552969255069798,0.6377131006469808,0.4231728489009759,0.5337127616998394,0.4019313512527556,1.0,0.6352059495458036,0.5768944103034419,0.05496968481472478,0.624365219365936,0.5878848142313925,0.4143285163991487,0.5426837985624949,0.29672448968849335,0.5676439585725755,-0.007305300909398609,0.5613173717247422,0.6247818099393604,0.647886727976855,-0.08466185912648866,0.26913668959317494,0.5480764670069292,0.38815702120118045,0.5060599696239004,0.30964651218024747,0.5025458043254252,0.2294645568322143,0.2959545748217372,-0.10541662902333934,0.4509209142264554,0.22337183611988065,0.3286759012967827,0.45548114186891886,0.24001603540309085,0.5356941404244993,0.5122629863786603,0.2885241175694567,0.07372597544004987,0.5837261466186334,0.0837604699598502,0.5349452859210686,0.5359178923150342,-0.08008310275125992,0.25050407885256953,0.21215192372969552,,0.06999662220635655,0.20366842979022615,0.18566286188609576,0.18509788918063425,0.7277411697294245,0.6170120731789481,-0.015608245999365113,0.37477934106468697,0.6282649941201717,0.4870883200519898,0.6500569108446722,0.49988034063029585,0.5963745942943834,0.04332094222243705,0.5011923851423022,0.44193749533011506,0.4000388827444166,0.2230998225202649,0.48929437575024803,0.21244001803992074,0.7083758877159912,0.39831402903291785,0.044966260028242874,-0.11588140156271232,0.6410567752897045,0.1890597619898154,0.46506629513346903,0.15549771520294253,0.37250002374856084,-0.12662618543781118,0.423463478951446,0.4880865159973019,0.5706663058297284,0.08377837870782617,0.5960381440714759,0.617942463619123,0.1864346632174861,-0.43251703377952755,0.5571377923839269,0.36034254753958567,0.38234479030682955,0.6148905465890876,0.6469495837590292,0.554575260106755
WSTETHUSDT,0.7234928120981656,0.9988586003604378,-0.07048668464577292,0.9034993877497164,0.8468212727913514,0.9654741933245043,0.4951458629189471,0.44115491672773444,0.9995205407968635,0.8389562670025726,0.9000111702054479,0.2617826588658861,0.6352059495458036,1.0,0.717551272308245,-0.14653419964851178,0.9989236593011753,0.6927926287087756,0.8381296449898988,0.14104293391426043,0.04412765708064428,0.8586093059391552,0.10165644378187531,0.6683181414586437,0.9984943105522195,0.9986353555145572,0.17055776862653535,-0.15857896104850858,0.7365494220926783,0.8269946222653938,0.8773896989888694,0.34893903778052276,0.8258081630290083,0.6010767842288042,-0.03379997430097606,-0.24761673474527748,0.7091504741396424,0.02695748565275387,0.7373773119116378,0.2541525651772419,0.07855753415521889,0.5594872634740715,0.11960935435244044,0.689666412533308,0.5395858549635721,0.8286708988075312,0.22151278818367648,0.9317116455830965,0.12161781655093201,0.41210797936200466,0.7149919126923785,0.715364633867958,,0.03826184021666212,0.3886241017327448,0.03260682802809372,-0.19774308835746293,0.9266718225467367,0.7469411315638969,0.3789321584030987,0.7291351744351161,0.9655172782186796,0.9428126562030122,0.9621120484950217,0.8426690119051301,0.8013930750527742,0.37715155031143055,0.7498791444484827,0.8533961968539184,0.7848462927591255,0.7553587242809676,0.446603819192553,0.7216808217776911,0.9250339981742653,0.5860752132217348,-0.300142206482318,-0.5427468706272283,0.9993487930677705,0.36437714692849865,0.09396431291912559,0.6056453763849085,0.7300005283363876,0.13209892702868986,0.847857023738535,0.91595451665839,0.5013381402124762,0.49384309766597934,0.9776623358900622,0.9690188136760284,0.557889772891841,-0.3821265203953744,0.646082771048169,-0.0009506952055747093,0.5434709514476473,0.6951943679276609,0.9986645054975422,0.6543339882943253
WBTCUSDT,0.9291055752923634,0.7002843605873205,0.15030743658983006,0.6530431197098905,0.8078942305204195,0.7671032754273659,0.08293076908659613,0.6680591406621862,0.7107256536246735,0.6367235171359963,0.7608860032104641,0.5702655226925549,0.5768944103034419,0.717551272308245,1.0,-0.137848428634543,0.7021256278295243,0.7587560001808467,0.7379215177449424,0.34487842473919067,-0.032273504710973844,0.39420688383625985,0.46884191047347973,0.8310088928466488,0.6983802159202613,0.7109606215784489,0.3252759630156016,0.1848915900038696,0.923846311552336,0.6604012226146226,0.7203264004112447,0.6821072561418408,0.3756040541615074,0.1088042578133388,0.32274521789905697,-0.370108263231764,0.7141845773942448,0.267164066783873,0.30525276957894615,0.1449634126906891,0.5708905354791688,0.460175122321436,0.37624402841939236,0.47750143510138443,0.5964985419634743,0.5123353417792662,0.35916026000751466,0.7427483470967133,0.3653471880787195,0.40937764849641683,0.44563695838606826,0.6491548089204611,,0.07591585779308617,0.13006017630665623,-0.38824730076554564,-0.06659457501888494,0.757782067121602,0.30884984384106134,0.5281643613444365,0.25189792783250603,0.7639865439220073,0.5756012939837971,0.8144789330096397,0.4762254836981495,0.3001809881343374,0.3252254965336626,0.6080366805819715,0.6748150217803046,0.6887509289434783,0.5224733292909092,0.6267340817668177,0.5210922556212109,0.6976342620765084,0.3368321919731059,-0.07828315892452052,-0.4701684947391374,0.7044648662246725,0.5146435173578381,0.543142058019173,0.4494678627252872,0.8074160814860126,-0.14989203382572786,0.8010723371372124,0.5194202525479454,0.38362014486703766,0.48784687269583393,0.6995100883131377,0.7639496825815358,0.38911238417261446,-0.7025189809087335,0.7777861762681075,0.2051095928121541,0.7923099267789385,0.8787340954121542,0.7213960139681586,0.7563331838918723
BCHUSDT,-0.16475252099784113,-0.14070581045106995,0.827945374695882,-0.1386385983942858,-0.3798630499095675,-0.33888074193347895,-0.09116152497521429,-0.6707583692322736,-0.1401812174322217,-0.6037284075183363,-0.40627842288797483,0.5919607629437931,0.05496968481472478,-0.14653419964851178,-0.137848428634543,1.0,-0.15959445259370442,-0.525310206012445,-0.5699609362507511,0.3632235874052363,0.8948706221894557,0.2508422099904742,-0.7756314954283768,-0.2832494422809339,-0.12655534501639762,-0.12041749266236497,0.1592232972751496,0.5938070073716112,-0.16148729951971946,-0.5906361039545317,-0.2778503425848582,-0.3576347686244021,-0.4824303658323947,-0.6081481537370479,0.14000466028308428,0.5296989304351633,-0.41331339284573015,0.6520829306677137,0.023362514410525247,0.7939296971305353,0.4135175816971903,-0.2971693229897329,-0.035529582238357525,-0.4873582399645877,-0.5067201493263805,-0.35827969875871307,-0.8555657960775642,-0.19241015852741833,0.48505357816110756,-0.20303451307268236,-0.655183456403913,-0.3334218095931051,,0.03455909231453013,-0.782198646742927,0.004295271711333037,0.8560353531493258,-0.022093852757369307,0.1683436552358856,-0.23723886758639398,-0.5085406661957694,-0.33496612764347594,-0.3751921977745574,-0.3025947397426645,-0.1393796553319873,0.15999323953104885,-0.819943956216025,-0.14248217588396422,-0.6245355470147403,-0.4273681467195328,-0.5723806537535304,0.06815800687024284,-0.5841835470194813,0.13723195186002318,0.664352265992514,0.35978277859920627,0.44204002738224124,-0.11962127605668181,-0.7912952043324294,0.039180052683763684,-0.46198147942875384,-0.329612895229878,-0.529423439353937,-0.3813279271673873,-0.3998123931026441,0.4847341098837583,-0.6535861066154314,-0.2976022727252287,-0.3366589625979024,-0.8180685263675009,-0.47651581659649894,-0.2661854583270892,-0.2870215857948811,-0.5212734803078721,-0.021549208146306648,-0.12475632658525034,-0.5647939234511072
WBETHUSDT,0.7133978623284042,0.9986778615936569,-0.0909748125065343,0.8956386372165096,0.8488174173820996,0.9654015192212898,0.5102211613919982,0.44176550204707865,0.9988342875922426,0.8432276177311762,0.8987515710194248,0.2406629848955548,0.624365219365936,0.9989236593011753,0.7021256278295243,-0.15959445259370442,1.0,0.6887997712693955,0.8428670182907392,0.1167025678051364,0.032509621614914976,0.859106426751459,0.10109478498065187,0.6555172396769511,0.9984202267107025,0.9973968296556348,0.16756178805232327,-0.1711061607226748,0.7266930426551212,0.8318010044111993,0.8854001262358219,0.3350105528160863,0.832453878876193,0.6197785321566913,-0.059245820277129296,-0.24025522475504413,0.7044180217290489,0.018202986316421216,0.7489228300844096,0.23934087491712266,0.056374833214668164,0.5553072064003445,0.10216647250904498,0.6947654511313076,0.546556657062671,0.8233801051210327,0.2304476985165861,0.9308220069705825,0.09797626246749737,0.4190819363626513,0.7253334538710535,0.7207063362038438,,0.0364906353148304,0.40183868089018965,0.03397453139167091,-0.21683010953287635,0.9190961730245037,0.7422840012298202,0.3890470076606788,0.7445911828217929,0.9653421448951702,0.9482096489857536,0.9595687977831784,0.8472504403724898,0.798434955149249,0.3831661604996026,0.7588019790703809,0.8591574157203703,0.7876693494130859,0.7653686677018613,0.4405632413613719,0.7285965314432151,0.9176923357665907,0.5820230302125864,-0.30416234352051064,-0.5568627236737903,0.9983892295265254,0.3665919754118941,0.07250424980947036,0.6081251216820035,0.7336841206735037,0.15359302737954444,0.8502679733723109,0.9202440057648185,0.4874496156170781,0.5005565886714838,0.9768499371833582,0.9694621995848363,0.5700020882224079,-0.36155648157532916,0.6373023312816496,-0.009551022794306755,0.5409861403477603,0.6821587096386998,0.9978647489323343,0.6510883471919777
HYPEUSDT,0.757088378753136,0.681849705373544,-0.2173357387024173,0.6191681318358067,0.7525628486140701,0.801899523084389,0.18946015632480528,0.8385695642909798,0.6909879130926433,0.722327834279358,0.8401574593305868,0.24960588862157204,0.5878848142313925,0.6927926287087756,0.7587560001808467,-0.525310206012445,0.6887997712693955,1.0,0.7665445710412162,0.3758920781269548,-0.2630414131602519,0.32361298212808604,0.5679851101313239,0.6830137006092373,0.6669925484272011,0.689187757903164,-0.21231050473027882,0.003079950472736795,0.7532243349587936,0.784866084216475,0.7385751042238891,0.48736696190361795,0.6693954415476756,0.42177183095087944,0.2561050232042133,-0.57562997715618,0.5966101096056355,-0.17203100067900348,0.3758747822616307,0.003421729235574649,0.21169424051809574,0.7983666803622776,0.5273838472026243,0.6933467471533558,0.4493922061644384,0.7296688573113276,0.5356164583306716,0.5998289332969011,0.2914726158323308,0.09054878573034382,0.6846120465980129,0.4658802896372702,,0.07666213263597539,0.6099687446318368,0.052352308192925606,-0.3282388512228247,0.7136064090880673,0.3642559801953528,0.29526765426214713,0.523332156171424,0.7965931428056088,0.6723316929229739,0.8088300917715107,0.6471039365650958,0.35042779298377136,0.6067403322940406,0.578152739673596,0.8032092742121095,0.7772523150230392,0.5809341014722302,0.5390372259000324,0.597656399426535,0.6270850170853454,0.01044996455626357,-0.12039309502723344,-0.5585173725695994,0.6799309157979613,0.6006997742612571,0.4735621949295757,0.5206886589139276,0.7086346768620663,-0.030650067405715867,0.7427550938093237,0.6852608529756014,0.3826131008365984,0.6196402925649829,0.7544676645573376,0.7940744195951209,0.7308622978686956,-0.3349956521014614,0.7372031792822358,0.5743176291843424,0.8788431478972855,0.7024899739509464,0.6950892084679833,0.9774189266678242
LINKUSDT,0.7703554915440928,0.8318040315282982,-0.4282634934682166,0.7293598617632419,0.9471469555596035,0.9119438772982645,0.4154622630051328,0.7472442732187344,0.8331959032331987,0.9609830054616386,0.9151901945938504,0.023703413456044924,0.4143285163991487,0.8381296449898988,0.7379215177449424,-0.5699609362507511,0.8428670182907392,0.7665445710412162,1.0,-0.162052117904267,-0.4597290685978593,0.47325677810516276,0.579862290606682,0.738295697511554,0.8293004140653346,0.8198252131734615,0.30231988414189215,-0.39365661650451117,0.7771908844469627,0.9588480799907967,0.8578872138072038,0.5805669753036583,0.735944915345705,0.6385601010632566,-0.09128871253480596,-0.46967468118515204,0.8278842490026007,-0.1827790609021566,0.5228091056546597,-0.2730836971486556,0.0345239472837155,0.4517492567182953,0.011277876224567404,0.7610550565034346,0.8527396032739268,0.7029956693520457,0.6303349274833504,0.8790943063626935,-0.2007153643529375,0.6408069855750805,0.8603862339205087,0.8784327478762836,,0.011765825765602072,0.5386647495146533,-0.2678397554161384,-0.5947155964456922,0.7082117539408992,0.3507214817074444,0.6381768867856663,0.692071980968248,0.9101991955893893,0.8867371288907657,0.9083947411591394,0.6485180473940508,0.4015518033163038,0.703612559738588,0.6755694898933525,0.9811641698131882,0.8637068962476554,0.9249797863112105,0.36059580835463995,0.9015992723851606,0.6243078367150149,0.16746504879808258,-0.4239115178310895,-0.7255874426269108,0.8208666680108948,0.7350139513270353,0.07390795072482015,0.7498902347854636,0.8690675118674962,0.3324634004977914,0.9499427805275131,0.8428334369760886,0.06758080197400836,0.7873433010007629,0.8845487824008523,0.9182617288250493,0.8035291875900583,-0.21166458192992246,0.6797050243425361,-0.0037372762945695696,0.7674856303081199,0.6412854267358764,0.8272692394865143,0.768723495396596
USDSUSDT,0.2831423833650238,0.12996764683558756,0.6566012534294606,0.27074038484313867,-0.07953650402329142,0.12837214640819078,-0.36095041120619253,0.03654437824605746,0.14409348159693292,-0.15389250927522072,0.10101676857733566,0.6462667300177012,0.5426837985624949,0.14104293391426043,0.34487842473919067,0.3632235874052363,0.1167025678051364,0.3758920781269548,-0.162052117904267,1.0,0.562038960234019,0.17238652480744868,-0.15787334528824568,0.28745776764075154,0.11796191028346943,0.16734927594916874,-0.4104360033036682,0.6638224665276747,0.2713888159155376,-0.1356281707921948,-0.02399842708225189,0.14368882868632574,0.03340295689870137,-0.34905472014970634,0.7009971988947375,-0.09696571011524463,-0.004496430635236035,0.3039428268617179,-0.10777232135558605,0.7132495126931268,0.5129863137193329,0.5037256628779337,0.8325759033762263,-0.08589435350603553,-0.48016967952646084,0.2823350100328521,-0.27057424159154936,-0.02030841578801984,0.965085760661646,-0.6157398415595358,-0.2638854313956755,-0.37857558923759954,,0.10326972569269348,-0.1082476689721573,0.36246759746131185,0.6465323367874739,0.3977632443840259,0.381396226590431,-0.4722030398412658,-0.1983274101297476,0.12611015585569063,-0.08245193166668034,0.1755098900267336,0.13378402335434064,0.2989631744974326,-0.27488584752028766,0.018389413908250368,-0.12188200455688722,-0.02200976917759806,-0.3968047464345806,0.4183310148536964,-0.3406906983066966,0.4069370480719007,0.19071107823018685,0.36923553778106516,0.34271173843722846,0.15325521836754152,-0.17794527091076465,0.7602072746514766,-0.2447146529425024,-0.09379983205224872,-0.6348851099893988,-0.09773332980912075,-0.02558707643383224,0.7207937459352118,-0.30968895592660567,0.10961628719593795,0.10485505582797698,-0.25243164425358516,-0.5497425229758028,0.3313437290219919,0.6784691282652585,0.16470587831543468,0.43464722701401043,0.15950776443629114,0.3395466273414657
BSC-USDUSDT,-0.07977911992448863,0.05427155536521785,0.8631947127920927,0.06139097860097261,-0.3172208027953173,-0.11827739406322285,-0.11209032570695457,-0.600162386477721,0.05473811868456005,-0.46557801001435667,-0.27490483316764286,0.5534990206739453,0.29672448968849335,0.04412765708064428,-0.032273504710973844,0.8948706221894557,0.032509621614914976,-0.2630414131602519,-0.4597290685978593,0.562038960234019,1.0,0.44499686903915364,-0.8207966726105764,-0.1553661864742937,0.06112489689798425,0.0785182325893171,-0.09773955041635561,0.7325765960530253,-0.08128252079016283,-0.49195706152411345,-0.0835622688186515,-0.35508239841546335,-0.19882004501327163,-0.3563276868934138,0.1696261465081865,0.5916396177930657,-0.3066948320641535,0.6870342359461699,0.14040673929896924,0.9312301067281568,0.2843283247228681,-0.024488073637302096,0.25390112519052527,-0.42950749868282617,-0.6163837883142699,-0.14311869527112253,-0.7191037435685544,-0.08441006996353273,0.6795638639086029,-0.4330488398120033,-0.5691864411629275,-0.40300131211040474,,0.04912509919627819,-0.5197689033110715,0.2710385011514613,0.8706484149731831,0.21081863640933837,0.4346072645692142,-0.3733379744607051,-0.21500169331266925,-0.11831811259593428,-0.2173509018416127,-0.09459596290835691,0.047240028070613976,0.4025218781320819,-0.8307857607856937,0.11783432169538242,-0.46213381780063695,-0.34245784342878866,-0.5558044050803328,0.249593935275357,-0.5951326567313427,0.3413585154476622,0.6961690013705035,0.470814912132222,0.43225702551360157,0.07484720067013635,-0.6942912531707296,0.2130018862307198,-0.5404783357182511,-0.27784356285319983,-0.4144432973739243,-0.322887490161276,-0.22814456906662067,0.649372520276309,-0.7077183274764873,-0.12280581131155247,-0.12682433058024084,-0.6946155963265357,-0.4207367615352472,-0.08542751738481591,0.02876568172850694,-0.41781538684116093,0.112633766456393,0.07570477867705895,-0.31146796971222407
