,BTCUSDT,ETHUSDT,USDTUSDT,XRPUSDT,BNBUSDT,SOLUSDT,USDCUSDT,TRXUSDT,STETHUSDT,DOGEUSDT,ADAUSDT,FIGR_HELOCUSDT,WBTUSDT,WSTETHUSDT,WBTCUSDT,BCHUSDT,WBETHUSDT,USDSUSDT,LINKUSDT,BSC-USDUSDT,HYPEUSDT,LEOUSDT,ZECUSDT,XLMUSDT,WETHUSDT,WEETHUSDT,XMRUSDT,USDEUSDT,LTCUSDT,CBBTCUSDT,HBARUSDT,AVAXUSDT,SUIUSDT,SHIBUSDT,WLFIUSDT,DAIUSDT,SUSDEUSDT,CROUSDT,UNIUSDT,USDT0USDT,DOTUSDT,SUSDSUSDT,TONUSDT,PYUSDUSDT,CCUSDT,MNTUSDT,MUSDT,TAOUSDT,AAVEUSDT,USD1USDT,BGBUSDT,NEARUSDT,ASTERUSDT,BUIDLUSDT,ICPUSDT,OKBUSDT,USDFUSDT,ETCUSDT,XAUTUSDT,PIUSDT,ENAUSDT,JITOSOLUSDT,PEPEUSDT,RAINUSDT,JLPUSDT,APTUSDT,PUMPUSDT,HTXUSDT,ONDOUSDT,KCSUSDT,WLDUSDT,POLUSDT,PAXGUSDT,USDTBUSDT,HASHUSDT,SYRUPUSDCUSDT,BFUSDUSDT,ALGOUSDT,TRUMPUSDT,RETHUSDT,RLUSDUSDT,ARBUSDT,KASUSDT,ATOMUSDT,GTUSDT,USDGUSDT,WBNBUSDT,BNSOLUSDT,USYCUSDT,QNTUSDT,FILUSDT,VETUSDT,FLRUSDT,RSETHUSDT,FBTCUSDT,KHYPEUSDT,XDCUSDT
BTCUSDT,1.0,0.8828044261943206,0.23151263804440642,0.8062589108857919,0.8021100567988835,0.7393682459618298,-0.30923186079764414,0.8352684932054782,0.8827320130814834,0.7743033321049787,0.8838683032406595,0.47603424962212415,0.9013512401353967,0.8746073854636658,0.9917898078962676,-0.11409483635627087,0.8867999184679434,0.34254952659863147,0.8417645843760606,0.31753686584558716,0.5342893429651822,0.20184547069000128,0.23737501673385938,0.8261975505149505,0.8861111533898501,0.880494768557563,0.565445439814091,0.18389709203691568,0.8822482288377539,0.9929460308556233,0.7675344537874967,0.7524406722787891,0.7438515332398514,0.7267349271963764,0.09206039806021299,-0.19443291089825376,0.07698484347688025,0.9256399323105222,0.834696550227967,0.14988847279820128,0.6781572162018241,-0.004158847037329353,0.7113343841250678,0.20529798887634804,0.6058305530854944,0.7040176741948376,0.49739824440086866,0.7568808943154395,0.8392849835813037,0.22441299269406015,0.5183204562547526,0.7362648960162785,0.6608888011617633,,0.7720932603995608,0.7919507826681373,0.11009189688046488,0.7910613257560373,0.482682778904857,-0.24802282053991428,0.7226800717257431,0.7236029562124604,0.7514035397726593,0.27710987726227543,0.8229790490549942,0.5599568372546855,0.5208151629483054,0.8608074302457555,0.8309138452884055,0.8625595203406083,0.5273498631859181,0.7243677322186369,0.42995335549461244,0.018883795736356786,0.37718300948714456,-0.1594655307331221,0.20167870717038383,0.8632563162034815,0.6354636347379659,0.8704913286301056,0.4256670071598586,0.7730927542142159,0.7156836360348292,0.20924095480683677,0.8403217901398777,-0.19317017509849135,0.807042105456229,0.7228301472298242,-0.6557644495162146,0.7464390369121369,0.6069197864825024,0.8895420060940032,0.788904007508039,0.8794880697924254,0.9416641813077951,0.5417827702379102,0.31778168222682235
ETHUSDT,0.8828044261943206,1.0,0.24533512521761167,0.9166527973214813,0.864430324074816,0.8670336166334277,0.015007353501692805,0.709577573867995,0.9875107346594744,0.8310416545626128,0.9280382735412384,0.43243471513451465,0.8783727429991668,0.9849235073629895,0.8773654410293992,0.07568403357922876,0.9882128745759885,0.27615831039733896,0.8389876958648589,0.44609946491054386,0.4963713725906253,0.5687264470145528,-0.07739115176901126,0.7249798036028529,0.9876855192686441,0.9871199416252757,0.51101624526802,0.06397013006910365,0.8980204652370473,0.8952499632575222,0.5182440840977126,0.9078793077943788,0.9004320011278213,0.8936049647632557,0.12890295175362537,-0.21621885021500872,0.037458804447385925,0.8444887927887379,0.8294520349878441,0.3618496872645298,0.7730180402638865,-0.29525257590611864,0.8629801412599402,0.10188859129256753,0.7848904905272613,0.5815543733336669,0.38638859394758396,0.4762456046019141,0.9181944753429778,0.23064801711375496,0.53629320421389,0.7039603162564381,0.7000465100574836,,0.7463320080636543,0.8090422312534163,0.18641097938906587,0.9304946526934383,0.6260262122892711,-0.31176451295175933,0.8979053348682894,0.857136360833719,0.904832943614568,0.6026181963181971,0.9105034904929074,0.4866593951196972,0.7365348532597452,0.8868496733188157,0.8610532168111092,0.7991344443323442,0.6412389455566275,0.7881197660235388,0.6166086792892242,-0.10946514822050568,0.22446967336721702,0.22851582048873093,0.134996392117069,0.6476820223809986,0.7297106653445363,0.9822401092128932,0.1481647916893411,0.929617045895871,0.8693309848486854,0.23989635814678117,0.8426831867187035,0.06255341394238091,0.8684762342091168,0.860057281376595,-0.5880143812551213,0.7131922688565523,0.6518158878765614,0.9777887610626868,0.7088810761551003,0.9815150743045032,0.828296572439241,0.4707875727213917,0.5940862895407666
USDTUSDT,0.23151263804440642,0.24533512521761167,1.0,0.30990566216991927,0.02052564071460795,0.04475521908853442,-0.220241635935162,0.037460755639076054,0.24332859556169675,-0.04615351504300418,-0.06424277358378574,0.5840470015135687,0.48415394529411954,0.23533877578666224,0.2762878212756867,0.8341693433321038,0.22183222386817494,0.5256865462228023,-0.18161370622263634,0.8754310702995868,-0.28873335380668275,0.34047105125825494,-0.6575442998624517,0.3113909190189233,0.24905204675967108,0.2582422450308795,0.4349390074140935,0.782542816906906,-0.08433745231454676,0.22347207333550098,0.21067864633113548,-0.0888183230714941,-0.023893185212646544,-0.0512530584287648,0.789028006320844,0.37661729009536654,0.9074024146449547,0.27545681405126893,0.25474492960464273,0.686775760412602,-0.32630285220686184,0.6137362329634103,0.17168821871526527,0.4182296194327481,-0.06220521581754532,-0.38182412599342463,-0.009791412224848835,-0.15796105281361897,0.08242247083874134,0.7666770007166491,-0.048374762747955116,-0.3629521833710491,0.3691121560679033,,-0.19693764590493773,-0.08505386353649692,0.9659223064717688,0.5285036798160752,-0.04984710458347276,-0.8476594733891653,-0.045113182658013444,0.031831006627085136,-0.13866325299162077,0.15618458369052227,0.11385379821692107,-0.6025698110302313,-0.2467957465963751,0.0720002211192879,-0.1554345495946663,0.5351594049675622,-0.4460708856551423,-0.2517451363932996,-0.06383350184853416,0.6227907985149153,-0.27018322805566214,0.35587889462039407,0.9643109989599218,0.03418929065101128,-0.25102958936085396,0.25099970619502604,0.4149007226413279,-0.07080954731994282,0.15601160162202388,-0.7383281201632454,-0.10097975481420558,0.029069306450141656,0.014272800870539459,0.011972757618934685,-0.2295188155533272,0.15858201536955244,-0.2863230272462644,0.14317614513585827,0.1714715049081814,0.259532801660957,0.33822754975243297,-0.30339042656200804,0.550355575745057
XRPUSDT,0.8062589108857919,0.9166527973214813,0.30990566216991927,1.0,0.8305620911946244,0.9480557868123276,0.0674124917768769,0.5638107626414184,0.9193322582241823,0.8777111264818147,0.8356351127547695,0.28448577179884754,0.7670204114704581,0.9247445621764554,0.8069433227836865,0.07347207141815701,0.9129221088130782,0.3012884458557369,0.8218716206734288,0.3700327132592983,0.5734049063094621,0.697255963373389,-0.05901014375624447,0.8627316782867074,0.9091044251540481,0.920201016456245,0.4938889132847544,0.024817448045937884,0.7871402029464479,0.8218586906383635,0.6348338479011993,0.8765660248365378,0.8929310517149291,0.8860327504509725,0.08574167721943755,0.07924650655466643,0.15203103403642454,0.8794766355485457,0.6597845260076475,0.32603313377315163,0.6070534417741309,-0.1489787726103133,0.6402133397541762,0.287537314651821,0.8622811712538511,0.4682314901072847,0.12642224469691418,0.506403842085599,0.9313085764942018,0.34640180298887924,0.4792320533442243,0.4967249144455023,0.4840164726516477,,0.6293991541229464,0.7263330881472143,0.21223920339021823,0.8641573121140076,0.7412120493231925,-0.3298393092102436,0.9031213917448313,0.9434015232263813,0.857608990537138,0.7033942628102267,0.9685816816391314,0.37852276806701146,0.5940920283433662,0.7420445642367104,0.8464943034170309,0.755874739341275,0.6302955074555521,0.7058855710794639,0.6461212608386601,-0.15976552141938888,-0.06906715018186144,0.3314423029272481,0.19696559290130575,0.6687197225746683,0.6239203366132395,0.917756782289774,0.274546472696062,0.8687579188212813,0.9472184846094893,0.21666048182073852,0.775772974400311,0.09571642651649742,0.8287144731800575,0.9380398237280828,-0.3664544494194801,0.7584774064946219,0.5866033142727751,0.9061794335135297,0.8545583445486297,0.9135541386208273,0.7175176863538546,0.5473085815524088,0.70139043155209
BNBUSDT,0.8021100567988835,0.864430324074816,0.02052564071460795,0.8305620911946244,1.0,0.8824639576207276,0.27390939646363033,0.7986181338423525,0.8650437859559188,0.963343212023836,0.9100029751266436,0.005550885582766961,0.6672271465155728,0.8725093906346046,0.7781629493461718,-0.10285387482926621,0.8639057037879553,-0.05748195556969312,0.9231228399460357,0.11357187986969323,0.5507546469799309,0.5335221019103763,0.17688376395965688,0.7649059109012897,0.8577855219912053,0.8588542969976719,0.6019269751705743,-0.25380974002920065,0.9454639941078067,0.8231370988671567,0.6093094462129397,0.9064741970661281,0.838217750950636,0.9301124710290588,-0.16609978422119517,-0.01699930950532368,-0.21158630413319432,0.854493023144252,0.7162036931154647,-0.02486662126337361,0.8410115076241368,-0.2332691000282556,0.7134562303899769,0.03348063048634495,0.7867133200775168,0.6933182510332405,0.12495142009961213,0.6551198191222575,0.8514384585669917,0.034659165976291206,0.7583745016721279,0.6152921781826959,0.3954733276258738,,0.7676086478300715,0.9137866647959048,-0.01985529027564441,0.7108134742474912,0.4118742149525842,-0.17726914830697993,0.8406574402967162,0.876713714507913,0.8631836532630591,0.35190778686763385,0.8950565916860314,0.7220357041141775,0.5653110096308939,0.9136438607599393,0.9379023104700739,0.632605896265199,0.849703899358669,0.9526838694572182,0.31512851364525046,-0.3754519864607516,0.13301440388316496,0.07088110779294166,0.008185226723396388,0.7956696118801069,0.9347967203638949,0.8574948209589668,-0.005585217449487207,0.8972105273783556,0.7233418849459736,0.595261041422873,0.9784442042660842,-0.21494287030699377,0.9976090374851592,0.8816524120888426,-0.43713294940073993,0.858953286724781,0.8882454300031436,0.908667169209199,0.7181362482417121,0.8560861553782214,0.6389510401670601,0.5486487677809643,0.5327347992887099
SOLUSDT,0.7393682459618298,0.8670336166334277,0.04475521908853442,0.9480557868123276,0.8824639576207276,1.0,0.22586956253397952,0.5865175764550912,0.8712545974827391,0.9509888544970199,0.8804448963364273,0.062143775203451386,0.6356330783639624,0.8819666649650467,0.7283409130568032,-0.15152798681764734,0.8674686824897268,0.16871697227677931,0.8985267650932574,0.12212544293273296,0.7253852390091087,0.6854393843802643,0.11532180636411123,0.8190881742302863,0.8543957168644153,0.8684864166924877,0.36216332691386577,-0.20973796116198612,0.8382883333736879,0.7605625729871326,0.5851506424620236,0.9504228872372141,0.9522185541890446,0.9615418682149248,-0.18566703187716363,0.09223342547151131,-0.13261502321667276,0.8203774103812669,0.6232654772716303,0.13803655725888525,0.7330822993678808,-0.3070664197182212,0.5914017484854992,0.2520222563022265,0.9585581674038656,0.5302300702922461,0.07982490397633535,0.5714789623932883,0.9129331023057927,0.19686410365966403,0.49094303212196116,0.5582230061615183,0.37366229924590894,,0.7313463655198224,0.7493862336054504,-0.029543549536103147,0.7416305728118382,0.7645806602313748,-0.16877267765158221,0.9626298837730851,0.9995208618510725,0.9195868130991163,0.6866248919245607,0.988869571856467,0.5776300245366196,0.669842179028525,0.7550997554434848,0.931662885383869,0.6425962652257613,0.7936390348735466,0.8119261867396782,0.6454770480803563,-0.3565800671237986,-0.07002095040120723,0.2523949239944544,-0.051361356503224674,0.6870860036332603,0.7441252989696749,0.8682631958846787,0.16629205583060797,0.9256521896614798,0.9390729095687759,0.4784987383005794,0.8434327453034571,0.10507931643432078,0.8788988761339857,0.9976751741290985,-0.2115693215742675,0.733073137426901,0.7492395773731548,0.8943318830256801,0.8614549514456736,0.8611804717692412,0.5982560045463386,0.701731353167633,0.5880942170259642
USDCUSDT,-0.30923186079764414,0.015007353501692805,-0.220241635935162,0.0674124917768769,0.27390939646363033,0.22586956253397952,1.0,-0.08590237271582234,0.015670475976472333,0.24895517044771046,0.03962649895927364,-0.6077758544321271,-0.2954728216121042,0.037966412571083304,-0.33475551901160594,0.14167509073413592,0.005449310878592415,-0.4993452627541007,0.06913734905700784,-0.16038598264761925,0.006776195526806093,0.6018303010311447,-0.2564687987494719,-0.13809177154539026,-0.0005513371958857735,0.012613236446649663,0.0032396695096113177,-0.5629551123969808,0.07497584600988874,-0.2744727405869115,-0.3417660903664417,0.2530847768652689,0.18295661365883803,0.3259102392969261,-0.30244867778158196,0.2691848652174151,-0.3772641562793061,-0.14927815242351866,-0.12038116939910394,-0.08923558080309137,0.24576428072514764,-0.3908944873674417,0.07763499553009465,-0.2130940456467813,0.30849827866627655,-0.13164976244878024,-0.513100641535528,-0.2770358598958237,0.00877480318999657,-0.17521138043830276,0.27698021373704435,-0.20697233439147533,-0.2892652882988536,,-0.0062524395773030095,0.12398990707996572,-0.07256367684915643,-0.025248281572451837,-0.0656518837932749,-0.019678596039323485,0.2129966865697074,0.24038850315328353,0.1820143340839015,0.2233830136518513,0.11639592563837285,0.15445331593247918,0.13973504948265675,0.08612454625417794,0.1275977577342573,-0.2909138653248359,0.42396125411690255,0.29753163689761736,-0.10428887381862062,-0.5120878571155664,-0.3994531793126655,0.4646052109891347,-0.2270436711947734,-0.19911720509709052,0.41653672104799283,0.025342189339318533,-0.6592912517744477,0.21322305594307558,0.056707124513730695,0.4847679036328729,0.16248405347166553,0.10389643542039388,0.2644823196459032,0.24820664989224578,0.3477352881381235,0.09527398425490034,0.3923165527931201,0.05569784622580859,-0.13763377197672336,0.00880294198938498,-0.44697659255398525,-0.02105113235888982,0.39493961164287905
TRXUSDT,0.8352684932054782,0.709577573867995,0.037460755639076054,0.5638107626414184,0.7986181338423525,0.5865175764550912,-0.08590237271582234,1.0,0.7089341527924342,0.7023746186572155,0.8124446363372846,0.24443132950995342,0.7390426452659039,0.7030409627342727,0.8227274972001195,-0.20722274516055048,0.7127815309751946,0.17137339035783739,0.7492652755576483,0.14319532469171334,0.528607783748511,0.07010711889766763,0.3405048571201209,0.6193566405728274,0.7093227113456134,0.7043197008496049,0.4555939776680662,0.06180279356250086,0.8620970448051584,0.8370327091856744,0.5852253150379311,0.668988945393285,0.6245953593763582,0.6597506772752344,-0.13082499076492932,-0.1263888212774777,-0.2252145999822157,0.7290301933902492,0.8520438721898205,-0.04745239068352899,0.7699284143127235,-0.029218779355996392,0.6719321226209304,0.1514357756653103,0.5055774937651396,0.6356141434582515,0.49372916250761256,0.7434820930964458,0.5847024731214151,0.11507596549636036,0.5127538503537227,0.6779170859585605,0.5947937210802774,,0.8393737822111874,0.71545537325173,0.004987225692983462,0.5996056096786525,0.15511270607175043,-0.2581220460669653,0.5779749681137053,0.5706435752362199,0.614718761112079,-0.02220942384338612,0.647748554728872,0.7248102877270004,0.4448921273495707,0.8810091695426667,0.7612966970768831,0.7385090486466738,0.5415481086723477,0.7564348370242081,0.09976627305728514,-0.04203972733077103,0.44590779386716056,-0.367773070269347,0.09165270852538707,0.8131363142196956,0.7496931501745259,0.6943520764099496,0.24046448517796185,0.6776452573635657,0.44306872162667515,0.4330993676463308,0.8436487651632867,-0.309544590318344,0.7995178471426951,0.5741821190166524,-0.48915218471652055,0.6134088713249771,0.7882581546961077,0.7617260267995686,0.5965356739979629,0.7064442280898637,0.7433683401762932,0.549542501052171,0.09605351674894605
STETHUSDT,0.8827320130814834,0.9875107346594744,0.24332859556169675,0.9193322582241823,0.8650437859559188,0.8712545974827391,0.015670475976472333,0.7089341527924342,1.0,0.8341099902894693,0.9287776596309466,0.4286807368944557,0.8767971099582603,0.9845377345615033,0.877424451304775,0.07022947414556495,0.9875245697590292,0.2793690056890815,0.8411869340930784,0.44143251212709433,0.5043427552156792,0.57040088176742,-0.07261386152427578,0.7294486012450723,0.9867079464373218,0.9865484322954943,0.5067532853340768,0.06237464043573981,0.8979169008516441,0.8952203431539953,0.5218973102805408,0.9097930337044607,0.9034172968494587,0.8957263932972351,0.12318765210380642,-0.2089736657812652,0.03548981315063413,0.8459230607200559,0.8283627392716648,0.35956313436190596,0.7725691387653841,-0.2937707081694072,0.8581361445503406,0.10952038558383147,0.7901376316204585,0.5800069527453752,0.3835488019859316,0.4804985495294388,0.9191966395730873,0.23391744039709336,0.5325595960377554,0.7024341193313483,0.6968553478085057,,0.7486767686637334,0.8070742964133653,0.18351564807646312,0.9290222780353646,0.6315191526781587,-0.3114686138203077,0.900722291787638,0.8614751917907717,0.9059546001819438,0.6055729703866138,0.9140006278337202,0.4885673590442713,0.7364192798422166,0.8852916704543313,0.8637233244953988,0.8001772146115563,0.6429039307420947,0.7879858933325378,0.6195404025590374,-0.11134621790818526,0.21928359110322684,0.227173229333501,0.13299426050410007,0.6505570510057302,0.7288448986944802,0.9816699361150101,0.1538007942391314,0.9305524182522161,0.8730784509208196,0.24283472931061684,0.8431465845477765,0.0650351665652612,0.8689026267376551,0.8641835096420061,-0.580107279943838,0.7131525303944368,0.6539174474040463,0.977762626236378,0.7153767884261518,0.9808999675151188,0.8269441644207113,0.4787892422830027,0.5928392849572971
DOGEUSDT,0.7743033321049787,0.8310416545626128,-0.04615351504300418,0.8777111264818147,0.963343212023836,0.9509888544970199,0.24895517044771046,0.7023746186572155,0.8341099902894693,1.0,0.8927353072014707,-0.07128531075776987,0.592457260687071,0.8454208992003643,0.751476118647811,-0.2245126137514975,0.8327096974642086,-0.03160199710984859,0.9568802015848973,-0.007528459441436058,0.6650813051658685,0.5592471912865107,0.27099151293661594,0.8380116194075324,0.8207821145711893,0.8274042107792122,0.5168133443583862,-0.32646549092149496,0.9030861938467045,0.7958652849114556,0.6794879086367012,0.9211740708595881,0.8735843904090728,0.943080540503896,-0.25773659891001,0.06523685525453837,-0.2192890875942031,0.8714375610070205,0.6090408084962954,-0.08130745160965334,0.7826909758070384,-0.2381834117062436,0.5803223271931965,0.11961579337352848,0.865496909375312,0.6908085559906243,0.03326412778872462,0.7061595278331887,0.8957865046072446,0.03580673468360691,0.6906678224355421,0.5880898476091821,0.27562655384395224,,0.7432758298714879,0.8755990752946133,-0.12338650779859832,0.6486820096050641,0.5731690352165546,-0.07434101927699507,0.886385340791525,0.9493140438541918,0.8873777821713706,0.4550290951504615,0.9487880321736378,0.7169657141454432,0.5598009282134909,0.8211899308576297,0.9673397886366969,0.5853752876403122,0.883095688242588,0.9214310318031279,0.4357709256284592,-0.448297772711528,0.020485233775263456,0.09355846936486009,-0.07680975742744371,0.8142957178483791,0.8691973419557549,0.8274537924598836,0.08375236594573186,0.8965943346558014,0.8106912587742089,0.6240393828433074,0.9467943946395226,-0.1490120208540427,0.9610602427622233,0.9510779685383685,-0.31057159866260187,0.8598065303427382,0.8495275923351214,0.8801543997132615,0.8267378374266274,0.8230565600088157,0.5937378112266697,0.6614063276505247,0.5249301201568296
ADAUSDT,0.8838683032406595,0.9280382735412384,-0.06424277358378574,0.8356351127547695,0.9100029751266436,0.8804448963364273,0.03962649895927364,0.8124446363372846,0.9287776596309466,0.8927353072014707,1.0,0.2528746454957134,0.7822645153935431,0.9281562169060862,0.8660624149710177,-0.25302521083409096,0.9353682174192065,0.17340139231734678,0.944130533401425,0.1463891156393071,0.6843511069811267,0.40093182705062747,0.2316709321099689,0.7030560641426933,0.9247171328066576,0.9235561823019458,0.3806053725991167,-0.1361675777893499,0.9819773822694876,0.8964355626372523,0.5445089691142677,0.9558143357655331,0.9317315131922687,0.9313679971700783,-0.174793282879961,-0.2643569134666324,-0.2801632218465744,0.8175532028154541,0.8358088392276697,0.09843707202004416,0.9183253756764397,-0.40338826438960174,0.8073009465958771,0.07661978012112258,0.8303445795656,0.7274588407450011,0.4452704676567088,0.6549217537701593,0.8889915733665209,0.04966980559959238,0.5443502587031742,0.8454703967708834,0.6234587297653991,,0.906035415784656,0.850700211960355,-0.11841327120493486,0.7745962607297783,0.6131649845462677,-0.10224404523619875,0.920508472049915,0.8721825199438719,0.9471029545572051,0.4728360387566233,0.9098384378164529,0.758076995071258,0.7925326869179002,0.9271949852923641,0.962792272289591,0.7229022534822588,0.7876070368830066,0.9023660999585168,0.5791522420607402,-0.26529476198479823,0.34158879428004735,-0.01606030489191859,-0.1335007210948258,0.7514057725174552,0.846204576854394,0.918664989007268,0.12666357690237978,0.9649530766582222,0.8169138529245114,0.5158654417484981,0.9360576418118423,-0.00692481272238988,0.9139701439747973,0.8791842732984572,-0.4929022663597797,0.691447165726618,0.8261580747903003,0.9641447737859511,0.7390610991514552,0.9188828101383874,0.7820815223949497,0.6724117423070067,0.34926951506764586
FIGR_HELOCUSDT,0.47603424962212415,0.43243471513451465,0.5840470015135687,0.28448577179884754,0.005550885582766961,0.062143775203451386,-0.6077758544321271,0.24443132950995342,0.4286807368944557,-0.07128531075776987,0.2528746454957134,1.0,0.707932866531241,0.40427287393069944,0.5121381942822256,0.3672502308117549,0.4305898066246522,0.7282783642666936,0.024711833601658243,0.7671893195041721,-0.018437466385371713,-0.0263265118261812,-0.36534540565577117,0.15586727503706743,0.4463606133534915,0.43935070424089284,0.09969452589525465,0.7800820091337459,0.17755532817781589,0.4549009746390794,0.09914341059590655,0.11572508747113193,0.20631643963995036,0.051677664470498486,0.6133020252601428,-0.34127492775858626,0.5080777914856643,0.254440842987694,0.5607675580814545,0.707758842925155,0.06209236328194692,0.10252100492709984,0.49766075942446175,0.23982092857847068,0.02555015102365358,-0.02984022347677685,0.6966564078799244,-0.029052666537515585,0.2279091937451023,0.5028235530558673,-0.22063342617268575,0.31741775377371967,0.816066847682309,,0.2180450695395599,0.02076840172639248,0.5400400091656021,0.6147285381917447,0.24535622412225291,-0.4909300401768938,0.16417391644103357,0.04348184344226901,0.1502517758157003,0.25113118225412207,0.1669266427703659,-0.24473735144907474,0.30493405613758806,0.272726944202925,0.03836273917410567,0.646830332359041,-0.33654723548424026,-0.1075732119401818,0.38062212634498066,0.6436561687889494,0.36594306175610697,0.04055510445044848,0.47270293331728547,0.06472074249276251,-0.16621267861942848,0.42636574347019407,0.46419850772644017,0.18100220655839863,0.2868138320365698,-0.6188694412104321,0.01674278102633023,0.25833158830177644,0.013772039122087552,0.03825972953708012,-0.5172259778347865,-0.04574344847366302,-0.19862041729080718,0.3447643964891114,0.15543799478121678,0.438371213618833,0.6620162567900815,-0.04065854843013353,0.10180177874755052
WBTUSDT,0.9013512401353967,0.8783727429991668,0.48415394529411954,0.7670204114704581,0.6672271465155728,0.6356330783639624,-0.2954728216121042,0.7390426452659039,0.8767971099582603,0.592457260687071,0.7822645153935431,0.707932866531241,1.0,0.8818249957428673,0.91583670953633,0.19207983377906418,0.8754560453492901,0.5566862864040255,0.6258051228197217,0.6423373400173894,0.39548773349259814,0.3129378790329431,-0.11766917857681813,0.6700877621611641,0.8826343094978141,0.881281228035454,0.4692988072020724,0.460836875654153,0.7515121555128822,0.8979470480354284,0.5311508486010509,0.6695525117507026,0.7004599731997951,0.6420802583961837,0.33326730743047467,-0.17350823058387155,0.25992247832172655,0.7767081505066448,0.9101157392862386,0.49629847006095457,0.5786887992550093,0.009902247179274406,0.8002540690977955,0.29535747671688195,0.5442185924440162,0.4062325759289601,0.5949368828943062,0.4674316858635474,0.7114244323413849,0.46577186250868347,0.3054437245144472,0.6063696984223017,0.8646833370935677,,0.6887136626017663,0.5917793957573879,0.418019550195349,0.9214596520660631,0.439433156424735,-0.5391543433098529,0.6622951049310211,0.6170731799307979,0.6507269213065312,0.38086796048047905,0.7241867955089223,0.29635213646617714,0.5503739583732393,0.8049922451949412,0.6501344175053448,0.9454556911148699,0.2816598341066215,0.5305444861951091,0.4502236843534298,0.2702535267286329,0.33168688846775646,0.020774380626594514,0.4096931668676806,0.6229139446169946,0.47533781913607537,0.8694150618669164,0.42761501684363645,0.7045632093587397,0.6852854900701048,-0.07543589512052719,0.6605709826222506,0.02485144026035145,0.6705544110641847,0.6133377352959783,-0.6234224256957025,0.5375400053470395,0.4537645218895731,0.8473367496271921,0.6432947596108376,0.8792870725004861,0.925229467393055,0.3822101476123345,0.40206332019753005
WSTETHUSDT,0.8746073854636658,0.9849235073629895,0.23533877578666224,0.9247445621764554,0.8725093906346046,0.8819666649650467,0.037966412571083304,0.7030409627342727,0.9845377345615033,0.8454208992003643,0.9281562169060862,0.40427287393069944,0.8818249957428673,1.0,0.8686313645063852,0.06621640890415133,0.9847298867302738,0.26514360954917,0.846649663014999,0.4275571080082084,0.51124936397599,0.5866219188109056,-0.06977333489243731,0.7352537942265466,0.9834488637171038,0.9839945235556774,0.5074631260696627,0.042480537652895174,0.8978771281266562,0.8880342420793899,0.5238656976757465,0.9160951529785926,0.9084355674964689,0.9045881272440255,0.10920981640681664,-0.19114217655881016,0.027427780593921227,0.8469624327172987,0.8173560240965495,0.3486834143434242,0.7735558146489147,-0.29706308716214697,0.8486881096451291,0.11089003375668922,0.8018382400153556,0.5784984860282073,0.3596585705850039,0.48181885503615474,0.922551470197736,0.22975229551281984,0.5402651055287052,0.6923073073104252,0.67745122192713,,0.7459424880824685,0.8103431283515214,0.17606759284049167,0.9229119750036227,0.6361415290266809,-0.30649443743846927,0.9072137996497738,0.872791812826036,0.910329634383931,0.6127149644448436,0.9211695514513552,0.49341670647750796,0.7334249286817843,0.8823600572462932,0.8699362003533418,0.7903017895608776,0.6570977878065749,0.795270979705465,0.618387599077573,-0.13028889482877573,0.19954579914796045,0.23751989874674692,0.12562316155066738,0.6520739602617448,0.7370800885048971,0.9795185809205472,0.1445123928875905,0.9344016313813392,0.8784228618033654,0.25897813726069957,0.8478044024875712,0.0644228544888314,0.8759366088832701,0.8753732789703781,-0.5633072806435697,0.7211377296100708,0.6634083035005209,0.9769385343914021,0.7216601337202887,0.9782180197482396,0.8126683797809213,0.48547696193791695,0.6037739652880443
WBTCUSDT,0.9917898078962676,0.8773654410293992,0.2762878212756867,0.8069433227836865,0.7781629493461718,0.7283409130568032,-0.33475551901160594,0.8227274972001195,0.877424451304775,0.751476118647811,0.8660624149710177,0.5121381942822256,0.91583670953633,0.8686313645063852,1.0,-0.08487998813959682,0.8804606387395656,0.3917466446963863,0.8148776497288227,0.3554611710639224,0.530304514725739,0.20342849874571262,0.20985500117988778,0.8284845544133304,0.8805679681007947,0.8762226280146458,0.552947482952868,0.23662899219600333,0.8588793409503589,0.9891544975743806,0.765522015980761,0.7332136678904683,0.7339932265436655,0.7071722841286335,0.12428629835225766,-0.16991921957329256,0.11910701032003332,0.9193963062070283,0.8406321790122665,0.18962692446180288,0.6475226209351593,0.02877363156699962,0.7016129236214503,0.24681045386726044,0.5969639934053461,0.6633020377268248,0.5080045282443959,0.741639520569112,0.8239892294774069,0.27459221284932095,0.47810911229771175,0.7110999317821977,0.6806058869804972,,0.759562339822425,0.7575063899032478,0.15353582288690254,0.8038131877525516,0.48649899172700717,-0.29028722917797173,0.7096292169401954,0.7120181636762961,0.7291326708724022,0.28533650853527487,0.8146770925248082,0.5192626268267615,0.50648796823397,0.8441547617361685,0.8072147140660897,0.8857466423112078,0.4829504276379679,0.6868251821527152,0.43352983921301363,0.06524618443264564,0.36185989878978714,-0.15275389446560894,0.24318616721152064,0.850058681106043,0.5967203830446016,0.8656096855019351,0.46522616671624734,0.7539143473466019,0.7164276270652628,0.1597926708394772,0.8121241284483521,-0.17127755076797405,0.7825328209817655,0.7097623030161886,-0.6425546170017301,0.7236191788444211,0.5766809891601681,0.8791716961502782,0.7936390637076473,0.8752219443753277,0.9490489366322996,0.5367117466622566,0.3199969106165512
BCHUSDT,-0.11409483635627087,0.07568403357922876,0.8341693433321038,0.07347207141815701,-0.10285387482926621,-0.15152798681764734,0.14167509073413592,-0.20722274516055048,0.07022947414556495,-0.2245126137514975,-0.25302521083409096,0.3672502308117549,0.19207983377906418,0.06621640890415133,-0.08487998813959682,1.0,0.05086472018967046,0.15581921806128526,-0.387200312926021,0.8245749115744533,-0.6129977948131904,0.4487658284743817,-0.9097732305981422,-0.088172688030069,0.08171187148950174,0.0833295721002487,0.370315795455993,0.5214593848788109,-0.2487596126891098,-0.11039598894800942,-0.22571051670865688,-0.19675784099190013,-0.18335348310935734,-0.14603542966212255,0.7852770875668629,0.20965000477623758,0.7522879986485522,-0.05254365794263332,0.02259855125178078,0.6708673226972114,-0.35209406309235236,0.3211546295977475,0.182978047527012,0.01417182277299878,-0.2168204499298982,-0.49801691310075075,-0.19651357075059303,-0.5689678567778671,-0.10054603452870178,0.4784949078786018,0.023158532859446006,-0.48932823839410416,0.20073861597271347,,-0.43365355399047195,-0.15389132798219285,0.8995950446471239,0.362495876992976,-0.2578170036408563,-0.6959222888984449,-0.1766814670961743,-0.15733560756756326,-0.22766148618665777,0.15202831473412257,-0.12457839917419546,-0.7017087101842262,-0.23507917866647313,-0.0680997718485179,-0.35665803213702746,0.15515409363871424,-0.4222507302966304,-0.2944018734431132,-0.18198579431669315,0.43133099899762406,-0.30943586817245894,0.6134065611165276,0.7795943991971634,-0.34873517168853324,-0.2251777427790722,0.08363633671248624,-0.11667981155446386,-0.1657467382466997,-0.05772609373183901,-0.6662911923312775,-0.2538673796339039,0.0943101319924971,-0.10597929154325668,-0.16584836428825353,-0.19424717082940537,-0.0021867152302863777,-0.36235657050712355,-0.03293992927432089,-0.2552050162946221,0.08334912646021828,-0.0036438795847443728,-0.644539737911456,0.626441024101805
WBETHUSDT,0.8867999184679434,0.9882128745759885,0.22183222386817494,0.9129221088130782,0.8639057037879553,0.8674686824897268,0.005449310878592415,0.7127815309751946,0.9875245697590292,0.8327096974642086,0.9353682174192065,0.4305898066246522,0.8754560453492901,0.9847298867302738,0.8804606387395656,0.05086472018967046,1.0,0.27129348842255313,0.8481738293960112,0.42794758141337197,0.50632849128492,0.553425984326846,-0.056872664781800954,0.7216276648510535,0.9879048656553892,0.9867626511276762,0.5012576340647618,0.051249141468005965,0.9046869008135138,0.8989807857316855,0.5194413200391428,0.9124860614954421,0.9043990195021172,0.895500783890126,0.11384689454641034,-0.23640192867493248,0.018700901114977676,0.8438759909584282,0.8290073156337009,0.3481279702925452,0.7832923719059759,-0.3110942037870561,0.8638181129182277,0.09180470590869008,0.7865634756113924,0.5988041563377952,0.3988103568420241,0.4860288133636711,0.922718179653552,0.21195282070565388,0.536209320900107,0.723731448329979,0.6999481047572351,,0.7559731193146325,0.8148241116259143,0.16098425676915307,0.9227879750225613,0.6346030839767417,-0.287718537341474,0.9022438758308149,0.8576549836583793,0.9127712706637419,0.6010105365562255,0.9111143962336374,0.5031495793933869,0.7482431680014389,0.8886016747581824,0.868518756010486,0.7930222540271104,0.6509899228811765,0.7950407440723842,0.6272534111341254,-0.11956390532909603,0.24123066453278635,0.21464112521017403,0.1108630868844585,0.652038806148411,0.7339073775616246,0.9818745666712977,0.14670135397119236,0.9348480566615619,0.8706719371841944,0.25298828894677106,0.8474147927335269,0.06266605372083794,0.8684038263429129,0.8611067766326488,-0.5929775715003474,0.7108755391657828,0.6557983062119492,0.9795427349696032,0.7095087543660511,0.9811131554809921,0.831877902188242,0.481206952469169,0.57667213169728
USDSUSDT,0.34254952659863147,0.27615831039733896,0.5256865462228023,0.3012884458557369,-0.05748195556969312,0.16871697227677931,-0.4993452627541007,0.17137339035783739,0.2793690056890815,-0.03160199710984859,0.17340139231734678,0.7282783642666936,0.5566862864040255,0.26514360954917,0.3917466446963863,0.15581921806128526,0.27129348842255313,1.0,-0.015262224372802837,0.5589293733792989,0.35990697973181396,0.04217047994716031,-0.1931539259292241,0.26938333123729097,0.27319069798132845,0.29266096636709327,-0.23079754937173486,0.7808390976953481,0.0584841470206416,0.32296489547068197,0.15493000149042793,0.10595590908273304,0.26493148137248385,0.0631536068657747,0.31162338534198714,0.16321313510154326,0.39524261056379595,0.18280532222829282,0.4930122523967847,0.6315062914913184,-0.034230008174016176,0.24992569137029108,0.1783398907428786,0.7283968442122706,0.22464797098708453,-0.3072515186016606,0.5352672044368152,0.08771012296190298,0.09557702626697501,0.7735985799595806,-0.5537251606327726,0.09345513454470197,0.6488140342191264,,0.2968685042124442,-0.24888791760241313,0.481243382853442,0.4726623871308158,0.3902142134274937,-0.6102329876659237,0.19581854929694678,0.15578692189938614,0.06389418009553244,0.3163588739749062,0.22592129091625754,-0.22518244774967253,0.21351067389349312,0.11793536389898543,0.046816546862659764,0.6766167136282286,-0.38497852023453355,-0.23478350364485998,0.3916331632575637,0.6421042224308704,0.03778899732443899,-0.05549831887297298,0.43739883875715596,0.1027055345382239,-0.2914999036534531,0.2788738858045785,0.753917882556597,0.11284008031589221,0.3509604477228693,-0.5176785161809522,-0.07337091562732868,0.42902309246516984,-0.0631616765931084,0.13693725724826625,0.04953938745310963,-0.2016435275801871,-0.11551903254068413,0.22791108008588362,0.3905106721656607,0.29042862042904044,0.47316766160798585,0.3388065246055381,-0.033582758481604316
LINKUSDT,0.8417645843760606,0.8389876958648589,-0.18161370622263634,0.8218716206734288,0.9231228399460357,0.8985267650932574,0.06913734905700784,0.7492652755576483,0.8411869340930784,0.9568802015848973,0.944130533401425,0.024711833601658243,0.6258051228197217,0.846649663014999,0.8148776497288227,-0.387200312926021,0.8481738293960112,-0.015262224372802837,1.0,-0.07856738729182254,0.6979345258812856,0.3641187928678702,0.4131469635285942,0.7885387531288574,0.8339274903462378,0.8322783928937288,0.4567726229475422,-0.33274633599246367,0.949378396271182,0.8568764630770287,0.6876226351197962,0.9184573460701261,0.8694197888375421,0.908829172455179,-0.2970752268380268,-0.17133457854979603,-0.3117566070411325,0.8662204257755922,0.6458282412464214,-0.14252767547750908,0.8456602205403556,-0.3317327567983657,0.624505180890024,0.025453367712954166,0.8118586890740399,0.8350025504610842,0.22637264828140602,0.775248114563846,0.9155154098001204,-0.09461158424782239,0.6678189078139378,0.7782591139817094,0.35317528862887554,,0.8150064308659153,0.9098785340286539,-0.27892116090614344,0.61362856491548,0.6075751538975813,0.0906469280777359,0.8798527496604053,0.8946816119757668,0.9207460616966433,0.40065006575156864,0.9152843681474957,0.812647344271268,0.6476374078245345,0.8431748446018016,0.9901053389843604,0.5778625348221433,0.8895938167039676,0.938470964707984,0.5118543284686256,-0.4397357986138162,0.23775231493395443,-0.058338917796028414,-0.217929527659658,0.8431697053288143,0.8600972620996209,0.8304752866050088,0.11200934078272673,0.91050030659036,0.7894105235859552,0.6435736805221319,0.9596343034823336,-0.16155607362424967,0.9264681136490552,0.9010321402384418,-0.437346475659222,0.8159229620109165,0.8267856057411981,0.892154216405299,0.7987519920680624,0.8282700152202152,0.6859658426251953,0.6943982596309781,0.34886830303886646
BSC-USDUSDT,0.31753686584558716,0.44609946491054386,0.8754310702995868,0.3700327132592983,0.11357187986969323,0.12212544293273296,-0.16038598264761925,0.14319532469171334,0.44143251212709433,-0.007528459441436058,0.1463891156393071,0.7671893195041721,0.6423373400173894,0.4275571080082084,0.3554611710639224,0.8245749115744533,0.42794758141337197,0.5589293733792989,-0.07856738729182254,1.0,-0.22970929692436404,0.4136039031314315,-0.7803444057907776,0.16568382988583724,0.4537709356817052,0.4558422751279157,0.33205657647992304,0.7493665595538295,0.10213225855827761,0.31277583227768097,-0.012911042041367388,0.12135284583874219,0.18329537828267506,0.1241649413944993,0.7888130492976875,0.0051871093394615575,0.7082529030778537,0.23818828067280368,0.4835829202470335,0.8644566079009967,-0.030307678724123672,0.210474424550603,0.5185011939882105,0.23000988569208827,0.06789568304235294,-0.2816466822133254,0.29175301516995134,-0.2822744096078742,0.19676416700504498,0.6632829405388259,-0.043451191157080654,-0.04965421938984686,0.6815422816180237,,0.014081944586651577,0.027739272252396377,0.8983574920146354,0.7209779112387146,0.07896522761026821,-0.8122141778929417,0.15714429550574005,0.10745923777954378,0.09759334066826672,0.34589479741889656,0.19174966011396793,-0.46298102295821336,0.14974006944650295,0.2697095845790942,-0.035917841557834056,0.6032099540858152,-0.3197766260850799,-0.09501081665329887,0.1775896236216403,0.5879840788802395,-0.013372229149611689,0.4454877466886671,0.7690312326535824,-0.06613296862431384,-0.07933392064411023,0.44816865714966747,0.2117243533719965,0.16950374595315817,0.2802517924462919,-0.6646771229746515,0.008980033858780639,0.23690895461637893,0.11374115967219382,0.09816565190118436,-0.40549276670708856,0.08033573138333719,-0.16039382010444994,0.3383010912528165,0.07595046785091919,0.45415059588986983,0.46214619792339895,-0.28160313749519283,0.5518962020297122
HYPEUSDT,0.5342893429651822,0.4963713725906253,-0.28873335380668275,0.5734049063094621,0.5507546469799309,0.7253852390091087,0.006776195526806093,0.528607783748511,0.5043427552156792,0.6650813051658685,0.6843511069811267,-0.018437466385371713,0.39548773349259814,0.51124936397599,0.530304514725739,-0.6129977948131904,0.50632849128492,0.35990697973181396,0.6979345258812856,-0.22970929692436404,1.0,0.19763150084255257,0.5178879000354739,0.5850589114010014,0.4789679736953333,0.5008156720530573,-0.18170776422298904,-0.15757766939676074,0.6196997776298604,0.5404607810856754,0.4551603786759416,0.694207864840978,0.7516121763660766,0.6704737291138051,-0.5478368487541221,0.1496528241101514,-0.45616089771772217,0.4961690320193212,0.5351519537517221,-0.09699333880252627,0.6262799608912429,-0.2560010050849886,0.24994866764404913,0.5046287655067921,0.7999285038087237,0.3614924952702409,0.2995490604738181,0.6694320155490763,0.523372856603272,0.18627701856894566,-0.0032840749158447526,0.5467633488313663,0.3024546425039849,,0.813756438036361,0.347700057715157,-0.3478752154506077,0.3457253318104022,0.6720742964421957,-0.005558513717339201,0.7151451306843566,0.7252806734973309,0.6393001690887032,0.392038378951536,0.7036942064637369,0.681238578770595,0.5739278791162552,0.5047391265398663,0.7420717020008906,0.5162803192532025,0.5549167894401714,0.5385791156613905,0.5326957708755562,-0.23043485586323895,0.06378681965715588,-0.24752202426641204,-0.3235509066416858,0.6044967237568217,0.472253256194951,0.4956837039633676,0.42269786416613575,0.6478718174278248,0.6590799565766775,0.5431781750438931,0.5902181754560153,0.19709500579143416,0.5433432220578202,0.7201398509511566,0.19043015065171393,0.28033597500041746,0.6804634833744355,0.5745862807282502,0.7777386631670783,0.4960011637439385,0.41422909003546854,0.9683770412755675,-0.06845083605879174
