,BTCUSDT,ETHUSDT,USDTUSDT,XRPUSDT,BNBUSDT,SOLUSDT,USDCUSDT,TRXUSDT,STETHUSDT,DOGEUSDT,ADAUSDT,FIGR_HELOCUSDT,WBTUSDT,WSTETHUSDT,WBTCUSDT,BCHUSDT,WBETHUSDT,USDSUSDT,BSC-USDUSDT,HYPEUSDT,LINKUSDT,LEOUSDT,ZECUSDT,XLMUSDT,WETHUSDT,WEETHUSDT,USDEUSDT,XMRUSDT,CBBTCUSDT,LTCUSDT,HBARUSDT,AVAXUSDT,SUIUSDT,SHIBUSDT,DAIUSDT,WLFIUSDT,SUSDEUSDT,CROUSDT,USDT0USDT,UNIUSDT,SUSDSUSDT,TONUSDT,PYUSDUSDT,DOTUSDT,MNTUSDT,MUSDT,CCUSDT,TAOUSDT,AAVEUSDT,USD1USDT,BGBUSDT,NEARUSDT,BUIDLUSDT,ASTERUSDT,OKBUSDT,ICPUSDT,USDFUSDT,XAUTUSDT,ETCUSDT,PIUSDT,ENAUSDT,JITOSOLUSDT,PEPEUSDT,JLPUSDT,RAINUSDT,APTUSDT,PUMPUSDT,HTXUSDT,ONDOUSDT,KCSUSDT,WLDUSDT,POLUSDT,KASUSDT,PAXGUSDT,USDTBUSDT,SYRUPUSDCUSDT,BFUSDUSDT,HASHUSDT,ALGOUSDT,TRUMPUSDT,RLUSDUSDT,RETHUSDT,USDGUSDT,ARBUSDT,ATOMUSDT,USYCUSDT,GTUSDT,QNTUSDT,WBNBUSDT,FILUSDT,BNSOLUSDT,VETUSDT,FLRUSDT,RSETHUSDT,FBTCUSDT,XDCUSDT,KHYPEUSDT
BTCUSDT,1.0,0.8971995900960171,0.22637268366277566,0.7794853575097989,0.7529729186234647,0.6874760781276079,-0.3186951163470177,0.7996774300999183,0.8220386837695114,0.7264385920033857,0.8155777426413291,0.4633700616398398,0.8267346898308816,0.8158097338889957,0.9331442605974303,-0.10663568634791935,0.827168293582936,0.2999999625129953,0.31102014850553095,0.5116615096868049,0.7934629199629533,0.19381162202319988,0.22774036448184992,0.7655447133558926,0.8295398764117682,0.8221279924509487,0.17416663378178812,0.5604046660209514,0.9331281662196035,0.8315286125569447,0.7275178480071809,0.7270077130786772,0.7186088813678988,0.6830182177022527,-0.19024836294081895,0.09435053101661406,0.07343396952974361,0.8986552202544149,0.15653336669496426,0.7863010638732318,0.004641093954485506,0.6898882858267327,0.20930125706960098,0.6172926023316497,0.6548072945444968,0.4526584565768632,0.569762374122733,0.7348825118995321,0.8127471236013707,0.21530408623571057,0.5034743504819382,0.7004998631199436,,0.6325047756678943,0.76028094945405,0.7102995641340923,0.10538411141103053,0.46153139658192416,0.7359736447071299,-0.23920689876517193,0.7023346910524092,0.6768321958238177,0.7119705720669778,0.7669399743461687,0.26972940579636534,0.5211923685339993,0.4950627861020283,0.8383746416655502,0.8007746960976843,0.822848199521232,0.502568842411939,0.6772373155412492,0.5488259811056336,0.4094106024377834,0.02752869017027831,-0.15239591849842274,0.19757266079502728,0.40508284626521973,0.8380306999110652,0.5876738310841211,0.4223030564409417,0.8295533757733867,-0.20755953802318927,0.7444176436548399,0.20095628125861117,-0.6371496915930268,0.8165137876455189,0.7076633936102863,0.7658645931100407,0.5793571537017116,0.6873648416638577,0.8504289236827478,0.7713214818500002,0.8411588948073346,0.9220935520964955,0.30985475913207833,0.5332621454778795
ETHUSDT,0.8971995900960171,1.0,0.23715760242753883,0.8771408057032579,0.8027836376837384,0.7981962946805053,0.011601933544471517,0.6706993888800961,0.9098832985205272,0.7714426126826307,0.847170722543131,0.416365837988032,0.7967203840009809,0.9089657669586246,0.816029738743179,0.06618328381976381,0.9119986777666784,0.2389805362234701,0.4315024668632742,0.4697943602106852,0.7822061451503921,0.5414546442083431,-0.07563072542940123,0.6643922625410154,0.9147896964625445,0.9119113765117498,0.06086026650124695,0.5010229146967641,0.8317221042876581,0.8372142267629119,0.48544143402246115,0.8678528776139239,0.8608550008736257,0.8313703417807075,-0.20881944791136678,0.13160152563888344,0.03807009136944214,0.8106080463841902,0.3651243211993986,0.7725930821007715,-0.20281822178534495,0.8275750386282007,0.10301758562738207,0.6965781717513156,0.5345067103106144,0.3467486790575001,0.7308284637709401,0.456542729788279,0.8796982664295803,0.21881934890163568,0.5150997709836767,0.6622794930551313,,0.6625909409590878,0.7680976172477243,0.678715305917476,0.17711203977183632,0.5930720652285404,0.8570031851681456,-0.2968057898670721,0.8628233939254474,0.7937951496641524,0.8486120243976054,0.8397437520185642,0.579518797620668,0.4472388001668702,0.6932470537101055,0.8535800751369329,0.8206096689390548,0.7536314329963644,0.6049444867284095,0.7290530134315235,0.6569761840982187,0.5817568357807413,-0.11169091916930231,0.23221521218876337,0.13114152781429397,0.2368977003210139,0.6211345982964228,0.6679746486434605,0.14585851655679233,0.9258435682599002,0.07148479902401483,0.8856194621929561,0.22837390358987786,-0.5647235775835879,0.8094193595808338,0.668391580809081,0.8151832004871213,0.615104892385597,0.8093658081345783,0.9245097111410981,0.6855042081681755,0.9284249658429348,0.8016364601629588,0.5716924868228583,0.4577531420871155
USDTUSDT,0.22637268366277566,0.23715760242753883,1.0,0.30966089304361305,0.021612298226949583,0.044484388556764884,-0.22801321991305376,0.03823627030097701,0.23491663796545356,-0.0431541593380715,-0.05924339910962396,0.5833510073103947,0.4596878134597071,0.22750438482827443,0.2691949862259088,0.7820556052840744,0.21463480416176364,0.47910713480157735,0.8772667860501566,-0.2841679153753084,-0.1750302123247274,0.33712761840226835,-0.6516462528781403,0.29876789904981976,0.24154613556219412,0.24979907817932884,0.7526311737654579,0.44591310385267424,0.2178173514810433,-0.0799305008266475,0.20633413369558734,-0.0874570661153061,-0.02268110092241889,-0.04823799496512199,0.3774300373319303,0.8354095270498652,0.8140448648624321,0.2751015206458926,0.7078380827117124,0.25012873489004606,0.44788938087229063,0.17209341843122986,0.434051551628737,-0.30521806617107156,-0.3650050682982635,-0.007598652231223516,-0.05922474446186516,-0.15729692593209413,0.08273009046014311,0.758138546566595,-0.04785489129677197,-0.3547937235476151,,0.3658263098846109,-0.08306107921636585,-0.18517527233666975,0.9566438875678489,-0.04834233653173972,0.5089342781069344,-0.8373695165371876,-0.045029937352313566,0.03217586237483095,-0.13414129017402587,0.11083139891244784,0.1553461631087402,-0.5788964324142284,-0.2409867573317433,0.07286125410473827,-0.15328928332037212,0.527217589960554,-0.4376053525001598,-0.24130285575556926,0.11813057384551802,-0.06194492971566805,0.6887717860915117,0.361967370475207,0.9590771097519368,-0.29917510383469154,0.035257103341421035,-0.23819020152287326,0.42118490815025506,0.24704932445625252,0.030642492881664776,-0.0692411089024555,-0.7394374501834191,-0.2295432037984502,-0.1002141556864563,0.15321971945526314,0.01541252400602843,-0.28089051380538393,0.012683984342971025,0.14186995527235088,0.1727510922181317,0.2562259899493835,0.34057224708498796,0.5476850663568307,-0.30677812748897365
XRPUSDT,0.7794853575097989,0.8771408057032579,0.30966089304361305,1.0,0.7999547843096372,0.9067255778061007,0.06989346106829745,0.5497998684135927,0.8785240761168559,0.8457337049475566,0.791364982776975,0.2840968939898957,0.7215232758427635,0.8850144364290636,0.7782009285609457,0.06932270209197906,0.8737990869280247,0.27253947704731696,0.369973249666796,0.5623874252596299,0.7950626095067505,0.6891238886832352,-0.06026827814066395,0.8217536691622657,0.8731368884816907,0.8815897115753548,0.024350662295670327,0.503709476877282,0.7916779076114072,0.7613041650603334,0.6174759068618413,0.8684152619695765,0.8854654992515768,0.8551909357114192,0.0800665832876668,0.09358100435592623,0.13977460440526882,0.8743519433689223,0.3368365638366742,0.6366178538629959,-0.10871837778926169,0.6342321009592905,0.2973546156408795,0.5669692103078281,0.446729365654862,0.11519946294217244,0.8332033477426085,0.5022201618397633,0.9256907442326515,0.34089701319179117,0.4766724486091656,0.48437039305622126,,0.47389846683974635,0.7146295509794888,0.5929904150977997,0.20967722082345408,0.7305619727433325,0.8262882808367784,-0.32371158260237104,0.8985564225611105,0.9075863933632127,0.8345917900105372,0.9275695412257376,0.7019197101834599,0.3600124640908117,0.579369962020979,0.7376971360328823,0.8359591296652029,0.7387984386678044,0.6168679179856179,0.6771929518478447,0.7362488531063858,0.6342320298581199,-0.17869273985452822,0.3421305924664988,0.19578033279949594,-0.07891115153584155,0.6648653972384898,0.5920091171141164,0.2783949603049971,0.8963087397776582,0.10811141283944006,0.8577325776460873,0.21429564547759558,-0.3637543068608741,0.771140976799638,0.7347369043482017,0.8062153728270186,0.5723384051174198,0.9159007267080498,0.8875400778794901,0.8570958131248702,0.8951632910466291,0.718100527185063,0.6991390129734965,0.5495426726521445
BNBUSDT,0.7529729186234647,0.8027836376837384,0.021612298226949583,0.7999547843096372,1.0,0.8177464965782631,0.27244759847154343,0.7614011608955212,0.8022592802462195,0.9009487473703858,0.8361404143431432,0.005736722329191618,0.6082438602746241,0.81061652710047,0.7284795838680391,-0.09687036293133328,0.8024848560165336,-0.054596254878196304,0.1118201554842234,0.5254454541173901,0.8669536797355205,0.5114952294135038,0.1684012165498944,0.7055898073265626,0.7997349680437991,0.7986461560321908,-0.23501811193335648,0.5941842560505547,0.7698387418211378,0.8874895484207642,0.5749832629898887,0.8730455057494058,0.8069630842866017,0.8715304739802475,-0.017461067992071443,-0.17139663943980465,-0.17738725957884985,0.8268394678690036,-0.017918957622609664,0.6706974075255834,-0.15691058878747965,0.689456925254447,0.03568731703354554,0.763084977069417,0.6419222377399045,0.10970915910723564,0.7376747966266487,0.63371848331667,0.8216446676426074,0.03238713927393192,0.7346495297403386,0.5819912452673495,,0.3753786922661479,0.8743186775187597,0.7027855510960274,-0.020040756383498396,0.39202325274763633,0.658012893753493,-0.1707908202490831,0.8145012708565239,0.8173328592348591,0.8150443855561642,0.8309934322634775,0.3414093307701488,0.6701470302224198,0.5353303740178023,0.8868368638512989,0.9008474223439588,0.6002260701737833,0.8081820978660728,0.8881906763115885,0.5547726487852037,0.2985161972417909,-0.39608305955681106,0.0794885836232345,0.01052590215210714,0.13830762695411866,0.7692573760863259,0.8628195365491366,-0.004202613149768884,0.814156964831543,-0.22953543282683425,0.8610752950068437,0.5755462340191883,-0.42303379011413217,0.9476787919664776,0.8120609543522725,0.9437469752545817,0.8460448392086264,0.8357179470206008,0.8655629529672212,0.6996770030877324,0.8157810824983737,0.6234312933242342,0.5171856027655521,0.5384644279602478
SOLUSDT,0.6874760781276079,0.7981962946805053,0.044484388556764884,0.9067255778061007,0.8177464965782631,1.0,0.2247055784281664,0.5504407362770135,0.8010102137741583,0.8818093675607133,0.8019631315706256,0.060302480948931765,0.5744068056214935,0.8121607311366874,0.6754825724745126,-0.13680078448773186,0.7988058659192311,0.14557224491701504,0.11798637369832239,0.6854653100860674,0.836470887015671,0.6523824284196138,0.10766867453551064,0.7505308307867051,0.7895103378710121,0.8005344928307446,-0.19291672505141141,0.35481738763611714,0.7046152898343939,0.7796629927457016,0.547688430610236,0.906646745297047,0.9089799631517939,0.8931882769608245,0.08925476988991042,-0.18639842680999186,-0.10938328136288397,0.7855804361605935,0.13989860281847968,0.5775413017091404,-0.21339585447212245,0.5638257084256739,0.25170902916032933,0.6586110614876232,0.4863561431138987,0.0675737572136591,0.8916375179569662,0.5460710081894184,0.8737540841910518,0.1861483478375781,0.4701520454599915,0.5233687205891433,,0.3508554075998321,0.7096506650650011,0.6629175665273527,-0.028370985819773778,0.7252678915878182,0.6817442649832669,-0.15925825881799616,0.9228857525103489,0.9252736520766425,0.8612555095654656,0.9112501044665141,0.6603553756339111,0.5298410874695485,0.6288360491051902,0.7229597324860795,0.8859596579442364,0.6038849129230784,0.7478563485422924,0.7494779282501763,0.706004856360824,0.6098300483802258,-0.3793376716568087,0.254370348557278,-0.04815043455334311,-0.07877168095238028,0.6574257220184527,0.6793837016077586,0.16291096599194912,0.8162881057420736,0.11606449179743618,0.879901345262041,0.45781301564672244,-0.2015985099376371,0.8075023868215708,0.6849139111796702,0.8228914910067099,0.7045859761402935,0.9378201063756597,0.8432320840486776,0.8321173706781874,0.8123623220584301,0.5764592605167602,0.5655951202756961,0.6797329593065738
USDCUSDT,-0.3186951163470177,0.011601933544471517,-0.22801321991305376,0.06989346106829745,0.27244759847154343,0.2247055784281664,1.0,-0.09709730794432214,0.0122503006882196,0.24867672342048386,0.034227574903882764,-0.6345855849741061,-0.2971857729544303,0.0347700631694699,-0.34367094423353584,0.13859249727680184,0.0019865292640437403,-0.4768480659230716,-0.16808343354875627,0.0035493936266489732,0.0666454218757487,0.6242461202292697,-0.2694201708185638,-0.1394829029787402,-0.003986942524622478,0.009283843976421024,-0.5658887897480451,0.0023870408554786528,-0.28239464146728716,0.07043160508548904,-0.35016557481503074,0.2605074032371331,0.18808265591701712,0.3269930852634391,0.2829515422886242,-0.3311838284914886,-0.34862312226353986,-0.1574878882594598,-0.09383882931199104,-0.12997363821374164,-0.2969518952449833,0.07585776810844161,-0.23239166056950797,0.23511071139285597,-0.1360466170790845,-0.5122731133107022,0.3108594126677519,-0.29308029917450906,0.009069764729611065,-0.18245307868584515,0.2875921460434754,-0.21759738956142272,,-0.3040647945201732,0.12485427946426639,-0.013664866537156796,-0.07541910545087029,-0.06472647978217069,-0.028394350812633046,-0.01865180595902312,0.22154580288516676,0.24089821936544362,0.18344371032975346,0.11477347929690176,0.23692035594278307,0.14866288951925594,0.14014847155803678,0.0838799584646299,0.12894273175647017,-0.3035007875740777,0.4332355115933825,0.2951882765738984,0.05048434734128098,-0.10434589404437944,-0.5947871015373134,0.5057208414470042,-0.23551134391999093,-0.47087199547948355,-0.21212800534307685,0.4104378378189248,-0.7008425233677904,0.022934903282870598,0.125051535170411,0.2180667717244194,0.5042576134386145,0.3657074122724721,0.16550153303142548,0.0972426293546388,0.26579550958893783,0.3973878610500498,0.2527977987472635,0.05353133672805699,-0.14477645259890068,0.005902856198009316,-0.4739478718214708,0.41512845287652617,-0.025159892802403033
TRXUSDT,0.7996774300999183,0.6706993888800961,0.03823627030097701,0.5497998684135927,0.7614011608955212,0.5504407362770135,-0.09709730794432214,1.0,0.6691602753036214,0.6677551896211295,0.760318056368246,0.24122938413874778,0.6873095784540654,0.6648872977146855,0.7854631676694867,-0.19858386571175013,0.673880881390268,0.1482540664389387,0.14434001492069704,0.5152985856004255,0.7160715020834834,0.06560366269404358,0.3335458390395159,0.5792866646244546,0.6732615771822638,0.6666707379203689,0.061810697096197686,0.45526292561460363,0.7982395029690429,0.8244226710828723,0.5616983498260121,0.6564845707983864,0.6115493463279227,0.6287043646478965,-0.12805661485524938,-0.14267068434043023,-0.19269317437382272,0.7194860624491956,-0.03723317287418893,0.8159608137290146,-0.00594248672516866,0.6650624478428641,0.1601446669105071,0.7125495228801153,0.598904108334093,0.45768204272088775,0.48136351578643854,0.7352918629778291,0.5727412356627156,0.11202980502477516,0.5065361839311036,0.6541427556970203,,0.5788824734858441,0.6976098626461291,0.7856484124409853,0.003182417953076431,0.14450291711891683,0.5636801275640555,-0.2556321188593065,0.5714501445197747,0.5387330191141476,0.5896358266485554,0.6101941888653888,-0.024204595031220376,0.6875774784603368,0.42933828419322534,0.8759738141692349,0.7456215250571543,0.7156332911326843,0.5238365720876526,0.7183634829378424,0.3534280734653827,0.09096270556303832,-0.028772744138628348,-0.362536985558622,0.09439233953139117,0.4852940879908277,0.8020470210380118,0.7054523713507083,0.2438441920102587,0.6721362423714592,-0.3364725085705432,0.6626683914605567,0.426318286316099,-0.4838546091572833,0.8347991748363308,0.5931071229700882,0.771233098563573,0.768457045240602,0.5527713771801601,0.7402607462779749,0.590860459091666,0.6866492019378815,0.7417543610835209,0.09491058023820573,0.5528461289339633
STETHUSDT,0.8220386837695114,0.9098832985205272,0.23491663796545356,0.8785240761168559,0.8022592802462195,0.8010102137741583,0.0122503006882196,0.6691602753036214,1.0,0.7732496803373933,0.8466927783530186,0.4122000037953473,0.794201167919592,0.9073748345763738,0.8149740416796598,0.06118751098745303,0.9101238980316995,0.24146054419513388,0.42641964134582483,0.47671561838103516,0.7831979497987535,0.542321297424252,-0.07097918033259523,0.6675986043741301,0.9126406337718601,0.9101443140864076,0.05930325010194054,0.49615520041707606,0.8305621979046233,0.835973924097105,0.4882119101470698,0.8685054163501054,0.8625454084584664,0.8322181701390703,-0.20155882316359872,0.1256205882236142,0.03632891577685881,0.8108858149835659,0.36235869142318916,0.7705129988972431,-0.20149199575121643,0.8217920745568152,0.11050539975749825,0.6952137355198256,0.5323486563318934,0.3436918630052112,0.7347309633171426,0.46000113273685816,0.8794722289413954,0.22162881635180803,0.5108087486852265,0.6599330727128659,,0.6586534786161313,0.7651811868172887,0.6799254558729034,0.17411670419498004,0.5974830059807068,0.8544819171892438,-0.29611783207460257,0.8643598226975666,0.7967472971626334,0.8485152658276668,0.8418378879244655,0.5815797812446848,0.44838629368366323,0.6921946833998384,0.8509075444089119,0.8220413236890523,0.7535895971533836,0.6056957255692125,0.7279316809040055,0.6588988907887009,0.5837454351504289,-0.11355664397335258,0.230589235071353,0.1290485532552741,0.2310069418719825,0.6230512592060731,0.6662598960880406,0.15117054142247122,0.9240485963427028,0.07407920835378055,0.8853084770032296,0.23089009226847126,-0.5563597180367849,0.8087601563692651,0.6674516238438205,0.8144717758244074,0.6162472093014085,0.8121569598564837,0.9232274670410199,0.6908585197791713,0.9265817031911073,0.7992363205555099,0.5697348766048413,0.46490235240476985
DOGEUSDT,0.7264385920033857,0.7714426126826307,-0.0431541593380715,0.8457337049475566,0.9009487473703858,0.8818093675607133,0.24867672342048386,0.6677551896211295,0.7732496803373933,1.0,0.820148583565073,-0.06860603774241077,0.5397118373534071,0.7850643692388964,0.7031242409642816,-0.20561483733591795,0.773189485907935,-0.03049792805378155,-0.006575188241780644,0.6342124545568224,0.8985382456316303,0.5362859141311549,0.2587333355839338,0.7736986066741561,0.7648339229378212,0.769041528355286,-0.30319593805340594,0.5102951226980207,0.7439243634162515,0.8474673646171473,0.6413184731023702,0.886496969362772,0.8407942777900512,0.8834506548285036,0.06308620890434286,-0.26377081843600964,-0.18543336846776978,0.8421629671996961,-0.07700231928784852,0.5694588147545413,-0.1635794709296525,0.5591985497678381,0.12144505664768167,0.7098010484434399,0.6397465252533487,0.02612534895854693,0.8115968465478929,0.6820390221667478,0.8642276247600557,0.033510710138337035,0.6681678901492385,0.556235924248927,,0.26044881210979437,0.8370157714838532,0.6801112607889487,-0.11902051900823955,0.5471230932874009,0.6005550907021795,-0.0711300449471003,0.8575494816233719,0.8855317856101539,0.8378586661172123,0.8811834758785912,0.44131047697784587,0.6651395657228167,0.5298146046908982,0.7950959563973743,0.9283201600228839,0.5548562552183414,0.8396382158190193,0.8586190529978877,0.6173028297771929,0.41425103515673156,-0.4780836126796959,0.09974068149580007,-0.07244668565796467,0.017775721374415118,0.7867080731670223,0.8016205363033633,0.08337204975119682,0.784834255747723,-0.15906549880827278,0.8597928086955932,0.6035085074321254,-0.2997270144902643,0.915619999202857,0.8110399138448591,0.9083487725148273,0.8077800893436036,0.9013686229070527,0.8374616267735875,0.8051656640190913,0.7834052983838763,0.5780157732789464,0.5090931043763934,0.6473910259686317
ADAUSDT,0.8155777426413291,0.847170722543131,-0.05924339910962396,0.791364982776975,0.8361404143431432,0.8019631315706256,0.034227574903882764,0.760318056368246,0.8466927783530186,0.820148583565073,1.0,0.24157402472618927,0.701292717128941,0.8475755629807636,0.7970016733831923,-0.22917664752435127,0.8540995556632824,0.14641656764373218,0.14129121177237627,0.6419001205983336,0.8713838488970488,0.3779471790506982,0.21699784718562942,0.6372570974234628,0.8474491812220875,0.8441801798937026,-0.12283280049767022,0.36820804450794065,0.8240592309497216,0.9057254692496145,0.504848790789573,0.9047585966348055,0.8818921539337278,0.8575463294328648,-0.2532696859911185,-0.17655848815829414,-0.23257760745174427,0.7774516392113524,0.10417860879006596,0.7695471642316158,-0.27362601580932716,0.7664248890082161,0.07767560035452402,0.8188548799679976,0.6619625608216982,0.3950417921841141,0.7653704721961307,0.6222841342542581,0.8435355105411291,0.04584504892850048,0.5176915943881522,0.787406439479535,,0.583227299408031,0.7995682538086216,0.8156012275916515,-0.11280127297766059,0.5751359833021017,0.7050573272201861,-0.09679582654759376,0.8766275274846174,0.7992572900335602,0.8792511916398619,0.8303373945387633,0.45126705236755194,0.6910625067465762,0.7385128881527063,0.8838032927403687,0.908725015362702,0.67424459301547,0.7358533744702654,0.8261286832854301,0.615086622643325,0.5410407499612686,-0.27290633842500267,-0.006424092195754504,-0.12425551400687958,0.35748835388257444,0.7135396020231758,0.7664701664397646,0.12414754666009674,0.8572590072309668,-0.0019641159108054257,0.9102307883504414,0.4891659157576505,-0.46871954441709207,0.8905341014273573,0.6429807120668848,0.8490270974616765,0.7722718537007113,0.8191534378775477,0.9025306561186585,0.7079834506337047,0.8605549752785788,0.7498381363117617,0.334447084056955,0.6482029551018939
FIGR_HELOCUSDT,0.4633700616398398,0.416365837988032,0.5833510073103947,0.2840968939898957,0.005736722329191618,0.060302480948931765,-0.6345855849741061,0.24122938413874778,0.4122000037953473,-0.06860603774241077,0.24157402472618927,1.0,0.6707682362158706,0.3892895291201837,0.49721478881877035,0.34478033358776017,0.4147052290291639,0.6629218129128995,0.7697194514507406,-0.01819216849029187,0.02444307225936282,-0.025724448541559697,-0.36277441552852596,0.14960755923133234,0.4313219112492761,0.4234895264243608,0.7515153179791152,0.10259761525259928,0.44121654962589646,0.17351232628182675,0.09712578001212567,0.11541881066088744,0.20587733972500075,0.05053913246785811,-0.34164212668476474,0.6503274552324846,0.45702862942773337,0.25407252722789375,0.7317678578763888,0.5467086530321817,0.07388642419473322,0.4971382375619704,0.24908172728716732,0.05907419291125907,-0.02821629195368979,0.6571601398201037,0.02515649919296043,-0.02919352148451605,0.22756496273420485,0.49753300750340923,-0.2207903642552655,0.3125497200251161,,0.8067892542779328,0.020742441847778573,0.20788921821073508,0.535339424366172,0.24253182631670941,0.5911975272879264,-0.48524408916803113,0.16391430680249758,0.04260115845290872,0.14733825052942698,0.1610787437139024,0.25077529533792203,-0.23587019890170371,0.2994769622148702,0.27327793519774973,0.03822734731345211,0.6365627532082997,-0.33108208034429093,-0.10360998365051283,0.22202685295013544,0.3741543980881026,0.7143529184867893,0.040564822337319964,0.4706411649456627,0.40912961328602665,0.06493506800911358,-0.15886231513034363,0.4720191291244421,0.4187357689440367,0.2903400400039484,0.17985518898927658,-0.6214212241932688,-0.5170596661184903,0.01666843440951204,-0.04489298401702587,0.013710056740098895,-0.1960829068931885,0.03785674428631659,0.33975212495780965,0.15660848723552806,0.43195401739261424,0.666586766557274,0.10153809901638489,-0.041560006274669575
WBTUSDT,0.8267346898308816,0.7967203840009809,0.4596878134597071,0.7215232758427635,0.6082438602746241,0.5744068056214935,-0.2971857729544303,0.6873095784540654,0.794201167919592,0.5397118373534071,0.701292717128941,0.6707682362158706,1.0,0.7838022399703535,0.8379069420445208,0.16756620427235136,0.7942554306115024,0.4759845046621516,0.6115617640169726,0.3677507045965874,0.5727965210156883,0.2928893230399922,-0.1126265136421841,0.6035015369990112,0.8037421858678199,0.800421558007566,0.4225871652099884,0.4520193828405907,0.8204572553334468,0.6878259944613472,0.48933207142711954,0.6290409958597143,0.658130129721735,0.586429528073316,-0.16530950263604743,0.33413221242660934,0.2287665671263077,0.7337161512914183,0.49285828023607864,0.8338530172853827,0.01538973062526053,0.7550475804144989,0.2925689247746843,0.5108325853632081,0.3657328524374201,0.5267978877001337,0.4975706347525948,0.4409074212674346,0.6703278830431241,0.43554722399718737,0.28801642317200754,0.5601334047606336,,0.8056974251883784,0.5519099508714143,0.6151240145174729,0.3914613427370449,0.40909716445685707,0.8344710571230216,-0.5054500759268523,0.6264423324768795,0.5609842839346937,0.5993396689618035,0.6561141568347248,0.36102932857093,0.26537192600061776,0.5088708800942066,0.7622683733740225,0.6089142620886506,0.8775680553271034,0.2595916529416309,0.4808988283775896,0.5128295854385568,0.4175455558917397,0.2924024220126127,0.028274778080108316,0.38891740889008386,0.3453816266515029,0.5874193777799244,0.42572366338670625,0.41309640728167496,0.8060468316643018,0.031324768417075786,0.6597102317995517,-0.07602109716182666,-0.5893255041968267,0.6237961855907573,0.4966996170304752,0.6181242992805308,0.4198266100719981,0.5671236828968135,0.787894385282211,0.6120393745560223,0.8181597539660077,0.8815497477047385,0.38167968844353334,0.3659557738284165
WSTETHUSDT,0.8158097338889957,0.9089657669586246,0.22750438482827443,0.8850144364290636,0.81061652710047,0.8121607311366874,0.0347700631694699,0.6648872977146855,0.9073748345763738,0.7850643692388964,0.8475755629807636,0.3892895291201837,0.7838022399703535,1.0,0.8876207481787892,0.05765308899106808,0.9090140311372398,0.22943844844888842,0.41364709631462926,0.4841214972326532,0.7896077646446135,0.5585197993625342,-0.06824531786909593,0.6739705606430088,0.9110922550362461,0.9092526501788982,0.04089236528302708,0.49761892755514947,0.8252514083918268,0.8373997539469957,0.49082441458834336,0.8759470201845015,0.8687243801015576,0.8418651434433829,-0.18470809948543643,0.11139424327605565,0.029135867137147563,0.813147856027497,0.3519658207991322,0.7616205688613126,-0.20425484363068572,0.8141372426429999,0.1120707233958573,0.6974223191756685,0.5318815059474139,0.3227724473133579,0.7468271140130546,0.4620945342258263,0.8839859865529176,0.21803822880877025,0.5190737676743976,0.6515108651949015,,0.6413740747313115,0.7695604752534857,0.6787174424893001,0.1672782102766815,0.6026164541183548,0.8502059566201219,-0.29189720650210765,0.871918407831727,0.8085018053412045,0.8539821186704603,0.8497949745512055,0.5891281469082136,0.4538328314502641,0.6905165202377912,0.8496016630831917,0.8293348611744311,0.745521008643334,0.6201615864080777,0.7359994541738558,0.6637309319863074,0.5833998219248601,-0.13400959180645314,0.24091632868627968,0.12213728132435923,0.21032335123637433,0.6255803835494749,0.6751008062765902,0.142287622221352,0.9235028861062526,0.07343866795736094,0.8904200676236164,0.247029113319525,-0.5411083646635753,0.8146273703737613,0.6759011991564909,0.8225050401904637,0.6264678179552525,0.8239698204447423,0.9239629783452952,0.6979567020878804,0.9255341188823192,0.7867142451508485,0.5809373326673059,0.47222313824041223
WBTCUSDT,0.9331442605974303,0.816029738743179,0.2691949862259088,0.7782009285609457,0.7284795838680391,0.6754825724745126,-0.34367094423353584,0.7854631676694867,0.8149740416796598,0.7031242409642816,0.7970016733831923,0.49721478881877035,0.8379069420445208,0.8876207481787892,1.0,-0.07970859543689969,0.8191193718695895,0.34269384956491844,0.3471153134146794,0.5064839907110388,0.7660431260806033,0.19488762467706885,0.20060433686260024,0.7657476342108862,0.8222060875709276,0.8160161530432811,0.223002498555509,0.5466076089171747,0.9271425261333881,0.8072899260256772,0.7237547392388912,0.7065335791908327,0.7072345080762246,0.6628384869633682,-0.16586819885172616,0.12735649738086396,0.11004026457347298,0.890256209542097,0.19593097310110721,0.7898481716431979,0.027995652739993264,0.6785884655047496,0.25060719274614457,0.5876325964431324,0.6151649710005596,0.4611492323672993,0.5599591424379813,0.7181394722400574,0.7958906746938016,0.2629121619435382,0.4631007057938365,0.674682188804952,,0.6497444614411269,0.7252184498110049,0.6968509455143111,0.14690540435460558,0.46411356699112855,0.7459985129625101,-0.27908560662347837,0.6878389628810572,0.6642840133763932,0.6890264570663204,0.7572553034954776,0.2770729722168869,0.4817040630582998,0.48012711871240266,0.8198758774651516,0.7758381330397897,0.8428329802507419,0.4588530119483601,0.6402590867034924,0.5478383061643476,0.41187005668374255,0.07727888802386121,-0.14538624333482594,0.23715109556146988,0.3874747329896137,0.8230275956223393,0.5501153287794995,0.46023430273065485,0.8227377834523859,-0.18316336594216165,0.7240058504156917,0.15222408597320583,-0.6226487180565647,0.7869484867287254,0.6842512023298292,0.7405608894219164,0.5488150580344177,0.673183064937936,0.8382839855485776,0.7739761736857114,0.8348785138913195,0.9268569789797151,0.31123148010254076,0.5268171564895677
BCHUSDT,-0.10663568634791935,0.06618328381976381,0.7820556052840744,0.06932270209197906,-0.09687036293133328,-0.13680078448773186,0.13859249727680184,-0.19858386571175013,0.06118751098745303,-0.20561483733591795,-0.22917664752435127,0.34478033358776017,0.16756620427235136,0.05765308899106808,-0.07970859543689969,1.0,0.04383348639081403,0.13225918939601194,0.7750303255706474,-0.5698076865868543,-0.35498524717316626,0.4177457315158743,-0.8486912324031709,-0.07903080797215874,0.07188102261870108,0.07318368423665376,0.47137639571103235,0.35518766560948667,-0.10291881873519558,-0.23067210255483067,-0.20687100804474556,-0.18562462148425063,-0.1724779007209676,-0.13495911020247828,0.19806826476361167,0.7833175298760099,0.6388779921494826,-0.050437730268684505,0.6509374998795389,0.015691965384412022,0.22194988596441315,0.1669178349521014,0.012583119463533804,-0.31601007350454413,-0.4504460367128029,-0.17810471631271177,-0.19826251974692466,-0.5357591772709913,-0.09337062155059947,0.44267991215630964,0.020041556234499866,-0.4536690434274698,,0.18228069011799464,-0.14502225725332138,-0.39182193085242517,0.8352864353565855,-0.23451573211342902,0.32495673546007714,-0.6429723387118604,-0.16629858003315173,-0.14270971663227008,-0.20980753003376898,-0.11301871177385894,0.1455731072727722,-0.6392933960721369,-0.21830048685610942,-0.06954841752666392,-0.334400532376664,0.14011753167425905,-0.3914629610928912,-0.27020769311456544,-0.041101975174390605,-0.16414565435610656,0.4472116174823721,0.5935437025772076,0.7279076237174963,-0.32599677435675345,-0.3295282718382092,-0.2066306185327816,-0.11123517526601343,0.07479363539879635,0.10006264762539598,-0.1563119544158646,-0.630326666845685,-0.18015004721058758,-0.24173273908821777,-0.002413972700153593,-0.10075547592333764,-0.34075556178354177,-0.15295374804340775,-0.033175490913378784,-0.24013528994947744,0.07464741823958898,-0.006280847852240853,0.5878004797643568,-0.6137494350983324
WBETHUSDT,0.827168293582936,0.9119986777666784,0.21463480416176364,0.8737990869280247,0.8024848560165336,0.7988058659192311,0.0019865292640437403,0.673880881390268,0.9101238980316995,0.773189485907935,0.8540995556632824,0.4147052290291639,0.7942554306115024,0.9090140311372398,0.8191193718695895,0.04383348639081403,1.0,0.23478287702780598,0.4140843596649849,0.47936647777175495,0.7909990698112717,0.5270294844276435,-0.056058420719587956,0.6614834749076216,0.9152225496030014,0.9118087111150713,0.04908219468663076,0.4915462363997011,0.8354048752352277,0.8436628745602796,0.4866922903125905,0.8724846964894672,0.8648772944739724,0.8333469448885478,-0.22832879850438137,0.11631399184758848,0.021840219752367468,0.8102255557085188,0.351547325279275,0.7723495995568654,-0.21409741092155887,0.8285726271371634,0.09293925673966472,0.7060616875589526,0.5505877544248954,0.35808496479249297,0.7325773213990163,0.466056310761303,0.8842738166695172,0.20107239188108306,0.5151447971819274,0.6811442357563594,,0.6626500949021618,0.7737934582820014,0.6876945680564931,0.15291307120457873,0.6013832168357375,0.8500958424670944,-0.273982935316842,0.8672170398503588,0.7944843554553247,0.8562972795650033,0.84052590386607,0.578150657801793,0.46263837034027516,0.7044750869223675,0.8554632920192604,0.8279468811494136,0.7480261080070905,0.614330927802839,0.7356620775304277,0.6581618789675585,0.5919810927297525,-0.1225483294374042,0.2185789009070727,0.10803328344473408,0.2549485117594263,0.6254783350742199,0.6719918222185155,0.14446437805175263,0.9257296810808325,0.07162933739007457,0.8908370261512538,0.24107105084703143,-0.5696371503777768,0.814169139445044,0.6663983669860434,0.8153086601617436,0.6190135542416072,0.8105656761094456,0.9263997859780668,0.686295423258747,0.9282752187520984,0.8053023436673026,0.5551469920089208,0.4679988332848632
USDSUSDT,0.2999999625129953,0.2389805362234701,0.47910713480157735,0.27253947704731696,-0.054596254878196304,0.14557224491701504,-0.4768480659230716,0.1482540664389387,0.24146054419513388,-0.03049792805378155,0.14641656764373218,0.6629218129128995,0.4759845046621516,0.22943844844888842,0.34269384956491844,0.13225918939601194,0.23478287702780598,1.0,0.510458349723867,0.3208758220225731,-0.01628365479846649,0.03864861704352285,-0.17664091261192646,0.23288444863374672,0.23733095324239067,0.25377879468722697,0.6855699381736596,-0.21584517397886005,0.28156726609516464,0.04739166237210494,0.1366084049233748,0.09375380845447187,0.23812980357852853,0.05293019145372381,0.14921470314943655,0.3025377859111061,0.32905042131355405,0.1649299198103612,0.5973526198193131,0.431509515837014,0.17111748449927439,0.15852248747060368,0.6892785976741955,-0.03478160515619901,-0.27141235924968743,0.45456063888170223,0.1965632524559644,0.07735420041802246,0.08643199201976072,0.695256164060395,-0.5056108055832442,0.0799985753914254,,0.5796003593606258,-0.22657967156927528,0.25163511901048385,0.43346254016570396,0.35139094563492385,0.4106133245464541,-0.5479976123059177,0.1773086373996944,0.13523322536243165,0.054753367207129124,0.19573109897619795,0.28958927709880766,-0.2027931396181213,0.1882097908954708,0.10326000227471187,0.039721509391176094,0.6023447597319073,-0.3471565221035099,-0.21053541735142495,0.2522371814470964,0.35103629778675777,0.6515180775262431,-0.04668753178366486,0.3974094007794974,0.03477711332088612,0.09074891159390708,-0.2589408986312696,0.6980010216595084,0.24679801913488605,0.44210196528461354,0.09950645931475298,-0.476664121646635,0.04651470753431254,-0.06996977474443636,-0.1778315952124017,-0.05995787881783452,-0.10883207927614352,0.12077642600052606,0.2014742740078561,0.3571978372944362,0.2579719494830441,0.4313628705943429,-0.028160391075700286,0.30988645915215957
BSC-USDUSDT,0.31102014850553095,0.4315024668632742,0.8772667860501566,0.369973249666796,0.1118201554842234,0.11798637369832239,-0.16808343354875627,0.14434001492069704,0.42641964134582483,-0.006575188241780644,0.14129121177237627,0.7697194514507406,0.6115617640169726,0.41364709631462926,0.3471153134146794,0.7750303255706474,0.4140843596649849,0.510458349723867,1.0,-0.24109187785629269,-0.0785634325166262,0.41053666661566346,-0.776909293169042,0.1591014751620349,0.4405306567848222,0.44140856187409705,0.7246183478904618,0.3411016054774067,0.3052678805846613,0.10124463571083694,-0.012464294513030997,0.1220559532974209,0.18381932478629237,0.1217881206792221,0.004833205132403983,0.8373259183808951,0.6390081998389465,0.23919390864729176,0.8982998211554067,0.47467814572284006,0.15518564899732892,0.5216161211416555,0.2405881418780692,-0.026932580087686415,-0.2708597154448168,0.2777647259086105,0.0665982433793069,-0.2822042458676251,0.1967596100881434,0.6589682395459534,-0.043051608274292705,-0.04790054931886933,,0.6774372961780203,0.028410356222453807,0.015310932140122052,0.8934842693535084,0.0770030353750162,0.6958295812725496,-0.8070179514993946,0.1578858725982427,0.10439854120998901,0.09629995034588416,0.18545487617377238,0.3450660095126271,-0.4465941554991136,0.1483000215290678,0.2734961121061948,-0.034899791882226264,0.5966876368539825,-0.3152642368956348,-0.09085995092629702,0.21844015367371045,0.17391098166067306,0.6572190491267429,0.4580866540503322,0.7691054346246302,-0.014009575735800818,-0.06548408359589981,-0.0746132295853934,0.2161549240122648,0.44241462809307464,0.26772368732129703,0.1696810452303598,-0.6690286438614491,-0.4075441106839816,0.010289946690219959,0.07846925567997716,0.11310283073290373,-0.15683879603609618,0.09687725453745713,0.33551693075396516,0.07659260214843396,0.44988975147558874,0.4681785800913847,0.5515412949566161,-0.28495308341049796
HYPEUSDT,0.5116615096868049,0.4697943602106852,-0.2841679153753084,0.5623874252596299,0.5254454541173901,0.6854653100860674,0.0035493936266489732,0.5152985856004255,0.47671561838103516,0.6342124545568224,0.6419001205983336,-0.01819216849029187,0.3677507045965874,0.4841214972326532,0.5064839907110388,-0.5698076865868543,0.47936647777175495,0.3208758220225731,-0.24109187785629269,1.0,0.6635327917685905,0.192311945081232,0.5073638627341668,0.550103408534821,0.45506813453016454,0.47465208295330114,-0.1487051248809992,-0.18584272062302387,0.5156114134428601,0.5935372281652137,0.4377725053884774,0.6818518630718614,0.7380903330496161,0.6407730301888099,0.14713929811309065,-0.5748691358060737,-0.40214628269375036,0.48929431675905566,-0.09457992256963092,0.5124432270329405,-0.17993606335812912,0.24664293460290707,0.5203299813176336,0.5807697535390585,0.34091839774965976,0.2773113818502645,0.7653389782131208,0.6609084814264768,0.514178329319956,0.18171594888988657,-0.0037295363830975536,0.5287365279421141,,0.2938759414234896,0.33870843055554706,0.762741837277046,-0.34118055491581994,0.6521020247141505,0.32562652844278633,-0.006473048066992348,0.705975211652656,0.6894486382444163,0.6154938630478669,0.6661579200179045,0.38587141216771376,0.6470691483320111,0.5551910168782137,0.500362355717462,0.7270353534333063,0.5003164001239856,0.5381358296638636,0.5119999538946168,0.5122565612629985,0.5144929529143961,-0.24656465303052175,-0.24625645028988935,-0.31678711169278084,0.06727312937024725,0.5963117391297645,0.4444211111366674,0.4256347076087578,0.4797740901601879,0.22293521603860142,0.634096471083609,0.5370189077716796,0.18811888667354576,0.5831645665368229,0.270733344693448,0.5240901525966492,0.6622605006283032,0.6958487894827192,0.5581986725650467,0.7720811101793825,0.48188531365626636,0.41245469258453915,-0.06689625665550662,0.9685757155783579
