,BTCUSDT,ETHUSDT,USDTUSDT,XRPUSDT,BNBUSDT,USDCUSDT,SOLUSDT,TRXUSDT,STETHUSDT,DOGEUSDT,ADAUSDT,FIGR_HELOCUSDT,WBTUSDT,WSTETHUSDT,BCHUSDT,WBTCUSDT,WBETHUSDT,ZECUSDT,USDSUSDT,BSC-USDUSDT,LINKUSDT,LEOUSDT,HYPEUSDT,XLMUSDT,WETHUSDT,USDEUSDT,WEETHUSDT,XMRUSDT,CBBTCUSDT,LTCUSDT,HBARUSDT,AVAXUSDT,SUIUSDT,SHIBUSDT,DAIUSDT,WLFIUSDT,SUSDEUSDT,CROUSDT,USDT0USDT,UNIUSDT,SUSDSUSDT,DOTUSDT,TONUSDT,PYUSDUSDT,MNTUSDT,MUSDT,CCUSDT,TAOUSDT,USD1USDT,AAVEUSDT,BGBUSDT,NEARUSDT,BUIDLUSDT,ASTERUSDT,ICPUSDT,OKBUSDT,USDFUSDT,ETCUSDT,XAUTUSDT,PIUSDT,JITOSOLUSDT,JLPUSDT,PEPEUSDT,ENAUSDT,APTUSDT,HTXUSDT,PUMPUSDT,ONDOUSDT,KCSUSDT,WLDUSDT,POLUSDT,PAXGUSDT,USDTBUSDT,BFUSDUSDT,SYRUPUSDCUSDT,TRUMPUSDT,HASHUSDT,ALGOUSDT,RETHUSDT,ATOMUSDT,USYCUSDT,FILUSDT,GTUSDT,WBNBUSDT,RLUSDUSDT,USDGUSDT,ARBUSDT,BNSOLUSDT,VETUSDT,QNTUSDT,KASUSDT,FLRUSDT,RSETHUSDT,FBTCUSDT,LBTCUSDT,KHYPEUSDT,SKYUSDT
BTCUSDT,1.0,0.8542354374865871,0.2471550121360664,0.8629663189600466,0.7448753087737472,-0.31218887852680766,0.5836730291291201,0.8312007729094785,0.8555175633100156,0.6754107290630122,0.8508155859353124,0.45869168278714095,0.3833276331960502,0.8559737409950972,-0.0751733368583473,0.9751039535514253,0.8576204294443213,0.38156957616620596,0.02575634280784366,0.28402532484760284,0.7736388628002706,0.1269021933706722,0.48230125143011654,0.7837322456539451,0.8556755428569232,0.21939965718747387,0.8549185695276165,0.5914558415022071,0.9696838727096095,0.7944442810529164,0.7918854711193991,0.741690022065701,0.7943253442248526,0.6731234997668821,-0.14648382298640356,0.10195421007359161,0.14588477569726496,0.7477348685613829,0.03955024716538792,0.759535136365424,0.07978208171452168,0.6268683015028207,0.6981441099766339,0.18153239932559068,0.7074881615441678,0.5085913005502446,0.5751464669775431,0.7911370735258573,0.21334186035893588,0.7724940079802102,0.5006064172950939,0.6978747165279192,,0.4956973114189287,0.5411093767993075,0.7628534807014368,0.11222941085223814,0.7608038511424968,0.3649733563193802,-0.1990585870391685,0.5736913195855202,0.7123386728658582,0.7400729269934588,0.700421247518391,0.5693648513825426,0.8574090804859185,0.4445057031128904,0.8114424698180193,0.812020654814968,0.4744965262657588,0.6772135825421803,0.3527076164164205,0.0945223167468473,0.2701541932152089,-0.3285201184709395,0.5965988226274948,0.49070439251439146,0.8798436268482087,0.8646786764197044,0.22917743883609673,-0.7054676734048545,0.5419325889102161,0.8236323461949949,0.7583735252603666,0.4241687602003614,-0.3870303101438417,0.7607813789193709,0.5751244242717035,0.8900056504960222,0.731507319100727,0.8775038257683351,0.7549659660468068,0.8653298863484922,0.9416147789520101,0.9711912909780576,0.5012350841741983,0.5948343962999151
ETHUSDT,0.8542354374865871,1.0,0.37443097333455894,0.8068112334923843,0.8226668177331139,-0.008583414769456106,0.704194298460151,0.7390469621895559,0.8888210599299072,0.7561567050257517,0.8307293575460089,0.38932389801122186,0.5817478804621918,0.8960858218572644,0.15970287709915743,0.8466475205282259,0.8869991816757661,0.1988719013654628,-0.24953402593371005,0.445177557247223,0.771075535805035,0.41120498640868625,0.3090452877747565,0.6982498958290466,0.8888630930810656,0.15781056019137427,0.8865481270816125,0.5794532849071693,0.8603466496536304,0.8623290795251672,0.627096332684429,0.7302413660682208,0.7879006200020953,0.756783751723233,-0.13028108329739463,0.16849931731130902,0.27275478953647986,0.7993627145268262,0.12172590409359063,0.7424088806726851,0.07466361956575084,0.7211966031369077,0.8061719996839981,0.0154687708806711,0.6121534747321117,0.40966365793133247,0.4781477085930562,0.6981596437459595,0.2163562852849948,0.7938595958376712,0.5208998775446864,0.619258654766758,,0.6577235474063816,0.3440812887189771,0.7606001327971414,0.2094291938561229,0.8255083289608798,0.3943925586366648,-0.20793203703876184,0.6977834323690949,0.7837459467355068,0.7622422246435184,0.7769639899378471,0.624261606214487,0.8589714925482912,0.5842141178607028,0.7888024554465147,0.7795836578341352,0.5906296357241351,0.7768192527546015,0.3573115639461363,0.02348486550150654,0.3803250704355507,-0.07030933966708933,0.7426127060038042,0.4035435062678167,0.7832255171118037,0.9018298041303314,0.31649086595172465,-0.7335554172459752,0.52160118963821,0.8123366025536721,0.8371805223523193,0.1742311766847767,-0.5186924559295101,0.8375015437234136,0.7007654136933484,0.911925141589487,0.7256296324764927,0.744966767474689,0.5217082398353455,0.9004638649535028,0.8002179667021566,0.8278395177605242,0.3296203344071406,0.6097908269371584
USDTUSDT,0.2471550121360664,0.37443097333455894,1.0,0.3984038533766184,0.20807635482153783,0.015544528720760262,0.42480671860061053,-0.034813555608873704,0.3746977355924065,0.2634618008147753,0.034309721673891,0.5449292726824086,0.66500146987493,0.3804627195614584,0.8471504313231403,0.28035445942867615,0.3507225641978665,-0.506303967153044,-0.2773530479943066,0.8892198551345933,0.05468414370579903,0.6592184045351647,-0.3060915428685028,0.43036639960478545,0.37429906905168947,0.6751133909285963,0.3841639299278449,0.34028288337162615,0.24716183317510762,0.194833194292121,0.28961761761848204,-0.1032188163962653,0.04971746689981832,0.131793026447254,0.34958569932102385,0.7539075667686631,0.9277152604974322,0.5414655434963553,0.6631357701823206,0.23991235435252029,0.3485891860364153,-0.09295506097292162,0.232781163979137,0.3269959529422978,-0.30097727760753745,-0.03281987725305429,-0.23412519409083643,0.13169630377427402,0.7870176571043497,0.3058812224955459,-0.10388756920351426,-0.2926053007548412,,0.6260627193709439,-0.46867347429501754,-0.029256256240716896,0.8741348954279252,0.6354729875789006,0.31425279012150076,-0.602269113440752,0.42091649681204674,0.42180635896580165,-0.03526875878793743,0.20426140054941738,-0.19616965796237248,0.0803790488479172,0.049320437953801005,-0.008591595076886423,0.5988068640110047,-0.11042247798737752,0.02526633537762234,0.18335995556713944,0.5951652935224364,0.9629865960755514,0.4858705063364202,0.03102695956338642,-0.312627275176485,0.19843314418871313,0.3898688290149117,-0.4383741111576271,-0.38947287357087224,-0.3367858062741018,-0.0227409265890664,0.20702273409820487,0.3152398388247172,-0.40874650134904084,0.1241660792945373,0.40202937890662926,0.27107344884844575,0.2531135415492017,0.18428691710822517,0.08412152461361067,0.397517590791843,0.30570977213725303,0.3141688284115996,-0.28609767740119263,0.018342100801830886
XRPUSDT,0.8629663189600466,0.8068112334923843,0.3984038533766184,1.0,0.8229962049187539,-0.049805585098810105,0.7098779747666513,0.717631666106226,0.8100913239194161,0.7958751033918353,0.7548042728447609,0.21895150596422008,0.4558646204792962,0.8230721124527803,0.09384471817304192,0.8620771272018138,0.8006505481874209,0.3050088121379311,-0.14324022664308725,0.31320835937620517,0.7742203588832809,0.3528963934963842,0.422273178371655,0.9051840990927529,0.8005903898650091,0.13825166549651643,0.8089485608651343,0.6967776885464121,0.8686492280174362,0.7669390165857828,0.8646898515277723,0.6963861224357328,0.748031047718731,0.7225181930087564,0.16513863107598828,0.10931226010044806,0.29759363610888884,0.8344514609849804,-0.018640606749844295,0.6197283755005883,0.17791144846187268,0.5374315842868872,0.5410592779395915,0.2590007865103191,0.5777072674103254,0.14538257615791372,0.5942531973604014,0.8101769585107206,0.3246561584734116,0.7904809015638621,0.5722463140165087,0.4135874577799825,,0.42516476286117033,0.3429909814139608,0.7457952753163034,0.238582405326936,0.7327564104908201,0.37452778669945613,-0.28078515828781564,0.7056921714571237,0.8033167714222658,0.6732405193595069,0.7136388939848107,0.5313439655198267,0.7728854793420006,0.29140230104369064,0.8034405187619307,0.7725236565108404,0.5531943283096592,0.7074505930109269,0.20930754143244687,-0.018539937107313543,0.4420037117075166,-0.11752082057589629,0.6485717696291476,0.1132588934681685,0.9130266098779046,0.8225607343912134,0.2930232993329277,-0.5448062294043885,0.5362004404840235,0.8174361841143643,0.830947560222453,0.37193290265949824,-0.5281190783429398,0.7282357264499246,0.7011713612861218,0.8415021208178789,0.8611524468259758,0.8561990746368645,0.7910735104074803,0.8212293990871051,0.759811053339906,0.8508598709211823,0.44902624175341804,0.6564821808224621
BNBUSDT,0.7448753087737472,0.8226668177331139,0.20807635482153783,0.8229962049187539,1.0,0.3014537898874738,0.8068178235989494,0.7277373445131791,0.8250039675090944,0.9078433107032814,0.8425329373135834,-0.028359968438611743,0.5297682765649045,0.8452501019443388,0.034171910027672725,0.72069201387665,0.8199859728040747,0.3533953303033193,-0.3985979399037386,0.20577885908068902,0.8706587907139033,0.4988908727847608,0.4286002623934755,0.746654368906813,0.8136617876098556,-0.17397007308688803,0.8176677803752881,0.5875756950350974,0.7640823826401664,0.9009754775916013,0.6544339566191457,0.8317685013051644,0.8499757698104181,0.886416747284329,0.046486632279939696,-0.1150163433320266,0.11970240291365421,0.8052289282728388,-0.17458546217645318,0.6166864281040614,0.045751773870472835,0.7978403460492962,0.6722564594433118,-0.023897530851565364,0.660499490492142,0.11111948343687096,0.6598382978400718,0.7742054593212309,0.06819118101910154,0.8093578413028898,0.6721038377941686,0.5289106375970019,,0.47930428407442177,0.35022545402552063,0.8431364658138238,0.020113086459297765,0.6687761300744669,0.37467504121556094,-0.07561108472777557,0.8077440873267265,0.8508954576017672,0.8260221766702449,0.8523054584078087,0.7853651912904313,0.8571033089736881,0.5389487651628434,0.9041327182336316,0.6225799169873696,0.8249581158372068,0.9267202626948846,0.21920922407098567,-0.33026487295189294,0.24050024245371343,-0.0341033740359704,0.913662926362313,0.18146092820556517,0.8450068964145394,0.8371314904384694,0.6322376802442868,-0.5274914453178605,0.7246864396229992,0.9258684548222686,0.960902925694769,0.008767616124107862,-0.5996171669722152,0.8962882567635954,0.8122565330421473,0.8897155735730834,0.8411395432976172,0.744818042334942,0.577139978622412,0.8308447696671591,0.5821557650646002,0.6782221691230854,0.45212388045169233,0.7897421237980605
USDCUSDT,-0.31218887852680766,-0.008583414769456106,0.015544528720760262,-0.049805585098810105,0.3014537898874738,1.0,0.3115862035683928,-0.11194969833260078,-0.0077504802411400555,0.31463475922887946,-0.0005394360115412154,-0.6118486470517417,0.23381250488634928,0.018904138490691735,0.24337596254024846,-0.34326080398926245,-0.019911310466005937,-0.14075611594118648,-0.5761587792785116,-0.01157392403828486,0.10877611879335447,0.553387757777744,-0.10502448722959033,-0.07430506482436418,-0.023265799366507908,-0.4705999401068467,-0.015273463460224743,-0.0010763640546963093,-0.27841688112555407,0.1624280373322483,-0.24153874213659587,0.13275653155777012,0.09291367132997559,0.31087944778204724,0.2796867951127781,-0.240646554605619,-0.007036175647520843,0.07674577991583403,-0.1918141302891592,-0.12794521886469723,-0.04092439887161262,0.2616795342410053,0.041960800680888685,-0.26012029378453405,-0.12738221583188927,-0.5062328815445227,0.11300906466371832,-0.06672548383448029,-0.12231473975537387,0.031043876538073965,0.2159149285459934,-0.25028758234568976,,0.04604638497764334,-0.2553019759707263,0.09293173605447284,-0.025798944697004392,-0.052541038091272474,-0.022281940081246707,0.058200823338672936,0.32526076132395715,0.19455190942598816,0.11257733822402835,0.21852874181636017,0.27821865607701046,0.042841867868531495,0.16096820065066597,0.11195647145893382,-0.2040391223928873,0.45436202250345664,0.3442254903884218,-0.21597139486911615,-0.5098369004731031,0.028238857598727945,0.44726702444836147,0.4564975553665505,-0.42130884517260203,-0.0751099015848527,-0.0017066538835464442,0.5194373974888333,0.2097853192920766,0.2674023231871949,0.14105486310489113,0.2970817268652762,-0.5901195827701138,-0.27987301054900465,0.20532383154453118,0.3292110062346192,0.028940196798980813,0.12610111346124062,-0.20121179948942752,-0.2845860987409295,-0.010620681792853087,-0.47882227563361685,-0.3925417028786174,-0.10168369031155343,0.2609398867942114
SOLUSDT,0.5836730291291201,0.704194298460151,0.42480671860061053,0.7098779747666513,0.8068178235989494,0.3115862035683928,1.0,0.4159798414378432,0.7097264101053793,0.9173884027965522,0.670550592453031,0.018506069628644966,0.8403257871154204,0.7349085860611482,0.1399592463149,0.5680431927269954,0.7008621173484751,0.38865770403812583,-0.6513229216057904,0.3342845226987242,0.8036485695461868,0.7821566065128597,0.4095579400806452,0.767481103562054,0.6921004277101449,-0.05726172539138562,0.701222196698452,0.30438313844591536,0.6012141410817338,0.8312181641460126,0.6412331880005888,0.5919805610615303,0.7244800944794106,0.7882796374926171,0.19428325702483867,-0.052606806206144344,0.4482329238692424,0.9083979604700441,-0.10333101489261473,0.4433165739063217,0.16262334058440645,0.6576303229646413,0.4371494934634036,0.11717612904670256,0.43728221655501415,0.035395145308011106,0.43733420421251784,0.819053342067854,0.2604464352978149,0.801662286240949,0.311509304718015,0.35902734237108735,,0.6826290926325973,-0.019399307091949494,0.5693751809332558,0.06218884197012616,0.5949525787689622,0.7160601300020544,0.030262678732640002,0.9666204876660415,0.9408698050096629,0.6816008677762961,0.8629190319581522,0.7527182481173067,0.5608773548719396,0.6029853727969761,0.7745155430433738,0.6278520404174263,0.7700557347423336,0.7977327837303895,0.5137522526136739,-0.21693425871392402,0.41882145890115335,0.09701601559835962,0.7645046793590023,-0.020111384024480258,0.7793368389984143,0.7197734917442165,0.551394043845115,-0.5132545754618366,0.3952545230753356,0.6778866341189957,0.815059324849194,0.14471646755191056,-0.7286435003502726,0.7958146607600607,0.961563329406429,0.7403273281656156,0.6802095486724824,0.6418619136178539,0.4852475619429905,0.7185926150936943,0.4315542842216388,0.5434411396015592,0.44336689507768273,0.8247416758743684
TRXUSDT,0.8312007729094785,0.7390469621895559,-0.034813555608873704,0.717631666106226,0.7277373445131791,-0.11194969833260078,0.4159798414378432,1.0,0.7397865332533053,0.5709882643547883,0.841976298337443,0.23591146664913556,0.11807766117043555,0.7400688362137444,-0.22603207860083976,0.8245657877617923,0.7424607767401463,0.35380269146489113,0.1869645410732642,0.07720420665439448,0.6803798888828454,-0.04926357296016205,0.5936340352463725,0.5622356519418039,0.735159002310983,0.04957228223107687,0.7397261785416079,0.45680787096803904,0.832194155703706,0.7249453335782654,0.5432826218657625,0.8277723476508456,0.8226884558684392,0.6825843968860666,-0.1350433373033229,-0.15819653369320116,-0.23676670707389427,0.48052933114845414,-0.04429337748727002,0.8031403208614744,-0.053808962571485555,0.7184401369527055,0.7217514632319091,0.17340355187409875,0.628608560937514,0.5114150849532022,0.7540508902638239,0.6261479996734535,0.09327751578933885,0.5506446729218846,0.5144122732924581,0.6890639130486693,,0.30978804712976654,0.7909831774748649,0.716230875704402,-0.011779924092651965,0.6279056168033751,0.08031420548145589,-0.2714877420729166,0.4056034437366297,0.5372816107900601,0.7184764389814027,0.628257848891729,0.6067122649906116,0.9238572817577172,0.4272767862218743,0.7856265545780461,0.6680594094582053,0.4713572787148373,0.6718863232798294,0.07517487978673773,-0.0346491492684639,0.014861876251111955,-0.42442124931575403,0.6522688538774283,0.5063317644905531,0.7347530408885293,0.7471490906019244,0.39063863507475977,-0.5235897348067592,0.8057674114776716,0.8507822129856026,0.7360187314251064,0.2362411439362379,-0.16596133556717133,0.7368694425086375,0.4133405539914038,0.8192366697741443,0.576520441862885,0.7515319354748691,0.6684320499503522,0.7453160395242727,0.770479899465274,0.8142255800690243,0.5943171080208955,0.6183211143264854
STETHUSDT,0.8555175633100156,0.8888210599299072,0.3746977355924065,0.8100913239194161,0.8250039675090944,-0.0077504802411400555,0.7097264101053793,0.7397865332533053,1.0,0.7609593242718377,0.832389885092194,0.38551949784929695,0.584701149672695,0.8964810918308488,0.15536879909093126,0.848014693025327,0.8870187679591965,0.20638349497129038,-0.2509413702837615,0.4422559406554606,0.7748208869257294,0.4141035179814312,0.3178789269393686,0.7044056770192326,0.8885891389816496,0.1569376553731928,0.8866580821957036,0.5759899958337628,0.8616624978661978,0.8644012050601619,0.6328395642852976,0.7320582840900913,0.7915877543696737,0.7597761145638049,-0.12319828533979915,0.1627866598185173,0.27355269933100806,0.8032861129767852,0.11759031411874916,0.7424216236491831,0.07680659357734677,0.7221024217287536,0.801262320608671,0.0237419804411192,0.6117112627016817,0.40733008276599875,0.48358186185769314,0.7053300646609802,0.22048961873857317,0.7959253334376354,0.5176273030278261,0.6181483929724325,,0.6582724723720004,0.3448704336826839,0.7594863876171403,0.20693815933840415,0.8244051063095921,0.40052802141628757,-0.2073423272407053,0.7034339658170028,0.7888096313902236,0.7635108752010866,0.780857618000348,0.6285658990314137,0.8583589635119427,0.5844917129725216,0.7928027078072636,0.7823869031041693,0.5936322194025133,0.7785412881100627,0.36019564827895983,0.02189602086524767,0.38099997421866755,-0.0735872037325287,0.7437362047423353,0.39848239531144913,0.788689134191634,0.9019272219869634,0.32078877105605874,-0.7316939522355286,0.5240085247172718,0.8141027431919204,0.8393678688524647,0.18047266903600917,-0.5209598784189029,0.8392592038791972,0.7062177010626766,0.9127958387991094,0.727115670483479,0.7493543100692784,0.5290161967046728,0.9006269930201704,0.7997699960208201,0.8295085030621113,0.33863362093550303,0.6176304267973222
DOGEUSDT,0.6754107290630122,0.7561567050257517,0.2634618008147753,0.7958751033918353,0.9078433107032814,0.31463475922887946,0.9173884027965522,0.5709882643547883,0.7609593242718377,1.0,0.8282114829457186,-0.09133760575323994,0.6723641388157255,0.786271969548989,0.01127191569982936,0.651399552735992,0.754802630427183,0.47083790805662296,-0.5550504488188772,0.1841400618462141,0.8913225831567355,0.6361611064677591,0.4697580161682886,0.8107736731901587,0.7444013916800258,-0.20109167837605,0.7511646869965369,0.4670975400177288,0.6950341032844148,0.8840006557472959,0.7174730176579839,0.7393738842451849,0.8070431438323851,0.86426526745522,0.14305078611424146,-0.15589256650185068,0.2569928940109705,0.8875671329631503,-0.2484458827145493,0.48512323886737113,0.10594882226369173,0.7342809420900094,0.49920449953029894,0.03750564201228494,0.6151318539359881,0.009283048173369812,0.5925085083774914,0.8638642261398785,0.10608039102662568,0.8464363966137278,0.5423236162507948,0.4550421943191568,,0.5247749018546711,0.16980906214756322,0.7514925727416131,-0.04269672727211014,0.584304753404355,0.5820508476549361,0.06037225912798178,0.9230077615089167,0.9286731059837445,0.7856788401548277,0.8831353832870942,0.8187059717512821,0.7024484339181415,0.5507934952406723,0.8902188646776498,0.5920595747136612,0.863516801281359,0.9024938686146633,0.37904238805635776,-0.36961828897064053,0.2819925523723579,0.003014170650772853,0.8665560710549693,0.05009960793552978,0.8695711940329124,0.7710921422838173,0.6642609064415004,-0.48584000340957706,0.5903608641337911,0.8416267752108775,0.9175515470569303,0.08232732981975965,-0.7003210530425689,0.8627900672287038,0.9227978893557853,0.8183494666944672,0.8211285115920961,0.7340539591836905,0.5931966297100677,0.7662793550661429,0.4922783508562357,0.6121897703692293,0.5019786215147977,0.8569163807904547
ADAUSDT,0.8508155859353124,0.8307293575460089,0.034309721673891,0.7548042728447609,0.8425329373135834,-0.0005394360115412154,0.670550592453031,0.841976298337443,0.832389885092194,0.8282114829457186,1.0,0.19214294037174362,0.4241464852610673,0.8402543028756322,-0.20085025439589335,0.8319084985360055,0.8379285182616364,0.4907703104545051,-0.17083446313094808,0.12609195317792116,0.857372982187465,0.2324090148770863,0.5782743890609539,0.6513767830532444,0.8270525434007203,-0.07426232300247759,0.8261828280425918,0.4237774710584553,0.8576052044066528,0.8966667527358565,0.6139025477836257,0.8638972785280358,0.8982177878789759,0.815387581599913,-0.1973429084129555,-0.17906638624158036,-0.05916756381224516,0.7001193853522173,-0.1423962783648883,0.7481143992391075,-0.03502261669696416,0.8525845682141467,0.7528454007539129,0.010401966945511,0.755572421838167,0.47097830768390875,0.6847682888755829,0.7877370974001285,0.005660749053045814,0.7578720743852179,0.534322441534123,0.7863638613231732,,0.513033403335383,0.584190703348671,0.8074340320102412,-0.1277311487333024,0.6571088427126323,0.3817165318913738,-0.01275791335933033,0.6659062471538313,0.7514818136130464,0.8612391781032596,0.8232588429596268,0.8158352986612238,0.9099729309138771,0.6508866872018193,0.9087121346062713,0.6730463135679666,0.7115818155357293,0.8545631456697514,0.36004239925480613,-0.1942262963203057,0.05284496886592072,-0.31230508665829065,0.8135879741580944,0.5181552468939904,0.8308644951923844,0.8399431242780216,0.5636675409791061,-0.6416515179223762,0.7381288031351914,0.9110058388200414,0.85650735103596,0.14928745312964445,-0.4189860136545957,0.8951384557699067,0.6741552129171645,0.9067714086404878,0.6791447869367311,0.7874347555261411,0.6119812141214124,0.8368926009314138,0.7543565393281267,0.8046177528790738,0.5931373343787898,0.7628683766006846
FIGR_HELOCUSDT,0.45869168278714095,0.38932389801122186,0.5449292726824086,0.21895150596422008,-0.028359968438611743,-0.6118486470517417,0.018506069628644966,0.23591146664913556,0.38551949784929695,-0.09133760575323994,0.19214294037174362,1.0,0.3127536716763295,0.3619068139019621,0.37553650831915436,0.497859082501749,0.3866187513589423,-0.31741837472728923,0.26057743892865004,0.6966553546956853,-0.016683688738865995,-0.007368414068718271,-0.12296966847471306,0.13213688608459365,0.40479249852888893,0.8268480388107482,0.3975737693830902,0.11151635353694661,0.43352256107401727,0.1529360544857008,0.1251580179906428,-0.021306032797598882,0.1050550603664932,-0.048437743567324054,-0.28396566523310823,0.6635112853967258,0.4552166276841676,0.22995557499417624,0.7315000274529715,0.5097510285589291,0.12025131906383238,0.02151587015448356,0.48515867801331214,0.22874196524911902,-0.04068893367182655,0.7228319331874972,-0.21516117931677173,0.04216593188345518,0.5198215154214167,0.1627447123812737,-0.24972305030928987,0.2788934071537674,,0.6024161681138136,0.07291395353477374,-0.027577174064184726,0.5601476611491636,0.6030307694031963,0.1594949503018144,-0.4660981009940627,0.0009937487740466283,0.10915781348784737,0.04144494717016334,0.07053648626046984,-0.18971161533431996,0.23836531470739755,0.23939234477338395,-0.03512011691960466,0.6206758890919012,-0.36642178024374955,-0.125292867359859,0.35664866100103143,0.83327510105181,0.496493640142408,-0.07035800390654061,-0.16626557512350487,0.48033385212405094,0.09686610013533449,0.39196580235325745,-0.6060013732878151,-0.6220705185913332,-0.2749796444885938,-0.0326465156391738,-0.02014772326264845,0.4680879317964525,0.02622904422270201,0.10117559083197712,-0.004941845042366043,0.3015333396219834,-0.06490504508822927,0.21855608679751948,0.06722205937148253,0.4036606986960149,0.6691023314714034,0.5521215055349158,-0.12511936198776696,-0.16449391051251508
WBTUSDT,0.3833276331960502,0.5817478804621918,0.66500146987493,0.4558646204792962,0.5297682765649045,0.23381250488634928,0.8403257871154204,0.11807766117043555,0.584701149672695,0.6723641388157255,0.4241464852610673,0.3127536716763295,1.0,0.6042347690281966,0.44041757152867206,0.3812931862193867,0.5756887177902043,0.0628220117574145,-0.7281938514052201,0.6354058600053599,0.5263365376568608,0.8967450858780747,0.0771131278904869,0.516368867393795,0.5772531423788605,0.22031367081339132,0.580031736594841,0.10544684246884627,0.39442823364894297,0.6452681737620171,0.3603049321479578,0.2656864209261426,0.4554925956253723,0.5373064660860627,0.08645383581073803,0.27064259843635113,0.7306960907384316,0.804920131409603,0.24433881814159744,0.3486669862948504,0.19869149178859824,0.4613322099643889,0.4221400876026014,0.05005199050395674,0.1406934449325441,0.14658577841063627,0.018002910736063735,0.5374559580201672,0.4037481857367741,0.64189489297465,-0.014493667418963116,0.21737789361803214,,0.8933653173103281,-0.3498964595699772,0.2639346342511731,0.28974066361563455,0.6079788307700171,0.761855841314053,-0.027118865140415532,0.845085163908468,0.7872125267765455,0.4402329320365072,0.6842338842856233,0.4907314234787701,0.30484169829528374,0.6443608017223895,0.4432590893629924,0.5925810810427903,0.4894449252401266,0.5292575764965769,0.6557433193379333,0.1005777146549402,0.6075149597580349,0.31336242029774647,0.5101925101790403,-0.0009631773617113905,0.46436939601300103,0.5951301160662832,0.2129853917308892,-0.5863195411817249,-0.02388755532613175,0.3224706151805129,0.5389617381554473,0.11557438883033108,-0.6811257125596197,0.5930656993547657,0.8368336984973417,0.5497064425945377,0.37648456562852367,0.3606406872201923,0.11822990881931257,0.5987572871326737,0.3376620573842451,0.37628216643409107,0.10786436244435821,0.5297358034711044
WSTETHUSDT,0.8559737409950972,0.8960858218572644,0.3804627195614584,0.8230721124527803,0.8452501019443388,0.018904138490691735,0.7349085860611482,0.7400688362137444,0.8964810918308488,0.786271969548989,0.8402543028756322,0.3619068139019621,0.6042347690281966,1.0,0.15893734680024796,0.8473924392654302,0.8939467154424917,0.21664897169185382,-0.2765881937639584,0.44013343753672013,0.7922605899961241,0.44021086163431933,0.3256312726223407,0.721729543647098,0.8951011045034979,0.1395089318400487,0.8937489105689596,0.5830127374097142,0.8632960233986344,0.8791877470365588,0.6455663231437812,0.743182033999436,0.8036750063680315,0.7793239517703975,-0.10503615031374683,0.1516313854700792,0.2817618540331596,0.8221302864664846,0.10231745745932096,0.7388276981091668,0.08101602920384916,0.733527845939293,0.7980805536077187,0.02381638820494159,0.6168915871986551,0.38460528605464295,0.49591721015260426,0.722190412975496,0.2209634811736138,0.8112299107565725,0.5298493244004246,0.6120309664225078,,0.6623769231932847,0.3351808761052329,0.7710629330585023,0.20331757075369683,0.826599301025441,0.41438794641951593,-0.20091957626049864,0.7292426498689963,0.8105658447115753,0.7754068600025921,0.7991804556047658,0.6469958959858721,0.8631485809586784,0.5901371611012646,0.8092918383141554,0.7841247828711123,0.619242489982234,0.7989768258479649,0.3617056337098528,-0.0001568342918894412,0.3877794384368472,-0.061833450943867906,0.7650228734601743,0.37786872156723705,0.8039009375426404,0.909636358599752,0.34496589198575606,-0.7279997583376119,0.5358826377463686,0.8282804976051014,0.8594718143286816,0.17303396884673763,-0.5426299952931039,0.853987124351109,0.731842532714424,0.9220311658293607,0.746186150575697,0.7578226246764729,0.5375337703866973,0.9080574366700844,0.7912900481299165,0.8271547079736421,0.3473865971106584,0.6399623123604219
BCHUSDT,-0.0751733368583473,0.15970287709915743,0.8471504313231403,0.09384471817304192,0.034171910027672725,0.24337596254024846,0.1399592463149,-0.22603207860083976,0.15536879909093126,0.01127191569982936,-0.20085025439589335,0.37553650831915436,0.44041757152867206,0.15893734680024796,1.0,-0.03350528900656645,0.13314486500487185,-0.8251739429286319,-0.2905486359100839,0.8337797501313287,-0.2154664550392182,0.5747258551527787,-0.6695992399273878,0.038861804314358345,0.16423557679736522,0.5067529453273679,0.16488381845445585,0.3333809043037385,-0.06796775128129094,-0.03222320183061717,-0.11388755774411786,-0.26769751224662347,-0.21453935557013828,-0.04844644392558572,0.22914370109401533,0.7953371874521628,0.7713274967834669,0.21924301474454067,0.6877822611162278,0.04251168096456206,0.23534512404078756,-0.20618292407890684,0.22212908543136542,-0.016651383702751692,-0.44785612160414295,-0.1963487677130745,-0.44748103802499684,-0.288743975119005,0.5433157106054486,0.04499186481011519,-0.024786562710754627,-0.4610542663891742,,0.4200226717437247,-0.5875039570110407,-0.1243646441090969,0.8775649391620475,0.45060299391117864,-0.03274736431750033,-0.5691869579358372,0.13721369289948104,0.1072835203652214,-0.21483339722945258,-0.05209485497700908,-0.39855822199726587,-0.060792567508773654,-0.07243388494986658,-0.2780238407929992,0.25552646457165684,-0.21526195966714806,-0.10818454282023096,-0.1039582587535228,0.4736544867664284,0.8201146281734474,0.701033601315518,-0.039828021667912404,-0.3497600568351003,-0.17821306650387003,0.17105941571659808,-0.484917129686307,-0.19592167090554402,-0.4089860469506071,-0.20418161048355574,0.033051602518798184,-0.1059325297936756,-0.25965972845637514,-0.06934031711510154,0.1261212983177769,0.0417959569965071,0.07855839030429665,-0.1806074014979136,-0.333974324819762,0.17377859013460772,-0.00014710847944501425,-0.03946996947334914,-0.6611596736727652,-0.30111508854665026
WBTCUSDT,0.9751039535514253,0.8466475205282259,0.28035445942867615,0.8620771272018138,0.72069201387665,-0.34326080398926245,0.5680431927269954,0.8245657877617923,0.848014693025327,0.651399552735992,0.8319084985360055,0.497859082501749,0.3812931862193867,0.8473924392654302,-0.03350528900656645,1.0,0.8491169087705708,0.35517382205788967,0.05815453340872222,0.3133701530079206,0.7463648422184304,0.1181425000134486,0.47834879176546613,0.7859819014977681,0.8481425461161295,0.27328551432321735,0.848552146166796,0.5828257661600547,0.9687760883059957,0.7718147677976485,0.7929274041844017,0.7165439317691993,0.7778143342909283,0.648144306554924,-0.12637321352547196,0.1343167526406088,0.17096817450578822,0.7403802777516552,0.08163338712780395,0.7674185812001717,0.09498729386162127,0.5953621960112921,0.6870248476654097,0.22695265293432723,0.6698008548716645,0.5226973064160914,0.5607046935172947,0.7787753204413277,0.2632449983144085,0.7533670610127347,0.4636488072737931,0.6736598082118805,,0.504080945992491,0.5362846883880401,0.7291975028628309,0.15482394829449275,0.7728030692868211,0.3601589720958045,-0.24377838299675286,0.5572869249821218,0.6997574575300017,0.7101878524633854,0.6793877428806956,0.5314312004154188,0.8422854927815943,0.42274814662217525,0.7852152988005638,0.8348228825163334,0.42798545263400656,0.6397420003260025,0.34820737167646104,0.15158826791272395,0.3034581646945117,-0.33061860774701307,0.5586926595626147,0.47863725795000667,0.8698349977700319,0.8573061359277364,0.17944170468855972,-0.7071774506679637,0.5144789841153724,0.7960409277805435,0.7333732937077937,0.46547715540951523,-0.36856737169399395,0.7350880422780545,0.5574348490078804,0.8772953664568228,0.7096278274380399,0.8751898469703452,0.762887940496887,0.8589020694945252,0.9531191407381757,0.9810744734778704,0.49653268130642775,0.5756320461818655
WBETHUSDT,0.8576204294443213,0.8869991816757661,0.3507225641978665,0.8006505481874209,0.8199859728040747,-0.019911310466005937,0.7008621173484751,0.7424607767401463,0.8870187679591965,0.754802630427183,0.8379285182616364,0.3866187513589423,0.5756887177902043,0.8939467154424917,0.13314486500487185,0.8491169087705708,1.0,0.22201131252638384,-0.24774670680007174,0.42555198126354266,0.7785126680099848,0.39693902423365146,0.32128737690439063,0.6927364027470789,0.8873285003328131,0.14372717731675136,0.884352814650226,0.5684313958079255,0.8633827308193937,0.8661057298663226,0.6268717962973701,0.7362684606258102,0.7927923632967054,0.7571502105626152,-0.1499387857420827,0.15094761987144473,0.2547259059466297,0.7951568664602013,0.1045694013735501,0.7411185657448985,0.06591723388755862,0.7301638967698602,0.8060378963735647,0.004185049110391804,0.6303504966371735,0.4231627665381007,0.4821222095938104,0.7051846539553094,0.19423223849109789,0.7964822240288536,0.5210297913608972,0.6407706234120419,,0.6535312092873481,0.3558280814520135,0.7661801473278145,0.18116898747185542,0.8145334085764548,0.40104598690659166,-0.18253336893787755,0.6945016345412832,0.7810932753794215,0.7714191056557611,0.7800554757015349,0.6378127463210441,0.8602883501910371,0.5951610505334024,0.7959666778863627,0.7712102739794549,0.5983766196132293,0.7815647137573224,0.37117897877883166,0.010557572609207647,0.3555028111050553,-0.08831145160939198,0.7444599313804705,0.4246580717036234,0.7857178761558826,0.8995541309357694,0.32873790929782326,-0.7362215745263774,0.5264859250476451,0.8166170986972627,0.8349295864018066,0.1726143973428916,-0.5143780403602182,0.8419818066553103,0.6980157377829646,0.9123597594055397,0.7216279389421604,0.7476667618746953,0.5228966824247444,0.89810632632364,0.8036159212142869,0.8295414823954823,0.3418197238161365,0.614328673149974
ZECUSDT,0.38156957616620596,0.1988719013654628,-0.506303967153044,0.3050088121379311,0.3533953303033193,-0.14075611594118648,0.38865770403812583,0.35380269146489113,0.20638349497129038,0.47083790805662296,0.4907703104545051,-0.31741837472728923,0.0628220117574145,0.21664897169185382,-0.8251739429286319,0.35517382205788967,0.22201131252638384,1.0,-0.09716497871463031,-0.5905328994742411,0.6186121812263362,-0.1068493510983289,0.8023943904674776,0.42893521477827806,0.18951971686480726,-0.4727249571583313,0.19279819704359688,-0.11833011320481727,0.38169159013417414,0.43189586940420865,0.5269321936335984,0.4918850875060144,0.5235982185404243,0.41054604282634044,-0.08143580030799345,-0.7093958567157351,-0.3795430383486182,0.32116618991681145,-0.7096607256864574,0.11599312921762878,-0.08434861329901955,0.44670957429939157,-0.06575136950745959,0.09667341297020667,0.6528337619817565,0.14315239995492976,0.5782615318499098,0.7354781083870114,-0.34776989990884727,0.4137191784263422,0.17200051837334465,0.571939542083422,,-0.047836235502013665,0.440648814112232,0.39738455533984846,-0.7706698172213041,-0.12944335744927649,0.47797742085829203,0.5918314469825621,0.39563030842617436,0.4100262716837364,0.5186790862860071,0.47517823319101876,0.7150963623884513,0.2722577055035404,0.31985771828653714,0.6391742054274787,0.08597923130040697,0.5771906126520644,0.47554194188361315,0.4241332015366617,-0.5349641749578219,-0.4884066876151719,-0.5815865264653401,0.3702861367058817,0.2606344432172615,0.6018639530621351,0.19666253533763686,0.6765380868538149,-0.08116072372975384,0.4782023246838344,0.49959943329220097,0.359283954393965,0.24769252446558415,-0.18711295879722192,0.4326257445568065,0.40046894987822573,0.3147300104337452,0.319858730559056,0.5239816904387666,0.604090769539921,0.19416096994134285,0.2360933195291074,0.33280085183802055,0.8183990532579223,0.6785651020100105
USDSUSDT,0.02575634280784366,-0.24953402593371005,-0.2773530479943066,-0.14324022664308725,-0.3985979399037386,-0.5761587792785116,-0.6513229216057904,0.1869645410732642,-0.2509413702837615,-0.5550504488188772,-0.17083446313094808,0.26057743892865004,-0.7281938514052201,-0.2765881937639584,-0.2905486359100839,0.05815453340872222,-0.24774670680007174,-0.09716497871463031,1.0,-0.21767764368454218,-0.3975045995437863,-0.8265581560495586,0.15392403744149402,-0.2169146525629109,-0.24499127747857863,0.3411368389525231,-0.23791103841244848,-0.0778850003260507,0.00023485292677402552,-0.42569653722899103,-0.10065124977043027,-0.13383300514659568,-0.1907592195076959,-0.40910464021108417,-0.03239946728857691,-0.0019260816081261161,-0.4538637307188877,-0.527434251640205,0.17139114968873304,0.11206459505250982,-0.06071989313426604,-0.346252604599992,-0.1407041997534986,0.404938828390541,-0.1832325112425642,0.31189164035615413,0.10443196462654374,-0.28666745567304375,0.1291650572919047,-0.4676026355170728,-0.19730071178301956,-0.04167564300482551,,-0.4537131464983409,0.5388218068586148,-0.26445364402773003,0.08101947534088916,-0.14836746680954055,-0.5468701357277618,-0.40417915110752706,-0.6662306574942918,-0.5379775742207299,-0.327579096435674,-0.4790042806135692,-0.46193488120403337,-0.04122968722515019,-0.4591248848350411,-0.2908073590103176,-0.010319187175392623,-0.6318795777022987,-0.5090735371815744,-0.41687985875285805,0.44213443474491965,-0.22637264443747723,-0.48128836889212345,-0.5162885873360723,0.190596044379152,-0.1952740769195173,-0.25673174053907455,-0.4684163409195709,0.19841144762792037,0.03846831869304537,-0.2055328484002269,-0.4078096960502635,0.38437556165253695,0.6580876406385028,-0.4091874780972282,-0.6672548735619788,-0.24052588504421998,-0.3400404035726544,-0.03251552117828308,0.19575289743584232,-0.250755298242042,0.1555743474794538,0.11005093835530105,0.12300248786316953,-0.35521162771563414
BSC-USDUSDT,0.28402532484760284,0.445177557247223,0.8892198551345933,0.31320835937620517,0.20577885908068902,-0.01157392403828486,0.3342845226987242,0.07720420665439448,0.4422559406554606,0.1841400618462141,0.12609195317792116,0.6966553546956853,0.6354058600053599,0.44013343753672013,0.8337797501313287,0.3133701530079206,0.42555198126354266,-0.5905328994742411,-0.21767764368454218,1.0,0.10274805819368586,0.566380021518132,-0.35216575216557067,0.24582944506768678,0.45065787595361684,0.6988099883275911,0.45224209860343423,0.28425343855662616,0.28207322969209375,0.254425173344587,0.09748231526767752,-0.02814072586230041,0.10472070045113241,0.14948148029338384,0.08434525047124089,0.7702616713707031,0.7859743484315483,0.4451125630755908,0.7712766611472103,0.3968691623907576,0.23734760578226474,0.06287594990010252,0.48313065249942483,0.15748291889188307,-0.24162103382361227,0.23730332338329094,-0.2542459729763334,0.019806224505575006,0.6794952042216986,0.2671125981550579,-0.09800102287658963,-0.08537873143790763,,0.7337525132945862,-0.3233356947878777,0.013645814739891179,0.8404667294388142,0.7126414972766955,0.21786381065634683,-0.6061171746233358,0.3260947979343268,0.3443412927407389,0.042781246387195014,0.21802600307531428,-0.14328386190625894,0.21616504663477445,0.23783696586390426,-0.008873508908436448,0.6128297343480642,-0.12341580545607526,0.06583869214059263,0.21067860704469332,0.6478763767357214,0.8490082157323959,0.43183587052651906,0.09447184818962799,-0.012792115725950187,0.10046366128511273,0.45770272232595105,-0.43587486698616673,-0.5267663568892587,-0.2621393736639002,0.013886559988146306,0.20963631963798887,0.17616702786959682,-0.3069875575744316,0.20322777884904755,0.31495003460812326,0.3432353807585768,0.14229777597291488,0.12330727390568896,-0.08014871045089458,0.46502148954800165,0.39055854836827053,0.34340005342510144,-0.3422703139805311,-0.04071982564506114
