,BTCUSDT,ETHUSDT,USDTUSDT,XRPUSDT,BNBUSDT,SOLUSDT,USDCUSDT,TRXUSDT,STETHUSDT,DOGEUSDT,ADAUSDT,FIGR_HELOCUSDT,WBTUSDT,WSTETHUSDT,BCHUSDT,WBTCUSDT,WBETHUSDT,ZECUSDT,LINKUSDT,USDSUSDT,BSC-USDUSDT,HYPEUSDT,LEOUSDT,XLMUSDT,WETHUSDT,WEETHUSDT,USDEUSDT,XMRUSDT,LTCUSDT,CBBTCUSDT,HBARUSDT,AVAXUSDT,SUIUSDT,SHIBUSDT,DAIUSDT,SUSDEUSDT,WLFIUSDT,CROUSDT,UNIUSDT,TONUSDT,USDT0USDT,DOTUSDT,SUSDSUSDT,PYUSDUSDT,MNTUSDT,MUSDT,CCUSDT,TAOUSDT,AAVEUSDT,USD1USDT,NEARUSDT,BGBUSDT,BUIDLUSDT,ICPUSDT,ASTERUSDT,OKBUSDT,ETCUSDT,USDFUSDT,XAUTUSDT,PIUSDT,JITOSOLUSDT,PEPEUSDT,ENAUSDT,JLPUSDT,RAINUSDT,APTUSDT,PUMPUSDT,HTXUSDT,ONDOUSDT,KCSUSDT,WLDUSDT,POLUSDT,PAXGUSDT,USDTBUSDT,BFUSDUSDT,SYRUPUSDCUSDT,ALGOUSDT,RETHUSDT,TRUMPUSDT,ARBUSDT,HASHUSDT,BNSOLUSDT,ATOMUSDT,FILUSDT,WBNBUSDT,USDGUSDT,VETUSDT,USYCUSDT,GTUSDT,KASUSDT,RLUSDUSDT,QNTUSDT,FLRUSDT,RSETHUSDT,FBTCUSDT,LBTCUSDT,SKYUSDT
BTCUSDT,1.0,0.6796510022670612,0.2360390531506736,0.5619085857255657,0.647922952309924,0.48176501068600625,-0.2860562119683582,0.8080686276030674,0.6854539051974817,0.5858406619875207,0.7217804780880944,0.437011436118266,0.36151020111356935,0.6846591845016988,-0.07244413571901455,0.8847220092537152,0.6910291968521557,0.36149866641560724,0.6827400551668694,0.02607375885338857,0.26811426419797957,0.4554293758473991,0.11719247255659411,0.682892745519801,0.6871914674507116,0.6839810868985531,0.2106731475527445,0.560113687699084,0.7010464619499278,0.8825194094643732,0.7551520985424279,0.533304039418102,0.5247969772410989,0.5252940179167869,-0.14742814665168566,0.1326522991440281,0.09721046104932908,0.6827030535911481,0.7302629900042958,0.5693257248415607,0.037510548116808984,0.5434866857005483,0.17142298653595728,0.17255542497507073,0.6747905404911549,0.4931965779349421,0.5360650865665524,0.753773809851323,0.640399731889401,0.20584516236319078,0.6184887771904186,0.4791568966277189,,0.48523739314886233,0.4716493065772131,0.7007284633657841,0.5913980363390556,0.09734553120345385,0.2876754068536718,-0.1924758981281198,0.4706082957893356,0.5496171414287481,0.5362078158898677,0.5802885254400378,0.014675239231386673,0.5405728138367629,0.3546977780985964,0.7671514564832614,0.6625163741202748,0.7341753967257225,0.41718485489162094,0.5738558375331184,0.25259040782601444,0.06914945249141051,0.2635850666397205,-0.2775515267362752,0.8206624564816813,0.6797372163300668,0.5577637767369709,0.5514738506281036,0.4567229640669514,0.4668026359424864,0.2207960546061485,0.5037028812665367,0.6508229146918738,-0.4356074047687075,0.6800157078925413,-0.6320544476154181,0.7570762648896223,0.5327222990994582,0.43165441351696565,0.6743605198007319,0.6264408116778375,0.6767730300348899,0.8414513525429562,0.8723200546208302,0.5660999436523451
ETHUSDT,0.6796510022670612,1.0,0.310717121740602,0.4566658828151632,0.6243575435348929,0.5050649893300692,-0.007121994111430151,0.6306162663612788,0.6207951876298803,0.5712659488675471,0.6156486254105495,0.32374494942235016,0.47750689039966604,0.6247487010897967,0.12791465062233037,0.6711542682563875,0.6230984009417505,0.1651465258439452,0.5935548918821536,-0.21278354558090132,0.36627546058163674,0.2572437303722545,0.33218668152714687,0.529480240283288,0.6222862156540946,0.6183168707157558,0.1312405782930513,0.4795995234251252,0.6640329455262338,0.6841334332030392,0.5212136320967649,0.45808012393166264,0.4534196147375915,0.5145239532035397,-0.11482011996307036,0.21527081377656507,0.14201498713569208,0.6354786873852527,0.6253358328178635,0.5733642489109588,0.1034810941998112,0.5460800650722843,0.13644905854364403,0.01331733356773583,0.5106857190021731,0.3493588894338716,0.39131322521503026,0.5807403947685479,0.5726159404964214,0.18171199713215339,0.4800777533282234,0.43626668996526763,,0.27359738145604323,0.5460533635379903,0.6102897969467648,0.5588274991763665,0.15461665214282788,0.26614939900896967,-0.1765668269305643,0.49718511022977807,0.4931660434755362,0.5176890567459093,0.555338515773049,0.004197169065561184,0.5182948740431029,0.4053093649014716,0.6724045771765947,0.5618164867887829,0.6153380636856632,0.4520671049084585,0.5737307837547314,0.21857769397386867,0.014598699951008522,0.3221960561043776,-0.05693631677295017,0.6377638370804357,0.6178695906059949,0.6064784588485709,0.5285302675510516,0.3312621362401713,0.4940378578429165,0.26694402639280507,0.4259925716021567,0.6266737325196363,-0.5112403115042811,0.6074016123712017,-0.6088666695022454,0.6530103757081753,0.39317527454661516,0.15301535473066044,0.5830592674566847,0.37773524027402894,0.6137448533476427,0.6246557490757296,0.6495880322827534,0.5076070203649564
USDTUSDT,0.2360390531506736,0.310717121740602,1.0,0.26715764374803597,0.18853086381229425,0.3660479194416251,0.01409002426210919,-0.03375517377579364,0.31326757356871815,0.23833584922563178,0.028714499486460245,0.5480048107166774,0.6633649556580277,0.3174086983503376,0.8420927771754544,0.2667248881967898,0.29483705606090166,-0.5062986043170223,0.04915806107388342,-0.2876792369437446,0.8912220337568691,-0.30370547638347795,0.6500811120169883,0.3928894853438532,0.31371005607829094,0.32079215809632106,0.6907276671041659,0.3417303798599322,0.17930513910299176,0.23603237923658554,0.2924482513760448,-0.08133768475208276,0.029690795460031828,0.10517945254331322,0.37327302292847686,0.9115316362674343,0.8015909422391247,0.5207844164588727,0.24398627647768772,0.1954443924674307,0.6949774231953103,-0.08615075106237122,0.7309458088577092,0.32714158983363545,-0.30259773240582677,-0.03189652552016918,-0.22905892889372756,0.1317842973700693,0.2648590876406547,0.7990648024813674,-0.27413538420446865,-0.10438485503416996,,-0.4397976484057577,0.6296634925725798,-0.029332025509284602,0.5161709870732991,0.7790145703392987,0.24746903906480106,-0.6055071327933588,0.3598937910573138,-0.030973718982872166,0.16093529214355867,0.35855342760029857,0.03546218091024694,-0.196083745760863,0.038309646726728735,0.07384855463641811,-0.01075217555815137,0.5693767462799675,-0.10453282413427233,0.019510049277465746,0.12529593286429075,0.49457809842195777,0.9923470652400843,0.4273197491086752,0.1931884343137379,0.31929306728325474,0.030171263229018575,0.09018051973604942,-0.3036319764165185,0.33989671660745324,-0.44250572061673643,-0.3274701723682842,0.184393552445835,-0.49920822742999205,0.2137875661576679,-0.40532291043719015,-0.023135020521227245,0.11205099862582446,0.3463281490769136,0.24406597892857182,0.06946061866835641,0.3238848188478545,0.28600331727141365,0.2953432611347689,0.018631963867282213
XRPUSDT,0.5619085857255657,0.4566658828151632,0.26715764374803597,1.0,0.5108115796865332,0.8185316246195374,-0.03353819695867539,0.5056528970161207,0.46181825266706,0.489933969103075,0.4585271463257195,0.14892099899168507,0.30247047614122374,0.4683262505172798,0.057324042938474096,0.5591503326227131,0.45916049546625337,0.20769689902926425,0.4865662573932412,-0.09539635684887376,0.20818904748696537,0.2884178240848296,0.22914848761103546,0.5584675459031766,0.4574870044349544,0.4605061805572868,0.09254704640033211,0.471928057305243,0.4832827958366607,0.5652953452956682,0.5864442306866983,0.35728131072664926,0.35109259663694775,0.4009607750942207,0.11896042744179126,0.18635060399308878,0.07140519657117672,0.5396787632135713,0.430996501764922,0.31714473245249575,-0.01506672007798629,0.33542880229653205,0.2551605146306104,0.17533151944884506,0.39539940785151156,0.10728764037776278,0.39952271990333177,0.5505521056160245,0.4632686466113554,0.2220157101688983,0.26467678243033715,0.39330212492311034,,0.22727903086245013,0.2883018460556961,0.49000637518243695,0.40434102060004734,0.14084457898652955,0.19991917457119388,-0.19586865987038932,0.4078818416803405,0.3553463659625673,0.3872020625143122,0.46265388745424524,-0.00011401414577686124,0.36310169159981864,0.1652155962112633,0.49806707891922036,0.4674134334405042,0.49855925551899954,0.34534187120721116,0.42719206044561847,0.09853810178472434,-0.008371848632673894,0.30344789471078026,-0.080124125385487,0.6071765194807086,0.459874004579005,0.4352834304615199,0.3749822256542576,0.08422550405121879,0.40097298205556114,0.20435899429840546,0.36231988800800313,0.50855592080376,-0.42362427012786275,0.45776793368647456,-0.3672093009492531,0.5392414791372735,0.3663977250290489,0.2698808628158703,0.5641290744646682,0.46579700524685647,0.4566935171606586,0.4852500355824353,0.5460546282629706,0.44820740440518625
BNBUSDT,0.647922952309924,0.6243575435348929,0.18853086381229425,0.5108115796865332,1.0,0.6339646223208582,0.26388161188866277,0.6766677478720731,0.6305315780693521,0.7501493242474092,0.6822107313939983,-0.025169424365046888,0.4760947188497406,0.6448371727657527,0.028263659407106234,0.6247483339796485,0.630283392511158,0.3195493760393913,0.7325766961523525,-0.3747774777995702,0.18443174502565976,0.38717847078086515,0.4425582154940095,0.620014026858006,0.6233611845078147,0.6240442849690364,-0.16225725695667767,0.530918403170696,0.7581543692649214,0.6641733420416331,0.5947391898828885,0.5701481226332078,0.5353186980765554,0.6587977481243913,0.0458041935055554,0.10160704679366882,-0.115604214588369,0.7005961749020537,0.5671491421198637,0.5236579170655262,-0.16657504677333543,0.6592800904370669,0.09740535371758861,-0.020952183227900652,0.6013700788642475,0.10548000354640134,0.587011551983805,0.7036321770229085,0.6392849495034716,0.06312957570895578,0.44852348049706453,0.6134619762325964,,0.302904404516156,0.43492292599580384,0.738755146297813,0.4960759914034106,0.017752676342776184,0.2801925796835636,-0.0722830382499839,0.6306304945318518,0.5846601221380405,0.6214842081741869,0.6602304453452597,-0.010348578158021525,0.710790704663634,0.40953228928104957,0.7324792934038373,0.7037724596856485,0.5375923193313595,0.6899802582502982,0.7477708367724099,0.1506025549517171,-0.24790215295968782,0.2231069694833876,-0.031053423669292812,0.7519725723702674,0.6277315728954358,0.8137897132897915,0.6189050713557771,0.16423465808034426,0.6274474563867243,0.5787466214769128,0.6421248138891349,0.7858100167640485,-0.6466051426885617,0.6484803201655758,-0.48917710291424965,0.8119618384922286,0.43137378247204594,0.004303315048879544,0.7391279522739319,0.45746060084379214,0.619847031234972,0.4976059790270676,0.5823105888516192,0.7167254945631442
SOLUSDT,0.48176501068600625,0.5050649893300692,0.3660479194416251,0.8185316246195374,0.6339646223208582,1.0,0.258174173041539,0.3715301842689739,0.5127329322747805,0.7176800530271997,0.5146138424339146,0.016049693015724505,0.7170892619968601,0.5299016046988584,0.11585279499204926,0.4670299662180739,0.5093262875989883,0.3353463393260496,0.6409170279622172,-0.5802114382431913,0.28527238606677263,0.3512464376850747,0.6589888890214783,0.6024912877042998,0.501185327872757,0.5058539718054333,-0.051578249958505,0.26266739921742865,0.6630226667049568,0.49599926717399534,0.5540269589922102,0.38287307983331587,0.4289446314889233,0.5538530557597335,0.17772803423269568,0.3714270024278589,-0.05052277325751916,0.7492290376373973,0.3896326802986859,0.3216796848585072,-0.0933879752271719,0.5153403463889183,0.2915439472611858,0.10071416337694825,0.37931647081548203,0.03558390249108949,0.37123533422043165,0.7067084633142986,0.5987022454200492,0.22629360143356037,0.28872419805214744,0.2718054581456785,,-0.010096212383367945,0.5886343345019336,0.47387226238396135,0.41586414498121427,0.0440557895754374,0.49487546053843573,0.023331811266265393,0.7128109943418544,0.4551678398667356,0.5940650064339189,0.6897839313820913,-0.007811032492639707,0.6473708713834864,0.431805047077009,0.45564145299035896,0.5697058629516902,0.5136886608210927,0.6095509232125143,0.6089058144799687,0.3182766268769751,-0.14893368771291157,0.36761821162787545,0.06699607874779163,0.657227783315647,0.5097540352163055,0.6472732094522002,0.5179091507979288,-0.01079720931517155,0.7015386622640707,0.4808184791685309,0.3354799523865515,0.6312447275453618,-0.754039272821566,0.5091833168111776,-0.40688303392220515,0.5648335415363029,0.3476518796460532,0.13507836611939197,0.5660646472858659,0.3616098261560497,0.5062335497819609,0.3492437429009204,0.44187958629846014,0.7115170704197744
USDCUSDT,-0.2860562119683582,-0.007121994111430151,0.01409002426210919,-0.03353819695867539,0.26388161188866277,0.258174173041539,1.0,-0.10771427189857584,-0.006482056379328343,0.27449903167534234,-9.284839658968483e-05,-0.588453609808718,0.22256925839484798,0.014960198612812437,0.23059901602723326,-0.31343805737597696,-0.016351939824861883,-0.13442150819758655,0.09664115398327028,-0.5751822251157642,-0.01165333228825076,-0.09864191618307963,0.5218858021412773,-0.06611334409284225,-0.019036736128648014,-0.012527552866112044,-0.4603678776910612,-0.000635515766880361,0.14442238666805915,-0.25496162692425955,-0.23333785375384253,0.09559964754762819,0.061066558808060216,0.24348980934446224,0.28623335397343846,-0.008578063113903384,-0.24451534409505216,0.07008908994463393,-0.12249964263057683,0.03455575807131837,-0.19203367029472163,0.22809382370402448,-0.08547937385887626,-0.24902435810434684,-0.1219626409513913,-0.49268331255947423,0.10683756777518097,-0.06404880254935254,0.0251278683847786,-0.11907495087561372,-0.22234266610189118,0.2087011247358876,,-0.22722272660381845,0.04427159306208862,0.08631250470532449,-0.04148125003172943,-0.023235824096642713,-0.019872400969147736,0.055272839178800735,0.267675201751334,0.08363376915501447,0.16764050268295544,0.1588219370221818,-0.03445187888771976,0.2663297317017864,0.12844149919133108,0.03945338064791543,0.09170356007146924,-0.18573207583641418,0.40116360079188507,0.29276777698989565,-0.1551012504499222,-0.398693239934613,0.026983817603598952,0.37672374307316003,-0.07052707027512772,-0.0016374981420140204,0.42975196838910645,0.14884670628405514,-0.39212597598015203,0.26806129730118605,0.5027709261050421,0.2501158751302453,0.2563331145426387,-0.32339939924502503,0.02199705466424593,0.1511228914201068,0.13107614782994534,-0.12355547612260293,-0.6128171906768314,0.11687388579412833,-0.23775351423354568,-0.008662173976117215,-0.43071205858893985,-0.3547805244447004,0.25075261631400847
TRXUSDT,0.8080686276030674,0.6306162663612788,-0.03375517377579364,0.5056528970161207,0.6766677478720731,0.3715301842689739,-0.10771427189857584,1.0,0.635535559828301,0.5314976937636257,0.762928052779632,0.24026739578948644,0.12093869771091588,0.6348812201306465,-0.2259167011444444,0.7990442590257443,0.6412676514178947,0.35556004094409865,0.6422753893532311,0.193565086054542,0.0781223864765485,0.595903981448659,-0.04731280712309793,0.5267925446813638,0.633052413420742,0.634553405248533,0.04977731487777231,0.4596581750670074,0.6838091699442179,0.8084931277051549,0.5523622650068265,0.6375715647262741,0.5845787189693511,0.5710776366975114,-0.1430439050863301,-0.2331765426084888,-0.17569805398469493,0.4708069234926473,0.8200571610353132,0.6301857013065615,-0.04912089552079948,0.6641337678998721,-0.08864621531916249,0.17616487607865705,0.6382828801480374,0.5252826454919801,0.746362827638963,0.6368476766247316,0.4911119253458051,0.09784401430961844,0.6520203503129212,0.5235206975003164,,0.7520201564976988,0.3144089308997538,0.7020703260530976,0.5250245049290972,-0.002012710687416805,0.08518753939022773,-0.2781293767170308,0.3606704781386851,0.57291212882966,0.5173850903727693,0.4719478211336509,0.008242018619441224,0.6129856004704216,0.3670704883383416,0.8809690246264762,0.6875250485727752,0.6455699200710701,0.4446864755953772,0.6100682705620274,0.07614486981242828,-0.041057599781777324,0.01869348940332004,-0.3759119319162212,0.7329620536664436,0.6303299731339208,0.6491301672329525,0.5744188522319692,0.4978484817250286,0.3635690648912597,0.3980797396014169,0.7933801529794346,0.6758498340208318,-0.19048313976029826,0.6718455886050789,-0.40283310181894005,0.8336091326568787,0.49388023053865965,0.25025401283678383,0.5695864286293398,0.5963964533902366,0.6256906595526999,0.736251991344204,0.7819076998779245,0.626036678885701
STETHUSDT,0.6854539051974817,0.6207951876298803,0.31326757356871815,0.46181825266706,0.6305315780693521,0.5127329322747805,-0.006482056379328343,0.635535559828301,1.0,0.5790020541057854,0.621184309571501,0.3228670375454273,0.4834647067421137,0.6294610143708723,0.1253540699242303,0.6769625573197261,0.6275342411479609,0.17254903065957466,0.6006689530866504,-0.21563871558766914,0.36652556228884464,0.26622906806915214,0.33705954126868704,0.5380178131381592,0.6265122521932177,0.6227834535547195,0.13149034099390178,0.480108115947198,0.6703155673618572,0.6899958905759761,0.5297924506079505,0.4624174973049467,0.4587319002177854,0.5202055650509126,-0.10932677398982298,0.2176845492702515,0.13812833982246034,0.6432278093611719,0.629650607424311,0.5738597850854478,0.10066116321627751,0.5505461085140835,0.1412344855372686,0.02028907264496397,0.5138912194509695,0.34973083800422383,0.3983858323221226,0.59085404233828,0.5782680752331194,0.1865099403544957,0.48254644901630966,0.4365500160073939,,0.2759529205967972,0.5504104406998398,0.6136800039677164,0.5620566719144064,0.1539293203612558,0.2723610456902099,-0.17722561730571837,0.5048560815483468,0.49748400151047883,0.5239907511942635,0.5629587463786881,0.004330697909410437,0.5254610367630723,0.4083799826105225,0.6765507613982403,0.5686215196013258,0.6219056412244013,0.4575872155408106,0.5790441727919011,0.22202651321008804,0.013583274195801204,0.32515810339256035,-0.05955747090973909,0.64673616538972,0.622322381260562,0.611619148827717,0.5333791188167768,0.32932581737041533,0.5015011713983502,0.2723694114002426,0.4307659307069903,0.6327259726700997,-0.5173115538086519,0.612268913481291,-0.6088589735545409,0.6589565793607204,0.3983328512457349,0.15979639869954823,0.5884284223832353,0.38571517490096974,0.6182145878454632,0.6287035688230304,0.655469472589306,0.517673587361605
DOGEUSDT,0.5858406619875207,0.5712659488675471,0.23833584922563178,0.489933969103075,0.7501493242474092,0.7176800530271997,0.27449903167534234,0.5314976937636257,0.5790020541057854,1.0,0.624009653690026,-0.08252837115398912,0.6033204811125278,0.5971341833156585,0.00740288421670867,0.562949813120408,0.5776599787278837,0.4257983468196298,0.7476857953002545,-0.5206003091534016,0.16464562564097812,0.42250793041643847,0.5636899330072582,0.67059388491046,0.5677676715129516,0.5707339761827622,-0.1866020790381397,0.42209553119992704,0.7414815701606506,0.6025215624508677,0.651549729075706,0.5038930552328387,0.5044003618853035,0.6394346975057646,0.13802186107297815,0.22268780612152242,-0.15233840809961863,0.7703130747437126,0.44635914231205365,0.3870074916483879,-0.23521988562611834,0.6046515003034011,0.20410735259539775,0.034121594520923365,0.5593216151719977,0.012042496970211857,0.5262832208093952,0.783367040675526,0.6660489674605574,0.09701424392764259,0.38436163891584096,0.49462528526438854,,0.14865550802514818,0.47549815209417295,0.6568754347219853,0.4308215401130797,-0.03579778083978998,0.4266957991329144,0.05194342946873769,0.7172142792923215,0.5530602615428696,0.6406396827299096,0.7173027779198726,-0.012753795901348132,0.7392238388571327,0.41581302537155,0.5986784470548837,0.6895015812816031,0.5095282239491029,0.719459441876707,0.725063677992122,0.2503881150953282,-0.27263307130070363,0.26038021159015085,-0.0023657176484521304,0.7712379597878632,0.5753843493633322,0.7702427981972153,0.5920773780213162,0.0487470564185693,0.7094511194945943,0.6072390160316249,0.522578432876998,0.7475719186812962,-0.759496782386034,0.5931746911482872,-0.44130004053707494,0.7360968375645817,0.42106963906118083,0.07912399798173701,0.7192688485169307,0.4667172335706486,0.5688295714300877,0.41916076265784175,0.5236039099072141,0.7761787559634146
ADAUSDT,0.7217804780880944,0.6156486254105495,0.028714499486460245,0.4585271463257195,0.6822107313939983,0.5146138424339146,-9.284839658968483e-05,0.762928052779632,0.621184309571501,0.624009653690026,1.0,0.1706861952256908,0.3712978527712774,0.6259958575029436,-0.17829029794676807,0.7033405725007396,0.6288262317979838,0.43233916565589,0.7039375540559606,-0.1560419890177114,0.10935981634377082,0.5086073916744804,0.19973567102133893,0.5280575485961074,0.6186621187922665,0.6156860340432228,-0.06888226595759639,0.37324703870754894,0.7364309625624758,0.7270780806817289,0.543594250091361,0.5785994816353757,0.5529420134058263,0.5921133747712127,-0.18463705308763495,-0.05620812997847087,-0.17377139136537353,0.5940615403745019,0.6703466687578484,0.5726430222959599,-0.13323184554644293,0.6875986152188952,-0.05247503017576098,0.009967552149253961,0.6706221835244506,0.4260010793217341,0.5943858753625957,0.698254234553511,0.5841933275144175,0.005975104776309349,0.6490691062275653,0.4763118808469754,,0.48931199052230134,0.4538453555453373,0.6905026918083271,0.476371315561148,-0.09805917228283563,0.28069845256238574,-0.015603203004935128,0.5079243398040106,0.5953484745125099,0.5864175852468936,0.5695202636392478,-0.004050916597947035,0.7202700387076757,0.48262237696662813,0.7591520048830869,0.6909081227536673,0.567034213063142,0.5813527440570099,0.6737571996933586,0.24114945095157422,-0.14530813684264504,0.047402191062734536,-0.2469306409651244,0.7216766093116566,0.6151533452534972,0.7074858449394443,0.6041105388568077,0.44985632160740846,0.5087751225582978,0.5034673276574191,0.6385509532857543,0.6843345905450076,-0.43598590468986265,0.6456882256082968,-0.5055621237092852,0.7799884784699218,0.4459905744250243,0.13700603243767012,0.582689768911568,0.4740060687531713,0.6098044014695196,0.628529149051029,0.6737757341883549,0.6754048049278176
FIGR_HELOCUSDT,0.437011436118266,0.32374494942235016,0.5480048107166774,0.14892099899168507,-0.025169424365046888,0.016049693015724505,-0.588453609808718,0.24026739578948644,0.3228670375454273,-0.08252837115398912,0.1706861952256908,1.0,0.3097153792064439,0.30257456592892606,0.3701709468553057,0.4725342224003863,0.3256433596146191,-0.31533304307848764,-0.01507328158488175,0.2706734798842802,0.6922909612377445,-0.12008504483192955,-0.007660154093426167,0.12055539609142552,0.33979311521150396,0.3324646417186417,0.8380482048771419,0.11078392156800765,0.1414148520993562,0.41287339652819277,0.1250805920843843,-0.01512428364836708,0.07284855751271889,-0.03887279213458072,-0.30156787905424026,0.44380153691650015,0.6965770527900891,0.2199698833623803,0.5123623243365939,0.4116727910554387,0.7587527905391266,0.02022886696981313,0.25578019241304495,0.22725143017027824,-0.04022947345662767,0.7321220628809281,-0.2081472434770732,0.04228059579424193,0.14124340650592856,0.5240118293474209,0.2582492283714244,-0.24908110518592685,,0.06895045569507988,0.600746770687319,-0.02594057193911721,0.4892543376396274,0.49794326086833635,0.12993257234321948,-0.4655288370639423,0.0009661477402008702,0.03259944822995993,0.05670600530164462,0.09309505143932158,0.04809558579936808,-0.18723886098171164,0.19905916460394468,0.22305350499723764,-0.029160033053570115,0.586865756370518,-0.33541943762893645,-0.10989135801915444,0.26219440373976444,0.6773857916706824,0.5080937322339419,-0.06250062892326272,0.09487515373788384,0.321952282871486,-0.16145001427979983,0.0769497514579001,0.4664342687844554,-0.004070202140300291,-0.6070568944124942,-0.2640077809902973,-0.01739776444727542,0.03272940707518594,0.24066395743084387,-0.5367252930893488,-0.030406685598021545,0.13856903412622765,0.5036757918091036,-0.062352917186497915,0.05866712104091528,0.3298416898436474,0.6250872116242732,0.5184992040097057,-0.1630414648609019
WBTUSDT,0.36151020111356935,0.47750689039966604,0.6633649556580277,0.30247047614122374,0.4760947188497406,0.7170892619968601,0.22256925839484798,0.12093869771091588,0.4834647067421137,0.6033204811125278,0.3712978527712774,0.3097153792064439,1.0,0.49655924024175063,0.4306295867787765,0.35808699036189273,0.4788091900822012,0.0630867214941751,0.4810086406280955,-0.748366257053503,0.6271321401628114,0.07515515827646341,0.8717727203897443,0.46522395569750175,0.4784449038480207,0.47889304077484235,0.222082116441392,0.10490851539273127,0.5892373259687698,0.3719234327864272,0.3583343417606939,0.19426783583622279,0.306449662490748,0.431625931816453,0.09005334688767243,0.7066705202188144,0.2843502144462167,0.7636963078584666,0.3488912267935892,0.35234221005807626,0.2526118896879677,0.4121613581713639,0.40642685261388106,0.0490372410338477,0.1398192572975646,0.14900230729729205,0.017784991220830087,0.5319870858968195,0.5509174815034937,0.40338420496637023,0.1982160270339369,-0.013975848246426545,,-0.3232356561168892,0.8851342356412342,0.2508138204190548,0.4867306438640917,0.2517826543776811,0.6059716665464742,-0.026624432554856633,0.7160335904639074,0.3354364845130734,0.5396180857562601,0.6626005753040938,0.009406196349571258,0.4828593688084868,0.5287062704946378,0.28081612740790035,0.37172281082018727,0.5552459107312802,0.44357717480524406,0.46150853871389064,0.4688414511416637,0.0866966345408944,0.6160382900467417,0.27052939046446345,0.4481286781047731,0.4822005070715095,0.4940709272889296,0.4406172763042198,0.0011423061937014159,0.7014588715120188,0.21296092859029467,-0.02248278759658136,0.4771117997852417,-0.8156977131271381,0.43143588862237364,-0.5520927129689406,0.306193098480463,0.2217015766092144,0.1268721602290977,0.35884958056714406,0.09821627734641782,0.4826092399508403,0.311666010487405,0.34914608439261074,0.5235880410774897
WSTETHUSDT,0.6846591845016988,0.6247487010897967,0.3174086983503376,0.4683262505172798,0.6448371727657527,0.5299016046988584,0.014960198612812437,0.6348812201306465,0.6294610143708723,0.5971341833156585,0.6259958575029436,0.30257456592892606,0.49655924024175063,1.0,0.12792515841526414,0.6753247362649781,0.6313058516850127,0.18080339069699733,0.6130608959145735,-0.23737057169848216,0.3639921136114631,0.2722859964477026,0.35769904528060853,0.5501907557178785,0.62997505392373,0.6266409186643391,0.11638551021864169,0.48509593757375724,0.6805677524011557,0.690127641900099,0.5394220904327583,0.46863746883632657,0.4649141801544011,0.5326061709237929,-0.09297760264765177,0.22370499395556784,0.12786565695812138,0.6570565044431853,0.6256840078141186,0.5707243444990122,0.08715694334539291,0.5583219480090901,0.14848889722714032,0.020330173170921968,0.5173626856050433,0.33002731484734205,0.4078679410478193,0.6038725221061402,0.5882493411405033,0.18656117652537837,0.4770756487497342,0.44608514625122747,,0.2682078994760637,0.5528214246017843,0.6219445974810964,0.5625444901050028,0.15089344624751014,0.28115451740173947,-0.17168989982945973,0.522366729856441,0.5043227665692849,0.5352823618750868,0.5773786478090633,0.00350702125468086,0.5399084367706392,0.411586638023638,0.6792850112204977,0.5794060577670533,0.6222040649085699,0.4764149613547037,0.5931583366957075,0.22245105335950727,-0.0014415328929225251,0.33026656212753186,-0.05106561439085205,0.6580211961268397,0.6265192864624969,0.6280034921488805,0.5417595237063954,0.3122422169800323,0.5186926335880377,0.29226721924762883,0.43984363023383216,0.6467093976994809,-0.5378880793361892,0.6173810022737429,-0.6059689019943061,0.6692983816825144,0.4020723477475389,0.1527031153188457,0.6027329806383668,0.39121196116281853,0.6221995511309634,0.6210165779658019,0.6525190366749044,0.5354154684709304
BCHUSDT,-0.07244413571901455,0.12791465062233037,0.8420927771754544,0.057324042938474096,0.028263659407106234,0.11585279499204926,0.23059901602723326,-0.2259167011444444,0.1253540699242303,0.00740288421670867,-0.17829029794676807,0.3701709468553057,0.4306295867787765,0.12792515841526414,1.0,0.018067812463656817,0.10769351195134322,-0.8100259072858695,-0.1986200597210262,-0.2959831521040033,0.8197903255969087,-0.651839582369055,0.5560289655832508,0.032102293791533974,0.13304034215242125,0.1330375687779272,0.508815600850488,0.32827176677583614,-0.0315632296557555,-0.06553595348250728,-0.11257892347683693,-0.20205085802424883,-0.15090492894680008,-0.042282719278830636,0.23937102065447002,0.743670923768333,0.8300877357344538,0.20577212007813606,0.04255760502261731,0.18184147996942648,0.7071431133079672,-0.18626123090332772,0.47865466287020947,-0.01686561099108931,-0.4420605269685828,-0.19558147521985134,-0.43029204380954716,-0.285733547831205,0.03578424055707613,0.5405784721442628,-0.42339059937718027,-0.024607051649331576,,-0.5416452279268046,0.41422782581090256,-0.11950305174779348,0.35756644349510364,0.7668802603637341,-0.03638252447407594,-0.5605817632546104,0.11239662273507642,-0.16826767466182296,-0.044941817020916985,0.08665986963780109,0.020912851647127854,-0.3911213503601707,-0.06274778996460262,-0.058657545033031236,-0.23785598271156566,0.23713158530117076,-0.1978794061204429,-0.09793593318727949,-0.08606952408292937,0.3876516401428813,0.8287014602165891,0.6066557847316775,-0.17411102073452975,0.13516047967212802,-0.03933539738829953,-0.05646881366420231,-0.334146292537735,0.10187198576378163,-0.4805218582237824,-0.3911094426828162,0.026288068704550353,-0.3137938441880955,0.028528497676001227,-0.3253752042871553,-0.19547671204643746,-0.11859716708698965,-0.10870070822627098,0.07268185941917714,-0.29005189805812315,0.1365992123580493,-0.0024476923711823848,-0.03907223877918587,-0.29633074088512307
WBTCUSDT,0.8847220092537152,0.6711542682563875,0.2667248881967898,0.5591503326227131,0.6247483339796485,0.4670299662180739,-0.31343805737597696,0.7990442590257443,0.6769625573197261,0.562949813120408,0.7033405725007396,0.4725342224003863,0.35808699036189273,0.6753247362649781,0.018067812463656817,1.0,0.6816871623399753,0.33530348923851194,0.6563161989041568,0.05813106550414553,0.29472889183778866,0.450252494194732,0.10838853770909013,0.6821975339458705,0.6786547997428265,0.6764059563857838,0.2617298532815603,0.5499653556211738,0.6787161641543966,0.8785346799835159,0.7532870270973119,0.5135502714898059,0.5121101224305495,0.5040668608756309,-0.12660213816069055,0.15505892868185217,0.12899213310352362,0.6733625616254598,0.7353507501354034,0.5584204275590146,0.07881850684252709,0.5146474115184827,0.20118797377892925,0.21479054474080084,0.6366817056530617,0.5051853598297406,0.5209904759255974,0.7393049701946155,0.6221249670918835,0.25285552158325725,0.5950930704597178,0.44243725671633993,,0.4795154031624544,0.47784947660148935,0.6675561290611809,0.5984311578835713,0.132799864618045,0.28256395892061664,-0.23432044940753644,0.45536456886456234,0.5256159733934159,0.5182290188311155,0.5678561339129594,0.01740297110819063,0.5030491955463573,0.33622215521460197,0.7511983065452424,0.6389230211551186,0.7519915319386136,0.3751318392767956,0.5403710842942305,0.24821385209838476,0.11314037428789336,0.2948543008259217,-0.27862531986813444,0.8084060813123906,0.6714806927682152,0.520753094191869,0.5310355399640195,0.44424272758777683,0.4506816369353721,0.17275738227579546,0.4770266471281228,0.6272318656682345,-0.41277651526018866,0.6679244396239278,-0.6186942911555037,0.7293558276884045,0.529256188647162,0.47231507337499784,0.6517870358420528,0.6306112655042676,0.6692859199362712,0.8486194259807799,0.8779899276314559,0.5460138642435224
WBETHUSDT,0.6910291968521557,0.6230984009417505,0.29483705606090166,0.45916049546625337,0.630283392511158,0.5093262875989883,-0.016351939824861883,0.6412676514178947,0.6275342411479609,0.5776599787278837,0.6288262317979838,0.3256433596146191,0.4788091900822012,0.6313058516850127,0.10769351195134322,0.6816871623399753,1.0,0.18658897903320784,0.6069928537326686,-0.21420969328009667,0.3546959502461858,0.2704763642600344,0.324933365445841,0.5322161985950835,0.6292313712463418,0.624748733420589,0.1209969444953689,0.4764984715372635,0.6754590916589458,0.695289628052037,0.5278313604003866,0.46770584641397633,0.46207992077390525,0.5214002860968038,-0.1338864805234064,0.2036524269712222,0.1285184953713438,0.640440709676046,0.6320125226461624,0.5805044248150378,0.08987100471820188,0.559754357140272,0.12278728319959667,0.004028004599437346,0.5324550097851158,0.3651065173482965,0.3993515817618915,0.5941101256444216,0.5820833353840567,0.16528878063237468,0.5028621208994867,0.44184188362946536,,0.2859435998660891,0.5495858796285936,0.622568672168699,0.5585692953473003,0.13561636916611927,0.27451399660335407,-0.1572929877365434,0.5014029769186196,0.50551730390065,0.526502176437449,0.5607336558634731,0.003927485570708865,0.5361074322880419,0.418210030414336,0.681817641279147,0.574145686377162,0.6165500141655839,0.4638975267398493,0.5846050859169359,0.23031690873918992,0.00578015467312563,0.30511432024805335,-0.07059242581682514,0.6479925542781418,0.6242715884556583,0.6156377018344892,0.5381923083658621,0.352423952250834,0.49861808654828915,0.28056312734153344,0.43506794613781397,0.6329868402830071,-0.5136922505634228,0.6154943953604438,-0.6187150677480693,0.6646695856132856,0.3998083541271604,0.15357525377110962,0.5873762843833662,0.38350191042528015,0.6200492446346123,0.6353093784769154,0.6592233303465285,0.5177985961468962
ZECUSDT,0.36149866641560724,0.1651465258439452,-0.5062986043170223,0.20769689902926425,0.3195493760393913,0.3353463393260496,-0.13442150819758655,0.35556004094409865,0.17254903065957466,0.4257983468196298,0.43233916565589,-0.31533304307848764,0.0630867214941751,0.18080339069699733,-0.8100259072858695,0.33530348923851194,0.18658897903320784,1.0,0.5687402040982722,-0.10286015550341229,-0.5841377103796774,0.7844506628274214,-0.10305081913069637,0.39073384968824976,0.15887948542024571,0.16099724528490647,-0.4771036166019857,-0.11750492347070654,0.3963890178003054,0.3614444966354948,0.5255449252679832,0.3665896566405227,0.35879752849170987,0.3331010993609172,-0.08573212215501515,-0.3670860465603692,-0.7425350264274033,0.3071065301830862,0.1145892935526469,-0.055208704960143094,-0.733436709202015,0.400908053300273,-0.1738845378994933,0.0956711121585101,0.6481061379016553,0.14290632201013403,0.5581972341989596,0.7304643066431958,0.3588111035495738,-0.3487361509692918,0.5258093894560077,0.17050106806206672,,0.4064611645245465,-0.04749666030323726,0.3795156401883379,-0.10358664305731694,-0.6803610075520019,0.39037255363109585,0.5884879645769384,0.3391507066940981,0.4004460378385254,0.378758840729011,0.3488827629835489,-0.020134404371539186,0.7045658481482141,0.2650770231054494,0.2517681890294463,0.5419868775969476,0.08099988419399003,0.527419814189107,0.41837727314377,0.31364836422061604,-0.43548089474384577,-0.49685925592010927,-0.506387348155683,0.5844661036262525,0.16138835056195544,0.35892135370723927,0.32581147992644816,0.24983180602062618,0.3396378052998526,0.6746377808412255,0.457859427228597,0.32044784578382063,-0.22310304056230743,0.2502206572316665,0.031132201123554252,0.4762123765537294,0.3314809749248091,0.2650642366665954,0.30776441707731295,0.5213717160367131,0.15855825686843364,0.2196111616849312,0.3110252065468943,0.6711593635908111
LINKUSDT,0.6827400551668694,0.5935548918821536,0.04915806107388342,0.4865662573932412,0.7325766961523525,0.6409170279622172,0.09664115398327028,0.6422753893532311,0.6006689530866504,0.7476857953002545,0.7039375540559606,-0.01507328158488175,0.4810086406280955,0.6130608959145735,-0.1986200597210262,0.6563161989041568,0.6069928537326686,0.5687402040982722,1.0,-0.379837729073754,0.03292800362994408,0.5106638602171151,0.3542282451080216,0.6402327910787622,0.5940118991731482,0.5914405669996363,-0.22979877942734336,0.4126017802555877,0.7663818729423566,0.6934727973922651,0.6756388389763359,0.5623426721653699,0.541530070586101,0.6312507559091202,-0.07467989125830514,0.049648644967385754,-0.240196020093801,0.7181434064291234,0.5063710280512026,0.44213011511666067,-0.32081854491110584,0.6626970942893471,0.04648266809953925,-0.03735647285886036,0.7356279565222774,0.1962510506872014,0.5799187569830236,0.823042682530081,0.6814011465709372,-0.06207216615130787,0.5810350380112604,0.5423160677838997,,0.32347697293173955,0.4183674397268496,0.7374392077435231,0.40625790014908886,-0.18809203771904057,0.40707411227452506,0.1714061309547443,0.6385533521443136,0.6158052611155109,0.6381494943562939,0.6696655474158268,-0.013163480645313154,0.7985741464648732,0.4579428249850978,0.670797545196453,0.7414920299575051,0.49420203194434215,0.7220338473379478,0.7420466362783662,0.2955030934276065,-0.2979911418074725,0.06622714303188182,-0.17239691360447226,0.8078877905024745,0.5942703413847849,0.7624864215120769,0.6176424744338,0.2838049891686251,0.635927019185491,0.6314201561150413,0.5887789841898489,0.7340382873503253,-0.6502850675315893,0.6266807234530436,-0.5032780567962974,0.798736204642823,0.4630588991003231,0.1122832722782005,0.7098083183965633,0.515162200964579,0.5873416337124402,0.5352746827138187,0.6142129513289368,0.7639155557845849
USDSUSDT,0.02607375885338857,-0.21278354558090132,-0.2876792369437446,-0.09539635684887376,-0.3747774777995702,-0.5802114382431913,-0.5751822251157642,0.193565086054542,-0.21563871558766914,-0.5206003091534016,-0.1560419890177114,0.2706734798842802,-0.748366257053503,-0.23737057169848216,-0.2959831521040033,0.05813106550414553,-0.21420969328009667,-0.10286015550341229,-0.379837729073754,1.0,-0.22393564223552415,0.1565588704304415,-0.8399102100730487,-0.20229270822195508,-0.21099154856969837,-0.20401478329699893,0.3599951063206633,-0.08170070747622916,-0.4066219593777092,0.0007370763143135633,-0.10449463081651408,-0.10102808566550295,-0.1317297018771286,-0.34329983421623533,-0.03434470735793195,-0.4565512828038987,-0.0030889954020648686,-0.5225057159243124,0.11449946447759686,-0.1214978903194024,0.1844561939300799,-0.3241503212155381,-0.12043344840659345,0.4185734036534291,-0.19102840557564663,0.3254524924016241,0.10397467118024688,-0.29685904038958816,-0.41861447880517677,0.13659986158607157,-0.03927967793695925,-0.20617475539607835,,0.51940162014184,-0.4704843285357631,-0.2634576445069087,-0.12172094116977557,0.08006071577001266,-0.45071022358047624,-0.41882972443356403,-0.5892496608080193,-0.26030206213591234,-0.3940934205628234,-0.47225677011054157,0.023087412213790657,-0.4765015769131571,-0.3933594101561465,-0.039779959006245806,-0.25431027662270284,-0.009168178143314758,-0.5999048715118893,-0.4646428172363585,-0.30660988984556337,0.36757008861071067,-0.23817376795609546,-0.434793536576138,-0.19642238379258695,-0.21595037602892475,-0.524059083549496,-0.3168503370175764,0.18845781887210428,-0.5838756680801317,-0.489954715205435,0.03662642236512342,-0.3775542454377713,0.8245383070222021,-0.1956620131653306,0.37120517903534894,-0.2048057416517674,-0.015687874776518167,0.42746272878267505,-0.33882582595974825,0.17990750231917474,-0.20969070260235315,0.15235569731772514,0.10871812508855476,-0.36827093637254876
