,BTCUSDT,ETHUSDT,USDTUSDT,XRPUSDT,BNBUSDT,USDCUSDT,SOLUSDT,TRXUSDT,STETHUSDT,DOGEUSDT,ADAUSDT,FIGR_HELOCUSDT,WBTUSDT,WSTETHUSDT,BCHUSDT,WBTCUSDT,WBETHUSDT,ZECUSDT,USDSUSDT,BSC-USDUSDT,LINKUSDT,LEOUSDT,HYPEUSDT,XLMUSDT,WETHUSDT,USDEUSDT,WEETHUSDT,XMRUSDT,LTCUSDT,CBBTCUSDT,HBARUSDT,AVAXUSDT,SUIUSDT,SHIBUSDT,DAIUSDT,SUSDEUSDT,WLFIUSDT,CROUSDT,UNIUSDT,USDT0USDT,SUSDSUSDT,DOTUSDT,TONUSDT,PYUSDUSDT,MUSDT,MNTUSDT,CCUSDT,TAOUSDT,USD1USDT,AAVEUSDT,NEARUSDT,BGBUSDT,BUIDLUSDT,ASTERUSDT,ICPUSDT,OKBUSDT,USDFUSDT,XAUTUSDT,ETCUSDT,PIUSDT,JITOSOLUSDT,ENAUSDT,JLPUSDT,PEPEUSDT,RAINUSDT,APTUSDT,PUMPUSDT,HTXUSDT,ONDOUSDT,KCSUSDT,WLDUSDT,POLUSDT,PAXGUSDT,USDTBUSDT,BFUSDUSDT,SYRUPUSDCUSDT,TRUMPUSDT,ALGOUSDT,HASHUSDT,RETHUSDT,USDGUSDT,FILUSDT,USYCUSDT,ATOMUSDT,WBNBUSDT,GTUSDT,ARBUSDT,RLUSDUSDT,QNTUSDT,BNSOLUSDT,VETUSDT,KASUSDT,FLRUSDT,FBTCUSDT,RSETHUSDT,LBTCUSDT,XDCUSDT
BTCUSDT,1.0,0.8954960053902213,0.25304949457627396,0.8664131572866777,0.7695100862754742,-0.3134594863827335,0.5952657243251005,0.8525109580577472,0.8963408983530614,0.6884455196093953,0.8808970609437087,0.44549996431003175,0.38807153974218617,0.8897654917660698,-0.07491080168419456,0.9939125684231873,0.8961438794019904,0.38525423135603165,0.025766281518775584,0.2886735748825931,0.8020187547137656,0.1288131093045887,0.4856480175547596,0.7996822176166525,0.8952162653438807,0.22271096010013178,0.895757704997363,0.5943821366068401,0.8002767081747962,0.9938271048426168,0.7906281260355961,0.7426039257076608,0.7766357331847729,0.6787567862535983,-0.15615010204911947,0.14698455001302604,0.10178759414805173,0.7619346450726516,0.8193400965764752,0.04062265839034697,0.19421715642403775,0.6387100965500948,0.6798998665020389,0.18257218525960237,0.521898627368716,0.710405786060631,0.5786299122706416,0.7909596946871774,0.2114836019466296,0.8003339282065757,0.6748088804654657,0.48493294558822025,,0.5034173779157045,0.5562657153131019,0.7732224207918705,0.1101731514012443,0.3874837358326853,0.7414838944421676,-0.19984375341599633,0.5777101380981293,0.7048579164978434,0.722483434981334,0.7469207374311065,0.021443745139244564,0.5645808130636768,0.42959852867759407,0.8444093534579165,0.816385723426476,0.8247934238734048,0.4791657834162259,0.6879546389204679,0.35560135224448564,0.09502041997682145,0.28215782705382464,-0.20085708952499667,0.6075534041937963,0.8893824036931585,0.4844648857178606,0.886991682317888,-0.34562553611938146,0.5455936762140063,-0.6665733522110244,0.22947175817784535,0.7711406112093587,0.8301112858536333,0.7321025737177321,0.4588167644207611,0.7208887783212965,0.5709927431809021,0.9005429614929434,0.8088886723593598,0.7470593799336237,0.9568347078436218,0.8791718397106687,0.9843512691736096,0.22158252726469593
ETHUSDT,0.8954960053902213,1.0,0.3931226143732583,0.8313698317382558,0.8725284767341738,-0.008606834515150603,0.737616894893202,0.777147103271837,0.9560208852496697,0.7913291523796253,0.8825268483368792,0.388271249116406,0.604531555184942,0.956203597219997,0.16625084861573977,0.8854940391726561,0.951465973948228,0.2058663652482582,-0.25134438760203914,0.4647922089542314,0.8206659059021997,0.4280516574339084,0.3183869439114469,0.7316992526843612,0.9546799219882722,0.16479141522772467,0.9536105245153286,0.5978138059862076,0.891343919805557,0.9048351414894514,0.6429771231687987,0.74985057493584,0.7900252345116551,0.7830768147611473,-0.14338487393974036,0.28080555697655707,0.17744318262804457,0.8366237523890696,0.8218299345698161,0.13032770039792033,0.18370119058313783,0.7538758484106511,0.804628848448807,0.01636719016003884,0.4308456548852704,0.6307682014181115,0.49299491679960866,0.7164829794025697,0.21920726278932676,0.8447289639240857,0.6139075766935487,0.5181798194562368,,0.6862019173347732,0.3612755169177958,0.7910569521491314,0.21285167089928977,0.42784499937905307,0.8253991681369078,-0.21319185865177634,0.7213552019828964,0.802453871066132,0.8161343896029642,0.7893854429802462,0.01310437983776089,0.6356818657212125,0.5788631533137829,0.8671091752342702,0.8141289254995322,0.8126212368799122,0.6121138772054086,0.8099367798585123,0.36794015401921,0.025108798824639587,0.4068415105710746,-0.04020611711215587,0.7762446960192413,0.8124196895840867,0.4080440181130471,0.9495135967139184,-0.48221245565646126,0.5379498002799612,-0.7552142749734436,0.3267528026840766,0.8736162935765831,0.8396863166335233,0.8264752221633171,0.1924775513062917,0.7336304957652352,0.7139802283233386,0.9467547787774462,0.704665554937906,0.5297507443456558,0.8343218355943028,0.9389208687073948,0.860865829125777,0.41447691576025025
USDTUSDT,0.25304949457627396,0.3931226143732583,1.0,0.39814556616665575,0.21634856921050755,0.015327418998025658,0.43198156807807553,-0.03408145856158835,0.3931439602204992,0.2681604301754519,0.03700954247873293,0.5324704936174285,0.6683856547355096,0.39573422062339175,0.8483898876677403,0.2860628384561799,0.36691378094769866,-0.5091677155319306,-0.271376959753421,0.8994856385337964,0.057896236028346273,0.6636861465972067,-0.306203680416547,0.43926271928425265,0.3920741785400746,0.6817523951158837,0.4030062154378842,0.3418018879495693,0.1957176195278979,0.2539881886313893,0.2911534703468535,-0.10254622010959619,0.04803830937498901,0.13266088153240793,0.3812853282727237,0.9143037539254355,0.7857992594961737,0.5502321751404358,0.2619094090073617,0.691043524097663,0.76673402264312,-0.09340598280633688,0.22442688585379628,0.3256157016539027,-0.030853785836723824,-0.2998278761020673,-0.23419320880476352,0.13252767301033724,0.7577114190081312,0.3164298571980725,-0.2822964567028019,-0.09817916363457121,,0.6350866547979129,-0.4793969405250749,-0.028966786859869136,0.8674385062862486,0.3178977158576706,0.615297814726404,-0.5952458792766344,0.4213541276114172,0.2047509460304185,0.42613416720417324,-0.03514780478366007,0.046427003819320786,-0.19196157345870188,0.046505360117040324,0.07813704994373238,-0.008398378229006727,0.6065702784316722,-0.11094626614847634,0.026627286015559762,0.17080600491528347,0.5861070901118536,0.992129124882761,0.29843758360682876,0.03273391021311599,0.20014360429689532,-0.3067827841347799,0.3994538316313777,-0.3845887704236653,-0.3372601507884694,-0.4031747928873214,-0.43997864498097916,0.2106936055403494,-0.022387452385198348,0.11780909977813683,0.3461905961245724,0.24589676809915745,0.3958323039439015,0.2738426198574752,0.16702970900707467,0.08153833197444456,0.3104508840081723,0.4028533626186573,0.318110178756923,0.6405029676650233
XRPUSDT,0.8664131572866777,0.8313698317382558,0.39814556616665575,1.0,0.8362825278479918,-0.04910095421102297,0.7106165720194924,0.7241976037458929,0.8342634563133434,0.7966755405842783,0.7685076849920381,0.2092053515959004,0.4518494129748222,0.8408383333918904,0.09240278386566188,0.8634756158111349,0.8222525298689007,0.30256348801220695,-0.13730679739945145,0.3119790703382025,0.7888179870775325,0.34995411829678996,0.41907741502560447,0.907351279660652,0.8232469152735459,0.1373801294314454,0.8331064610805601,0.6880209198578379,0.7587448033561657,0.8749687091965332,0.848895977417025,0.6852250235959105,0.718160783458803,0.7155684590066754,0.1830459630363126,0.2893631873129949,0.10964710825040765,0.8345899144444232,0.6585623290475413,-0.019571036155106965,0.39774460033594866,0.5387406755443398,0.5174884018072307,0.25495812314124167,0.14706234976343638,0.570633918426688,0.5878893264203984,0.7959490407233365,0.3108910481106595,0.8039454482496523,0.39278461296818346,0.5465964799071672,,0.42424015486121236,0.34818963674567344,0.7426764394626911,0.23238179319705848,0.38434245489790536,0.7005945390937492,-0.2753481588532797,0.6968489927736563,0.7050181957330968,0.7995849652447145,0.6673777588080992,0.011247768146450388,0.519305378935053,0.2763326878636976,0.7476409722699828,0.793950615569136,0.770725206932032,0.5485287012075365,0.7065399883483029,0.20435400702686954,-0.017772196986882653,0.4499921952092429,-0.07148588536672253,0.6497189352519569,0.9063000224505731,0.11053813900767998,0.8289658384237952,-0.4730054492314675,0.531549742206612,-0.5327195206654691,0.29144796742320966,0.8303592237372162,0.8096035233965875,0.6875442138941924,0.3965797180621042,0.8312881138945011,0.6821340304829921,0.8365104574541071,0.7735151054878165,0.7675801833089898,0.7585723475365249,0.8194686730057952,0.8472492046447451,0.46404111080888705
BNBUSDT,0.7695100862754742,0.8725284767341738,0.21634856921050755,0.8362825278479918,1.0,0.30691005419179485,0.8331957494288842,0.7543635375192838,0.8745287858143205,0.9367940174502732,0.8823300420244335,-0.03079619920513659,0.5430248176092399,0.8889990559673722,0.036095779521164946,0.7428079929643054,0.8668821551544409,0.3610168128410212,-0.39560098436591823,0.21203955162830437,0.9135729246404405,0.5118647223803647,0.4359291050205033,0.7711738862479524,0.861248167577183,-0.17822156325576813,0.8667817385876371,0.5975516141585856,0.9183642120256633,0.7919205248567237,0.6610163731388028,0.8424041465328366,0.8406642393710527,0.9045404872477485,0.06036617881453573,0.1235310224373971,-0.12518921024749763,0.8308091632985118,0.6718552224844866,-0.18533292151766376,0.11941939944077065,0.8224338086675578,0.6620573729686217,-0.023592825224217767,0.11236487189890201,0.6707958865123788,0.6713612862657504,0.7832716345904307,0.07148130653365205,0.8489836648302319,0.5174647618807161,0.6594067613935866,,0.4926433368221571,0.3622173941508324,0.8647145437098184,0.018779576547453162,0.4031608547005408,0.6596895249660119,-0.07749953127156219,0.8233725932939406,0.8680469083082007,0.8736573621135502,0.8435661784947378,-0.010253947014147084,0.7886934545120121,0.5268942142841784,0.8535778062874216,0.9203299068410341,0.6396756976361028,0.8431869458293205,0.9528517999727514,0.22773589799219932,-0.3298520723552716,0.2548996608134498,-0.01529124837825459,0.9419075612774734,0.8643131692955,0.179484702846384,0.8688697930266419,-0.5478226517341361,0.7377874972391786,-0.5472673879376907,0.6458968074570857,0.9888032569198804,0.9439303054867099,0.8725246280659865,0.005932478401647778,0.8388535350190169,0.8161021795687078,0.9107629845895057,0.695221398188519,0.5782004258458804,0.5980461114237122,0.8541312115007715,0.6951242828850089,0.47113833867398863
USDCUSDT,-0.3134594863827335,-0.008606834515150603,0.015327418998025658,-0.04910095421102297,0.30691005419179485,1.0,0.36542112654084336,-0.04311071224549141,-0.007746795978759499,0.3153467750825466,-0.000261381944117764,-0.5866770021406053,0.23192300439302255,0.019547235914601755,0.24047966113208868,-0.3438684097814438,-0.02024284596085192,-0.1396864599195921,-0.555103948640514,-0.011606843714022354,0.11115445695096106,0.5498138673112414,-0.10395581526680057,-0.0744446866738194,-0.023714473374897634,-0.4689520906191181,-0.015506970575664013,-0.0009409764347875939,0.16084831411259784,-0.28044039219533945,-0.23731204903464584,0.1307802543141576,0.08923225666036683,0.30812591796467154,0.30571914839032016,-0.007275236227152037,-0.24562980841295567,0.0768947873473287,-0.13558414851811648,-0.19691389111844204,-0.0922425739495211,0.26256226902055524,0.04006797116446531,-0.2561020641694851,-0.5126352141117904,-0.12568721975790478,0.11196096274995351,-0.0654486561579624,-0.11730119696392523,0.03167095655139592,-0.23740781629426266,0.20692494108734596,,0.04612813081284473,-0.2585477774259017,0.09272578846456289,-0.02504139747197829,-0.02378708630055835,-0.05030635253639633,0.05704170606211507,0.32142402434022677,0.21606036839431048,0.19384913207937265,0.11173895018438335,-0.04257056521276928,0.2726816942890592,0.15242080772260175,0.041468657929127094,0.11076539605655132,-0.20358973681246909,0.4508340235880954,0.3441931254955435,-0.20970214360388192,-0.4965666571158068,0.028456182761228358,0.27512109669549895,0.4577753448459131,-0.07451636780409905,-0.40955840910010544,-0.0015650499601791022,-0.254073121677434,0.2651528103942131,0.15511669099401784,0.5184043657534828,0.29722395159853704,0.13987608321389686,0.19374179970141103,-0.6318280855095982,0.12152471644612282,0.3203663477827695,0.028926405774148997,-0.1819851236488687,-0.27626479743323684,-0.47818187320540917,-0.010496913107546019,-0.3909458663920612,0.36847858668192174
SOLUSDT,0.5952657243251005,0.737616894893202,0.43198156807807553,0.7106165720194924,0.8331957494288842,0.36542112654084336,1.0,0.45479853060555336,0.742972458728923,0.9335407256788262,0.6932583927601935,0.018552741235469468,0.847435493418038,0.7630491273874384,0.14108329633027986,0.5779002427965381,0.7315791486722233,0.39186663323926707,-0.6379969211546309,0.3392328915150817,0.8325220405221926,0.7900360063709624,0.41254845331751233,0.7829559277334208,0.7234179754259156,-0.057580528998479846,0.734067464057484,0.30556879558890027,0.8349602492515309,0.6152330228485805,0.6414101027938106,0.590680444692644,0.7052877408410043,0.7927835381478745,0.2144929528329261,0.44452268718342464,-0.052506029112512106,0.9244203663243108,0.47852810342224505,-0.10725974945662578,0.36075261293733124,0.6686961343442037,0.42261561476131043,0.11686559457785423,0.03619218189291049,0.43917299777080626,0.4384219150478891,0.8181757327414098,0.2515351738170248,0.8295989587818443,0.34468131037366934,0.3026329006771781,,0.6929580790470079,-0.021074554027555283,0.5756466658037982,0.06225854031711441,0.741685103939136,0.5772524808165587,0.03127063684223993,0.9704241922804112,0.8660291804281406,0.9521321484990805,0.6860279947915919,-0.0037779341673448113,0.7479487579709089,0.5795638788757671,0.5489765485430054,0.7768010506477325,0.636242664207773,0.7756313644317471,0.809161792071851,0.5019353773530298,-0.21465366247132844,0.43311332483656095,0.06033074066472919,0.7776380846243802,0.7857532502388388,-0.020742437609681565,0.7369369675636495,-0.6720575785760515,0.3962548962323297,-0.4721249087087023,0.5585189559194486,0.8271621556023697,0.6809039013856188,0.7619330980060677,0.15900006164359298,0.6663920663598586,0.9506882672734396,0.7470623727838365,0.5882432259013992,0.4774752985587841,0.4374217484402462,0.7283117493904692,0.549399128926291,0.43984360299130043
TRXUSDT,0.8525109580577472,0.777147103271837,-0.03408145856158835,0.7241976037458929,0.7543635375192838,-0.04311071224549141,0.45479853060555336,1.0,0.7775153119748157,0.5841721694784143,0.875519721199524,0.22654274475962488,0.12037828507170466,0.7719454959250716,-0.22819644670417796,0.8438941605274144,0.7784101545610889,0.35857711683370774,0.1861640987378826,0.07824650466512904,0.707437591830927,-0.05043937254269145,0.6004755534681312,0.5742458744923612,0.771583441631519,0.05016670728819217,0.7775327736544305,0.4604041027222179,0.7342325055335105,0.856145226347059,0.5412663363090395,0.8337357855316384,0.8097548689803492,0.6919402182387618,-0.13659796696504684,-0.23380267961574694,-0.17587812563049862,0.49061857498034117,0.8691090751172145,-0.04849956043932616,-0.09099640017573912,0.7361148362252014,0.7089203513419994,0.17603022499184615,0.5257819109073429,0.6326627831639251,0.7633122978111455,0.6277069970439969,0.09931469861055268,0.5717540127106784,0.6716687767883646,0.49900949956472274,,0.3148374276502712,0.8181268179436177,0.7295859322348984,-0.015035382150794602,0.09881705958315032,0.6161948286375452,-0.27616126930797774,0.41044036989270294,0.6354722881132662,0.5471296497716145,0.7289148914179647,0.005962100051812801,0.6030779989423547,0.4162888750712404,0.9168579139237494,0.794950174628151,0.6817002485760503,0.4784817696039311,0.6856727391940154,0.09158007020967279,-0.03211026969897534,0.018878928075638696,-0.2582286023588913,0.6674646068497495,0.7463960881636452,0.502644776247839,0.7696919048989738,-0.13097731524969572,0.8169376002706501,-0.40004522619416627,0.39296949224216715,0.7520002834331351,0.8626531438832362,0.7144069368691001,0.2501317635546568,0.5731153215712461,0.4130836632665843,0.8332938741641326,0.6982708922060955,0.6664222570310422,0.7864183547506854,0.7608570621995857,0.82911552445893,0.07326823741588039
STETHUSDT,0.8963408983530614,0.9560208852496697,0.3931439602204992,0.8342634563133434,0.8745287858143205,-0.007746795978759499,0.742972458728923,0.7775153119748157,1.0,0.7958977459019319,0.8838093503584118,0.3842538583552251,0.6072183558202775,0.9560855748703365,0.16165356282253893,0.886429518722108,0.950950202704864,0.21354383395566698,-0.25260357457926874,0.4614616595024358,0.8241920696478044,0.43078766271119895,0.32740102108444813,0.7377305623249759,0.9538470353817848,0.1637754657356398,0.9531916737413303,0.5938975921895794,0.8929772466214255,0.9057150884820154,0.6485142159816043,0.751303222436668,0.7932750526809792,0.7857275130650329,-0.13525105911447724,0.2814004365824333,0.17124974786408712,0.8402323736317828,0.8214150888021704,0.1258136811350988,0.18843403424550345,0.7544145299342732,0.7992756735300184,0.024859957379831293,0.42816796250963285,0.6299684111524886,0.49834887073349987,0.7234442198657093,0.22316569427081986,0.8464284469321771,0.612457478805389,0.5146412847365347,,0.6863791889866844,0.3619625387090221,0.7894515935112992,0.21019224242340956,0.43406681308789574,0.8238133982984994,-0.21246799190173463,0.7267561552015818,0.8060093702134556,0.8209232791670269,0.7902502313956529,0.013027762879910282,0.6397487076668033,0.5787980893222675,0.8660082828660239,0.8177993286102415,0.815081573614431,0.6148730785036839,0.8112826353791789,0.3705528205538975,0.02346296774059602,0.40729208600316147,-0.042361178519453944,0.776993798848099,0.817623922641649,0.40270259427097205,0.9490763497638508,-0.4841348668807765,0.5401687093264249,-0.7494243179013399,0.3310784390529578,0.87541013634104,0.8410485495077644,0.8277287189914722,0.19936862597956337,0.7346840063391689,0.7190917128417629,0.9471248717142526,0.7083816951246442,0.5368452512717687,0.8333849742891881,0.938553837952663,0.8621185789480023,0.41242862788869095
DOGEUSDT,0.6884455196093953,0.7913291523796253,0.2681604301754519,0.7966755405842783,0.9367940174502732,0.3153467750825466,0.9335407256788262,0.5841721694784143,0.7958977459019319,1.0,0.7992575293246519,-0.08960190691409567,0.6778972695646974,0.8157789036527163,0.011758511105967848,0.6623870213486199,0.7872529565663939,0.4744645098774379,-0.5430021121593882,0.18675557199166015,0.9225794079857231,0.6422035802304559,0.4727809041518817,0.8260742896187473,0.7774107890332004,-0.20323698075076227,0.7856632833611595,0.468485534399837,0.8879980691843492,0.7107919445497276,0.7160186025288205,0.7381767572998577,0.7862736034960605,0.8691702571939793,0.16097554595419847,0.2553246575064798,-0.16250079187413505,0.9024874948569328,0.5227215929627105,-0.25907544163304114,0.24101761080082265,0.7466690357739262,0.4839035203045914,0.03760136830017116,0.00851668152892764,0.6169890984320521,0.5945146657418704,0.8622215960993542,0.10380792315424581,0.8751404502400131,0.43805294873260386,0.5258379148364198,,0.5321756648957756,0.17365159123362855,0.7597964058777618,-0.0426534015769858,0.605892849634712,0.5673403660684189,0.05980664008622161,0.9264040691342912,0.8862026455046196,0.9393976198853866,0.7907979989706361,-0.012780106169273324,0.8124816379220257,0.5298353445235564,0.6889753463070675,0.8930513957890881,0.5997945687729128,0.8696560779260264,0.9151349656496697,0.3738225944916844,-0.36497148452760714,0.2922111349166895,0.0035104022626002767,0.8811813645249725,0.8766327123485396,0.048662633921645666,0.7891589204847665,-0.640231315722055,0.592913345972236,-0.4872256306535202,0.6714618297342934,0.9309752434612967,0.8458344220454507,0.8267989068504892,0.08884069423578446,0.8052761955417193,0.9123928360580896,0.8258292177958918,0.673627015822237,0.5845293197700923,0.4988574356878073,0.7765008516337635,0.6188190550495589,0.44748852547307616
ADAUSDT,0.8808970609437087,0.8825268483368792,0.03700954247873293,0.7685076849920381,0.8823300420244335,-0.000261381944117764,0.6932583927601935,0.875519721199524,0.8838093503584118,0.7992575293246519,1.0,0.18685403719228405,0.43538409777433135,0.8852422393147937,-0.2041880499496336,0.8593791262828961,0.8873769856564147,0.5024383925586604,-0.16902243382233414,0.1298915006624158,0.900971102478216,0.23875406454097609,0.5904027012884429,0.673143724060286,0.8768874447034901,-0.07629703301997291,0.877262695186939,0.4313362206713882,0.9159794748002441,0.8907448603424675,0.6199845640656874,0.8772594320395293,0.8908271458199651,0.8338021131145587,-0.21322546273313364,-0.05690047805317148,-0.19533693353886308,0.723045479538511,0.8174354899959126,-0.15204776956831134,-0.05953144933123956,0.881151265652342,0.7440536694983962,0.0115154558151318,0.4890784715668068,0.7688593130962926,0.698760935134296,0.7981708357072101,0.011221261040617228,0.79580198646228,0.7714815231781269,0.5242503590644538,,0.5280086047436666,0.6087204913169356,0.8298414121683585,-0.13094933960954247,0.4132122606530193,0.6498535216194731,-0.015477018602471844,0.6799320457528502,0.8401089791641365,0.7727602599882021,0.8814399063596542,-0.002506092677792988,0.8207233618443391,0.6378484910008232,0.9093267150337464,0.9271872529623401,0.693022095454279,0.7287136408513024,0.8803459345931015,0.3709811735514907,-0.19343212424189038,0.05824326202639447,-0.19165100322687922,0.8403573324404076,0.8515911725412316,0.5186262886457333,0.8734596741343366,-0.3762044698937253,0.7539919426672167,-0.5811469842809149,0.5760186295799877,0.8830971348266617,0.9312127254633413,0.8738066157258771,0.15962042213752153,0.6794585210287842,0.6787547182898004,0.9303579776926088,0.736883830427143,0.6148271151388156,0.7769550952779224,0.862101416045919,0.8266842808875193,0.151678467284502
FIGR_HELOCUSDT,0.44549996431003175,0.388271249116406,0.5324704936174285,0.2092053515959004,-0.03079619920513659,-0.5866770021406053,0.018552741235469468,0.22654274475962488,0.3842538583552251,-0.08960190691409567,0.18685403719228405,1.0,0.30373606310733997,0.3577295792145476,0.36342386486302525,0.48265285475891556,0.3843071345616657,-0.3070774831399243,0.2425143557170291,0.6772244502733935,-0.018043549416447553,-0.0047132134687576325,-0.1223873564735732,0.12891526702349634,0.40300689598433975,0.8020941768459428,0.39635123086188667,0.10621866957816985,0.14525544129188162,0.4223103966919133,0.11940590980973337,-0.023533612731719042,0.09548550378599883,-0.04834810755262867,-0.29961865873587795,0.4364596785525804,0.6608339595344612,0.22464977663317073,0.5222153094167558,0.7308596653421878,0.262361470828836,0.017297074170195527,0.4473403764520202,0.21884001209772128,0.7081184519600443,-0.041461672194084094,-0.21028916097713196,0.03903392762787995,0.48418081150789655,0.16165833268404517,0.25498206386206324,-0.2351602592489901,,0.584714113048185,0.06558215349703997,-0.02882199986774408,0.5320015389055436,0.16296941599473724,0.5597821946139184,-0.4413180108002069,0.0017555781740518572,0.06686148710038979,0.1058737459535561,0.03819392515905614,0.06125686626136879,-0.18397757260005007,0.21973798098990474,0.21991501454356732,-0.03610654756327468,0.6007239165413187,-0.35432715486046956,-0.1242523701250981,0.33918767003376954,0.7896988008373361,0.49371141043526245,-0.03724635389755113,-0.16502173090337366,0.09196264254680726,0.4498837896796742,0.3823956092398937,0.024599103713826547,-0.26992935969493154,-0.5155129640247502,-0.5906022633633597,-0.022050720051478304,-0.034912540941022294,0.09122981042685198,0.4876226862709094,-0.06045805665216437,-0.0036686914491537784,0.2889127194884028,0.19197058309482334,0.06268338541207315,0.6475433090484615,0.3901187095176313,0.5323699127770077,0.018332491598009214
WBTUSDT,0.38807153974218617,0.604531555184942,0.6683856547355096,0.4518494129748222,0.5430248176092399,0.23192300439302255,0.847435493418038,0.12037828507170466,0.6072183558202775,0.6778972695646974,0.43538409777433135,0.30373606310733997,1.0,0.6196189825284873,0.4376846113327965,0.3849966674629342,0.5960726377888454,0.06302395061050368,-0.7062397360071511,0.6378398052325999,0.5408534028579561,0.8962300133046921,0.07809825286756016,0.5224494097858076,0.5985464438374756,0.22083259161473376,0.6023549627165411,0.1053919788706959,0.6421494251098577,0.4006942391590734,0.35847212071639184,0.26274918393319785,0.43897698345909764,0.5353703576701775,0.08937678935209564,0.7150401476288804,0.282354015795627,0.8112822148290862,0.3750070169584018,0.25307937958311466,0.42952382553884405,0.4654043282919467,0.4040989400593152,0.04895647668270324,0.15127587756966612,0.14124944337041026,0.017848150731447597,0.5324727990254207,0.38436515035105934,0.658084779967209,0.20607475307581158,-0.012164254365800408,,0.898481838199469,-0.35572482059001204,0.26461780984074895,0.2860327151264332,0.7769239467439427,0.583894398629527,-0.024887229385712084,0.839803199515944,0.680113396943524,0.7888892379362439,0.43904398197962413,0.014661024515535056,0.4847142738150084,0.6130103113397212,0.2950834205998932,0.4404165458957114,0.595154320970715,0.48828632753982626,0.5323804540857623,0.6298546336422527,0.09749183188007683,0.6207494449177977,0.1904371317742581,0.5148120682384255,0.46388854801934615,-0.0003182173662494002,0.6040525657712474,-0.6276956612022798,-0.023839905709432282,-0.552820315370121,0.21582143576349336,0.5422873635277463,0.3210197824228434,0.5617970584735348,0.12793141008127384,0.3639882748254685,0.8186461486161042,0.5498288876007098,0.3261099148760501,0.11417305046714406,0.3396120260353941,0.6013826983447624,0.37732740537774234,0.4300216476566781
WSTETHUSDT,0.8897654917660698,0.956203597219997,0.39573422062339175,0.8408383333918904,0.8889990559673722,0.019547235914601755,0.7630491273874384,0.7719454959250716,0.9560855748703365,0.8157789036527163,0.8852422393147937,0.3577295792145476,0.6196189825284873,1.0,0.1637836802174033,0.878810520548665,0.9507866200808364,0.22243039379485696,-0.2759975269319112,0.4553981368910522,0.8360561683989756,0.45396079776056636,0.3330267073031985,0.7497418813481382,0.9532235223491792,0.1443409909188381,0.9532051668926533,0.5963484811597862,0.901086680258963,0.9002930342196097,0.6561914413298714,0.7568548358352086,0.7991309451453812,0.7995906995016704,-0.1136046077264096,0.2869716207867359,0.15779369514904112,0.8528958207391958,0.8111842746592521,0.10846080790542491,0.19659116024486,0.760498179992013,0.7899876565076768,0.024755306785749213,0.4011452276880127,0.6303470998701378,0.5072685636312696,0.7348572904717133,0.221780079219966,0.8556551139344669,0.6017228118028811,0.5227987905306546,,0.685091578018448,0.34937947657303203,0.7951984920114809,0.20479262926502356,0.44501429843512696,0.8194173845861974,-0.20445149222062697,0.7472376254435326,0.8183382151838018,0.8367195536536888,0.7962376095767328,0.011641526180798471,0.6535181492748211,0.5797487669860442,0.8642052260541415,0.8282884414890336,0.8104219966891295,0.636308772941671,0.8260893280052372,0.368895325503254,0.0009622580787497203,0.41099422582628004,-0.03482682043567423,0.7930667021980511,0.826801062859165,0.3790416092118947,0.9496064769163745,-0.5003523047948926,0.5484530940857981,-0.7412071684444158,0.35359517265790225,0.8893642895185417,0.8491132623033799,0.8356156424215848,0.18937456555412235,0.7478227280929971,0.7390479397512165,0.9492071126986981,0.7106221438937903,0.5411681269537018,0.8180519785918781,0.9387915089258999,0.8529163080549841,0.42706403457152337
BCHUSDT,-0.07491080168419456,0.16625084861573977,0.8483898876677403,0.09240278386566188,0.036095779521164946,0.24047966113208868,0.14108329633027986,-0.22819644670417796,0.16165356282253893,0.011758511105967848,-0.2041880499496336,0.36342386486302525,0.4376846113327965,0.1637836802174033,1.0,-0.04196724226229208,0.13816603828492963,-0.8205241223712639,-0.28145253939368187,0.8338965815872137,-0.21906264550213755,0.5724086792492589,-0.6650046988198449,0.04056515541362989,0.1704975107528571,0.5060324915868502,0.1714461286465693,0.3308199389060198,-0.032227744068631076,-0.06777340833001273,-0.10959495248768357,-0.2643353622436219,-0.2074540391841007,-0.048263445849724036,0.2442146393441271,0.7520405150623398,0.8200972108368285,0.22076596357393063,0.04756420908138081,0.7086004993195717,0.5057297319681219,-0.20691792364126393,0.21053587560143935,-0.017179198264957018,-0.19724688592685619,-0.44220758983312514,-0.44377400193480404,-0.28348727515396,0.5155491987802687,0.04678376480359554,-0.4398052166747314,-0.02166030596821345,,0.42137033557556136,-0.5959707096814204,-0.12408016191711733,0.8608272580615111,-0.04103069691331495,0.43060859383343647,-0.5551059397032024,0.13564240127400987,-0.05179403128050581,0.10723884013082864,-0.21360561053311047,0.028858770433346802,-0.3887206446488899,-0.06994783544225057,-0.0607668070409853,-0.2757685758088626,0.2557264345035974,-0.21410538877001642,-0.10786071922695359,-0.10932973925213282,0.4608058552362339,0.8350321362581365,0.42845846564996654,-0.03947922318926231,-0.1774037439931442,-0.34038906500269417,0.1732702703298201,-0.2463425972289588,-0.4062950642287962,-0.32619002337226355,-0.4817340751327877,0.033372922343763205,-0.20310868140442248,-0.06718733685882494,-0.10929695023634615,0.07400526234130397,0.12222066665007833,0.04153733019835948,-0.1654764683703543,-0.3262743188752823,0.00018309330735253226,0.17390288885957775,-0.039180921832558724,0.6839071672897664
WBTCUSDT,0.9939125684231873,0.8854940391726561,0.2860628384561799,0.8634756158111349,0.7428079929643054,-0.3438684097814438,0.5779002427965381,0.8438941605274144,0.886429518722108,0.6623870213486199,0.8593791262828961,0.48265285475891556,0.3849966674629342,0.878810520548665,-0.04196724226229208,1.0,0.8852085812152223,0.35774302539217806,0.05748070979589447,0.31765661964360564,0.771907314444925,0.11954906241354323,0.48066700476597346,0.8000546824198752,0.8852856902121117,0.2766474208429949,0.8870370334548997,0.584334148125697,0.775698212959609,0.9906298004740473,0.7897778542204961,0.7158408220853449,0.7587974866441091,0.6520700914524152,-0.1335052407502155,0.1712161296953077,0.13507934795695933,0.7525869443394686,0.8261160398326742,0.08438267100905766,0.22774298241126648,0.6052721111625734,0.6676339277371834,0.2275414144700068,0.5353520060445255,0.6709520404258298,0.5628932423218984,0.7767708707754999,0.25929785201166333,0.7786014268796981,0.6499704938645856,0.4479974088297396,,0.5107377925508758,0.5502539243085033,0.7374089084567256,0.15218590899701032,0.38136272197331844,0.7513992224633097,-0.24385448889025346,0.5598187475322813,0.6820927440242449,0.7080109096302215,0.7151099784728815,0.025224023762680778,0.525683248577819,0.4076699274426637,0.8277316878976757,0.7882086125694568,0.8460109179303194,0.4311933718274957,0.6483902607130078,0.3501499437199706,0.15117395219221155,0.3158278686882127,-0.2019104395826178,0.5676499625508136,0.8772253753573331,0.4715832846016767,0.8773990643616251,-0.3278997340384977,0.5169076456022822,-0.6533205045897021,0.17869760843903765,0.7440173975896299,0.8005277552078939,0.7057942205807668,0.502649359106631,0.6976878558940275,0.5520860483545214,0.8856661083430163,0.8048280466320507,0.7531122257849154,0.9663156039075883,0.8706226610017845,0.992101708696283,0.21776377193933596
WBETHUSDT,0.8961438794019904,0.951465973948228,0.36691378094769866,0.8222525298689007,0.8668821551544409,-0.02024284596085192,0.7315791486722233,0.7784101545610889,0.950950202704864,0.7872529565663939,0.8873769856564147,0.3843071345616657,0.5960726377888454,0.9507866200808364,0.13816603828492963,0.8852085812152223,1.0,0.22913910310765043,-0.24857893755161004,0.4427074135824295,0.8258552457056803,0.41165922841145625,0.33019876609265686,0.7234225157878141,0.9499009541409462,0.14952658699566773,0.9481255345424241,0.5844809223087408,0.8923248561104152,0.90509585086184,0.6405418571709827,0.7536858404446196,0.7924034068097358,0.7808980896105552,-0.16546717742128977,0.26120534153006414,0.1579983852408481,0.8293198979344714,0.8179008931610477,0.11147663268625517,0.16283525244884725,0.7609117780331249,0.8019819105803999,0.004752446436718869,0.44387597636689063,0.647502046247664,0.49563986452280195,0.7213093778703198,0.19638538249062762,0.8445816776829121,0.6332236986299259,0.5167170702211423,,0.6795178980791391,0.37287158638939394,0.7942895030758428,0.18334905085469483,0.43324212858735395,0.8117152832211187,-0.18673706374443552,0.7154625928517337,0.80296207790811,0.8105837801447454,0.7962910075691171,0.011936687148298156,0.6475396584080447,0.5877509189453768,0.8657694207469825,0.8188901799921717,0.8012480091768959,0.6180949982242279,0.8122781336146385,0.3804324232929138,0.011854245248992154,0.37899200518875553,-0.05191716815147983,0.7757223626618788,0.8123313178290938,0.42833568711568454,0.9440044279650532,-0.4764897536630944,0.5415053203753105,-0.7551165695873575,0.3385454037783046,0.8684535935012768,0.8414763469775002,0.8281844600710124,0.18996083468414693,0.7270925399115138,0.7086952500396453,0.9441488317374588,0.7048205130054954,0.5292097873614021,0.8351566088354475,0.9333767049370044,0.8598515513737559,0.3907200839273507
ZECUSDT,0.38525423135603165,0.2058663652482582,-0.5091677155319306,0.30256348801220695,0.3610168128410212,-0.1396864599195921,0.39186663323926707,0.35857711683370774,0.21354383395566698,0.4744645098774379,0.5024383925586604,-0.3070774831399243,0.06302395061050368,0.22243039379485696,-0.8205241223712639,0.35774302539217806,0.22913910310765043,1.0,-0.10751788958258805,-0.5927902126727624,0.6343882532230608,-0.10658519388905167,0.8009332114220357,0.4328783089135913,0.19577568075491186,-0.4737563781935313,0.19946544765063592,-0.11793466678759013,0.42989004607828035,0.3866301386648081,0.5208460315730402,0.4866664493741927,0.5056066412844235,0.4090961171896977,-0.08782472910769076,-0.3712712987484763,-0.7308091916952246,0.3235310301163687,0.12305532159546387,-0.7333103479843455,-0.1837249819064455,0.4500515805188185,-0.06311482325479595,0.09589346254087425,0.14501954719715757,0.6489460213940382,0.5751362663966889,0.7273842464605268,-0.33294172601193794,0.4237769580319186,0.5458192603803425,0.16471617263172833,,-0.04833850396121977,0.44879943412860146,0.3980662998459873,-0.7580688374201032,0.4936081329091641,-0.12439139982018878,0.5818072004879833,0.3935660441619469,0.47251300041153915,0.410993327922455,0.5173354176988575,-0.026684871527855702,0.7031767321491252,0.30503522118562637,0.2646919377427595,0.6354517428827564,0.08612991547473098,0.5760424153411033,0.4776995686211377,0.41452401432492003,-0.5236115651669011,-0.4997635479543267,-0.35928178346063455,0.37290588900856114,0.6012618790086135,0.2544624754211542,0.1992278753137766,-0.16740852255694796,0.47604165778119,0.031098911415143645,0.677707402578132,0.3610670052845584,0.4975431836989194,0.41099148524697604,0.2660342698783216,0.3111779164368016,0.39253526973406355,0.3146060487254748,0.4767016829338543,0.5899983890876056,0.2369493207242271,0.19482908755682618,0.3332641146365309,-0.3823068831967658
USDSUSDT,0.025766281518775584,-0.25134438760203914,-0.271376959753421,-0.13730679739945145,-0.39560098436591823,-0.555103948640514,-0.6379969211546309,0.1861640987378826,-0.25260357457926874,-0.5430021121593882,-0.16902243382233414,0.2425143557170291,-0.7062397360071511,-0.2759975269319112,-0.28145253939368187,0.05748070979589447,-0.24857893755161004,-0.10751788958258805,1.0,-0.21295845023066795,-0.3960801893332598,-0.8031335945085701,0.14991160971544193,-0.21384228089895999,-0.24621684400802382,0.33106466409029706,-0.2394672138522239,-0.07530630594840322,-0.4101804314458694,0.0006416988434473278,-0.09881687566387216,-0.12671844556500214,-0.17659288521510594,-0.39477989707069083,-0.02956910161054438,-0.4332811211746907,-0.007142014008564783,-0.5166978899537499,0.11666890358536482,0.17062345231123086,-0.1193819008550222,-0.3372757160483988,-0.12798440783390835,0.38974035334631535,0.30860435396159425,-0.1771542896679541,0.10268764416532117,-0.2755403762777495,0.1232123531010021,-0.4658970701461669,-0.03607375305213201,-0.1846932544045908,,-0.4431335780132422,0.5355445953831465,-0.2562850087668554,0.0759029786988879,-0.5411190136470662,-0.1371796386203741,-0.38861666824476815,-0.6429974379179096,-0.4616346268859245,-0.5234478713040135,-0.31618711524833654,0.020873848880067554,-0.4414323945044918,-0.42322072669029087,-0.03537841524317127,-0.27913331585389856,-0.009437390736211413,-0.61142198277348,-0.49583044967683637,-0.3874194500428047,0.42076138157875526,-0.22458226591900068,-0.28794634928485197,-0.5041868746933365,-0.1885603171762947,0.1825830688667309,-0.2522615794230635,0.5895193504124635,0.03993936812533303,0.34443000653464484,-0.4567868721869615,-0.3971385421927992,-0.1966920962391598,-0.3748833142458785,0.39812222368422895,-0.3189695366359658,-0.6339116563655495,-0.23221549633692087,-0.026945364327070814,0.18715398385109955,0.15246201138556228,-0.2436935106860696,0.10794699655474782,-0.4255655467072068
BSC-USDUSDT,0.2886735748825931,0.4647922089542314,0.8994856385337964,0.3119790703382025,0.21203955162830437,-0.011606843714022354,0.3392328915150817,0.07824650466512904,0.4614616595024358,0.18675557199166015,0.1298915006624158,0.6772244502733935,0.6378398052325999,0.4553981368910522,0.8338965815872137,0.31765661964360564,0.4427074135824295,-0.5927902126727624,-0.21295845023066795,1.0,0.03888527728601547,0.5696393527965907,-0.3534314807118345,0.2504988945628355,0.46948138076780144,0.7043559661695967,0.4718545853100241,0.2844044597795997,0.2541454803541656,0.2877104036159758,0.09864332553158314,-0.028778583887361077,0.1005047955587112,0.14938984323235543,0.08907898462204861,0.7746442532355743,0.8001084959890106,0.4513998372746641,0.4275920876430547,0.8016212345954759,0.5210056765557257,0.06325968053593102,0.4647985266490379,0.15623264871922987,0.24395894131720527,-0.2409860019405493,-0.2550398379798394,0.020172593650504902,0.6535513035139535,0.275732599333374,-0.08335507673999311,-0.09388139850936691,,0.7419044205081783,-0.3319081130332492,0.01345471139668634,0.8315599703664855,0.22091730505995746,0.6882539678474713,-0.5973631839272231,0.3258853379484826,0.21765403098469457,0.34703270318881113,0.04252431349080216,0.04459406939315641,-0.1410003720450352,0.22693114070432444,0.20939837829563165,-0.009528432596882134,0.61848284490999,-0.12405042170485145,0.06642497327049794,0.20068118498765677,0.6371921396276066,0.8734880684592524,0.26699544968291394,0.09560459257734592,0.10061277654002887,-0.01293773872638637,0.46675114432700143,-0.28761641082092304,-0.26364350273178694,-0.5274994735451516,-0.4382143254168828,0.21173544150405035,0.013038693514727017,0.19265409501527414,0.19375788629927937,0.1376905429678342,0.30967846491886886,0.3446752005366319,0.11133356872204724,-0.07980378832403645,0.3943881335568783,0.4692790991095773,0.3457317920008509,0.5310466487175716
