,BTCUSDT,ETHUSDT,USDTUSDT,XRPUSDT,BNBUSDT,SOLUSDT,USDCUSDT,TRXUSDT,STETHUSDT,DOGEUSDT,ADAUSDT,FIGR_HELOCUSDT,WBTUSDT,WSTETHUSDT,BCHUSDT,WBTCUSDT,WBETHUSDT,ZECUSDT,USDSUSDT,BSC-USDUSDT,LINKUSDT,LEOUSDT,HYPEUSDT,XLMUSDT,WETHUSDT,USDEUSDT,WEETHUSDT,XMRUSDT,CBBTCUSDT,LTCUSDT,HBARUSDT,AVAXUSDT,SUIUSDT,SHIBUSDT,DAIUSDT,SUSDEUSDT,WLFIUSDT,CROUSDT,USDT0USDT,UNIUSDT,SUSDSUSDT,DOTUSDT,TONUSDT,PYUSDUSDT,MUSDT,MNTUSDT,TAOUSDT,CCUSDT,USD1USDT,AAVEUSDT,C1USDUSDT,BGBUSDT,NEARUSDT,BUIDLUSDT,ASTERUSDT,ICPUSDT,OKBUSDT,USDFUSDT,ETCUSDT,XAUTUSDT,PIUSDT,JITOSOLUSDT,JLPUSDT,ENAUSDT,PEPEUSDT,APTUSDT,HTXUSDT,PUMPUSDT,ONDOUSDT,KCSUSDT,WLDUSDT,POLUSDT,HASHUSDT,PAXGUSDT,USDTBUSDT,BFUSDUSDT,SYRUPUSDCUSDT,ALGOUSDT,TRUMPUSDT,RETHUSDT,ATOMUSDT,USYCUSDT,FILUSDT,WBNBUSDT,GTUSDT,RLUSDUSDT,USDGUSDT,BNSOLUSDT,ARBUSDT,QNTUSDT,VETUSDT,KASUSDT,FLRUSDT,LBTCUSDT,KHYPEUSDT,FBTCUSDT,RSETHUSDT
BTCUSDT,1.0,0.806238561592055,0.26769921115559386,0.6440566336939378,0.6789987635867659,0.5230665193244014,-0.10899736521349156,0.7598924108858973,0.8007925601688178,0.5800205061282633,0.8018537144208622,0.3711468776072786,0.3599874524642402,0.7937571767305188,-0.02233993195830221,0.7497000242585383,0.7998967731887927,0.2956313378996941,-0.27089941821905533,0.4406566174444262,0.6457859658557349,0.13390844707719946,0.2727704307056657,0.4890372295651817,0.8017255544480506,0.2054902534920014,0.7973443466511687,0.3938501857858539,0.7568032872443874,0.7568653824210722,0.40478253084869115,0.7234625630984026,0.7411080740903482,0.6907128740698384,-0.3667394706483043,0.15705909818495437,0.18037175919961887,0.5650412003638148,0.0867679262594693,0.6192432284566507,-0.009659827314775256,0.7446927858338783,0.8283795067970549,-0.04279003119796694,0.595348491350773,0.6248800709630118,0.5213641646376472,0.41735011441466047,0.15374414202599734,0.616688316650157,0.1185399541543948,0.45561638862195364,0.6805968284180964,,0.5703599694162905,0.07840070166189736,0.6538066629515473,0.11979442720970539,0.7487084521645837,0.4155987739019565,-0.15710022880463276,0.5123258014033573,0.5939677303972315,0.6856803817430746,0.7393931817309842,0.5569683113375965,0.8162892710048081,0.6263776939154466,0.6843417082039529,0.6585271309736082,0.4784203212715238,0.6758256577988572,0.4185641201018723,0.4520229072216747,-0.09050660506712667,0.24986678483672584,-0.4240783565364041,0.6331795838003417,0.6406673238144918,0.7999154866787233,0.31478703218405557,-0.6261025533355176,0.3776637965049693,0.679708441951611,0.7172519803021091,-0.10677387032728565,-0.12330082574637098,0.5168846436218016,0.7588164698456399,0.5548101576073463,0.8133491304044784,0.6021058195072777,0.4500415347893588,0.7346692240472343,0.29070925534071335,0.8390827222946138,0.7974725970203045
ETHUSDT,0.806238561592055,1.0,0.43423652141539654,0.7675679353719195,0.843225442162466,0.7132524916882302,0.0823632593603937,0.7705637751716637,0.9383590656991506,0.7596491635703588,0.8674037937348377,0.3557242111163493,0.6017216655315558,0.9371625077573076,0.16976361287688316,0.7864474020988794,0.9325099188404146,0.24009320239282556,-0.4047022821433746,0.5547461484536398,0.7601952888299791,0.4249153485561527,0.2316895701230333,0.6094442288454336,0.9350085899079144,0.18624564642448013,0.9315729000803882,0.5167540058174234,0.8041881109364066,0.8849959362786829,0.4923754307017838,0.7551500714135813,0.8248757953065241,0.8333355820645904,-0.25678240530679114,0.3236779632067114,0.24789194752670793,0.7437220820194337,0.1293570046773305,0.6834795345767049,0.12089346649420038,0.831004067590038,0.9102850108190378,-0.07446696759829653,0.48918432497534226,0.6259675462764687,0.619584151251712,0.4350029615809966,0.2271865257798219,0.7727700833175019,-0.01631402956652854,0.5442715541032932,0.6555929538252536,,0.7333093588609727,0.019190707141755903,0.7592483756415526,0.2246406424147764,0.8617146720364222,0.4945936329554219,-0.18643852211613773,0.6994680154168861,0.7613160403782568,0.8295631112282775,0.839705831409305,0.6607316770936144,0.8915951841392012,0.6726104147822053,0.7658437359050272,0.7575072709518785,0.6315578053020627,0.8102398292082171,0.33652643783470143,0.4674818241586458,-0.11179588686238501,0.4219453091663845,-0.2287495107039478,0.7193536833665385,0.8081078464795443,0.9364810524450237,0.39385818481776047,-0.7288466758386123,0.41730744919079615,0.8422168927700097,0.8120545492373566,-0.1303468863170996,-0.38134988389550234,0.707767107491248,0.8917324658538612,0.7003407690610897,0.9209116661074634,0.6604611282949697,0.44763407653987053,0.7650755339119607,0.2572921488829771,0.8470915573819258,0.9333110590989183
USDTUSDT,0.26769921115559386,0.43423652141539654,1.0,0.3611550422031291,0.26694427970390827,0.46740651241328435,0.14256831819880897,-0.012489704324261363,0.42809321000514333,0.3105941320048508,0.15939587298119132,0.4758385082407961,0.65434143649928,0.43165998161536506,0.8284261758033465,0.28886273833887127,0.4017583559739534,-0.31121982506536,-0.4628508395378921,0.9358688428563438,0.11823071278233463,0.6424859050297769,-0.34974484594162214,0.3426693981231464,0.4288480190600827,0.644662941399768,0.4368745111630908,0.2441324932878552,0.26933755599184045,0.3140223626892444,0.13424369863288435,0.14539265128139026,0.14057865798974947,0.26158609993337345,0.2704878246818437,0.8778784986211902,0.8174793024777629,0.49893826088365817,0.6831077267094353,0.14551024394860296,0.6714426372326987,0.10541976664855257,0.39327725729233626,0.17434877517813668,0.05780212329864181,-0.09412380228192131,0.07945143709011143,-0.2914042142244191,0.7451970804873349,0.30615440858992593,0.30791367102986644,-0.058012512735174875,-0.2359379784307352,,0.698714878715334,-0.5711893858035483,-0.0035168917330564648,0.8348792078587899,0.7008983614775984,0.45226273012080165,-0.5448510291922868,0.4622241478965215,0.4474564581152252,0.31763702239459757,0.06688248612774737,-0.1101610486076983,0.14603271125085185,0.3467266385601358,0.10886518941106638,0.5586223723596947,-0.0022188044096157636,0.17817661297172283,-0.3402574610050513,0.3796113534691892,0.2864129843379372,0.9427956300899496,0.22830447721697517,0.2051115220571811,0.14348770780858497,0.44244125947757557,-0.28926726242725403,-0.36750158934533483,-0.4058373975808693,0.2614890944661533,0.03805396307269726,-0.07138203860759765,-0.22143101059650416,0.44637873160795033,0.24106322666527766,0.2518545823723328,0.3624130707802875,0.14603067802037606,0.04689206434425027,0.2991780492297959,-0.33825984458113917,0.36392866911742744,0.44657451019097627
XRPUSDT,0.6440566336939378,0.7675679353719195,0.3611550422031291,1.0,0.7440416506770081,0.5894634150128654,0.19326453487450904,0.6724044150403167,0.7644720674926841,0.6525012561910389,0.7109393730166433,0.1810518884305579,0.43394214687019456,0.7672779631078422,0.17150127597205708,0.6274576597468489,0.7549136029049417,0.16321381910765886,-0.3238073617726799,0.44171458798096086,0.6209714113617254,0.3589567084318285,0.20246643808919199,0.5241327775993193,0.7577949719164868,0.11480333689472555,0.7598154348747463,0.4874314960574553,0.6464810935598516,0.7226136493254136,0.4075205579130739,0.6562672410935331,0.6952121702840636,0.7234891257771899,-0.06676634071216013,0.22988161970409912,0.17033921498384444,0.5965412624263408,0.07831720960671894,0.5596164557796997,0.1250232683893808,0.6842980413373824,0.7363820032041714,-0.017701769348192745,0.28714181188341875,0.4839845137367091,0.49341232003724983,0.4408594049297448,0.22099974784343268,0.6085999423213015,-0.1059599533054279,0.518761670499164,0.4479528095719666,,0.5290982999972471,0.03189615992883008,0.6438676512164032,0.23478637448983566,0.712336858661372,0.33831031864507577,-0.2503893091015982,0.5789406950403534,0.6280288924181453,0.6793284654337283,0.6806645893879112,0.5315997997490083,0.7677637355696456,0.5035093471231168,0.6458039286768842,0.6150956157893722,0.5397718158798627,0.6893059620087694,0.16217436173465188,0.28545813434054845,-0.13246882483807587,0.36967123176788275,-0.16581674958546364,0.6041730128638506,0.7077428352938373,0.7650376953604615,0.36788630971721625,-0.5156915104097933,0.4303814095723209,0.7393105249471075,0.708902580290162,-0.154530881319169,-0.29735725781180405,0.5848555542807908,0.7346679118545683,0.622782694563416,0.7625337444101148,0.546674198779774,0.4036773192935987,0.6063466571135289,0.222159248899157,0.6476346480000699,0.7610091659817703
BNBUSDT,0.6789987635867659,0.843225442162466,0.26694427970390827,0.7440416506770081,1.0,0.7710629281161719,0.41493330215543894,0.7295538339858733,0.8411768168363618,0.8607985687144365,0.8472478356200182,-0.0560237278290517,0.5279410815311949,0.8529831293582281,0.04294473949101823,0.647347620400304,0.8326929538896357,0.34998520550727485,-0.498479011216032,0.34657834693013806,0.814985744870339,0.4914603369504682,0.3233062284365242,0.6147730136524676,0.8280974686869755,-0.12054203657933406,0.830544341125771,0.49596723207082105,0.6896937579559974,0.8873839372191192,0.4797485641811228,0.8104003859693509,0.8511554370756764,0.9229945079132534,-0.05126400587769306,0.17623950444042044,-0.03223356855634119,0.7141953389766982,-0.18058867896819672,0.5312769073278418,0.042303210307593146,0.8791333872757995,0.7647347707573494,-0.11896794496422941,0.1831224875102296,0.6421104667473267,0.6520568303259742,0.5910079349886993,0.07459871154422679,0.750911872975605,-0.3976432210174094,0.665563934383926,0.5458829479445532,,0.5448403550651677,0.014208511043720883,0.8047346928167615,0.03961677707201266,0.701032886245023,0.46249018094388344,-0.05399893430534787,0.7623425775386243,0.7851662161380467,0.8665040388512826,0.8702344018603119,0.7875920850293746,0.8591364822714839,0.6296451121614529,0.8306290036181732,0.5810983870414103,0.8199103676481685,0.9105904236371831,0.12346268991810497,0.36099570268992165,-0.37682262228845637,0.272599016757449,-0.19430278206907484,0.7360262992182942,0.9413466644952279,0.8407200650745982,0.6767376454356754,-0.5029506814449244,0.5873533180823918,0.9203755111333594,0.8829767348674863,-0.31679060478734433,-0.43276692849354054,0.7732418440010236,0.914518283956095,0.7686797368530979,0.8688826763446843,0.6259505659149561,0.46518878866820657,0.6039594533191417,0.352302472603537,0.6064407894690108,0.8329175575704199
SOLUSDT,0.5230665193244014,0.7132524916882302,0.46740651241328435,0.5894634150128654,0.7710629281161719,1.0,0.4607720778167411,0.399290894210625,0.7107110772043269,0.83766524619141,0.6999849544125858,-0.02657777403456079,0.7755483899468105,0.7280664348476632,0.14531162653424468,0.5005119493804753,0.6982467955957753,0.379627657656735,-0.7416289879111435,0.5178067518118074,0.7281341123958328,0.7170201809662765,0.242096520359849,0.567855157496202,0.695667351833224,0.002974807299746948,0.7018120124286229,0.17133781319043728,0.5358727874758188,0.8326486928654101,0.36772294100809966,0.6803079645318,0.7229127789841395,0.8350570552596187,0.04249586722837541,0.461045693240046,0.07436987833120355,0.758275152766801,-0.09354171007949154,0.2966229567098598,0.2223164533795049,0.7835899152157417,0.5947317710828458,-0.053498806567753486,0.1436132089728076,0.4893623428611335,0.6146669103041661,0.31287323574422987,0.2360713513603925,0.7003427967538473,-0.3268689337594006,0.31599473949930273,0.3742189887602325,,0.7380564511018561,-0.3314384286959655,0.5161883658169081,0.08713432830471804,0.6675378540709959,0.7621547018990839,0.052887764467625734,0.8769312851523006,0.8374708805099368,0.8719988365963082,0.7224098762853159,0.732125582834649,0.5702928231765612,0.76899868780815,0.7183552095083368,0.5465935356414313,0.7556111327863425,0.8116078869417465,-0.07896313252795222,0.6332312541481944,-0.3350757035025981,0.4257437803311396,-0.15182335251246132,0.6402655749513938,0.7963458789308767,0.7151484789849979,0.6088520090135637,-0.4539477393265998,0.2186873378740988,0.7645926560537789,0.6325713752201559,-0.34420763492383954,-0.44336685759262456,0.8792428399689833,0.8209260155767804,0.5857090222263658,0.74310736594369,0.4859035934560582,0.3363752668825502,0.46200914671637877,0.27619120992339696,0.461550945460269,0.7107975796587938
USDCUSDT,-0.10899736521349156,0.0823632593603937,0.14256831819880897,0.19326453487450904,0.41493330215543894,0.4607720778167411,1.0,-0.06931312599642049,0.08486875890835739,0.48317501121740974,0.09469375597588885,-0.6803841627156211,0.2929901703613226,0.11746039072266358,0.17554299056923256,-0.13048174417908517,0.06664202071279793,0.09787615422878743,-0.49265622091703093,0.01267551820878258,0.27218143699305825,0.6029749986165623,0.037198259560455825,0.2440648743719492,0.0622250103240982,-0.41370392940184636,0.07722736286863487,0.14151619940364032,-0.07770047587208118,0.2475014812797948,0.10354744855450343,0.21719877376170044,0.1929398748355835,0.41355008052173536,0.5776277262730397,0.15579301991251193,-0.22544941105319755,0.2826936932873796,-0.3685379615406786,-0.20800662383502072,0.17355708513104495,0.23292948619893264,-0.07188942139901595,-0.06803078003677876,-0.6704119947550182,0.033259628592545346,0.19446793406840926,0.23094650518710663,0.004064503700132785,0.21426123999328958,-0.7786674538109395,0.3082099059286381,-0.3003483132175127,,0.014642496455925452,-0.2780754601295445,0.19506212625342126,-0.011756060413314518,0.03044371813369048,0.1932514076518657,0.07640042568040253,0.4670807389842601,0.3662541647598683,0.3312256101762126,0.19397712079516372,0.32859151465736514,0.06067446258164875,0.10824933719411693,0.26269761896059335,-0.07140848766299991,0.5311200263005238,0.40296360348343513,-0.6103703991688496,-0.03227029215691536,-0.47650728720830954,0.16820830512679832,0.28300286256764295,0.1983364445576133,0.4775807428600446,0.09233536509212334,0.5585720788055235,0.2301556615765923,0.23047487743015505,0.4012284454281117,0.25338865599420046,-0.4457469832607797,-0.3898864498638066,0.469638901498307,0.26499631314794764,0.3625505519630972,0.1332929300190287,0.04544631616382662,0.06268686411371988,-0.178907046049854,0.05546166101652122,-0.33256883761500927,0.08355812037203941
TRXUSDT,0.7598924108858973,0.7705637751716637,-0.012489704324261363,0.6724044150403167,0.7295538339858733,0.399290894210625,-0.06931312599642049,1.0,0.770261906039813,0.5492879807888493,0.8347606187645381,0.2318174514735734,0.12962360115489224,0.7622285372780153,-0.2232615000959534,0.7417603324275099,0.7715911587862744,0.30934364405081033,0.03644879711010221,0.13985765332740913,0.6460922835315009,-0.044781471850333966,0.537208811496718,0.4723011872956302,0.762381425978057,0.05594467952844626,0.7654270602623283,0.428879688617577,0.75200483939504,0.7067407483475261,0.44076005565790505,0.7400635830601049,0.830889197072295,0.7087226140452779,-0.2321908165520644,-0.20595834864494755,-0.14222538905639437,0.42981760151957826,-0.032573388172164146,0.827486602201365,-0.16985297580370096,0.7742869129675133,0.7899669903314386,0.10770532353040814,0.5876253812612847,0.5739962145430505,0.5571861032159202,0.761711108606756,0.08709948960009978,0.5231313711854447,0.007731444434618374,0.5302839470260976,0.7363156345710781,,0.3558940116428635,0.4835618695823697,0.7196270407762673,-0.008224782287744935,0.6188264372329503,0.11585212842875686,-0.27180211609016647,0.38477599766408094,0.4941367222420046,0.6343517013205315,0.7666405933725534,0.6311302950095836,0.9562224055260077,0.42752202485614005,0.7145761902265063,0.6479418247798495,0.4848554552508325,0.6596343080889544,0.5060509972151186,0.13005458544864054,-0.08735266267993096,0.02469755661307642,-0.45882814779247666,0.6464016207348419,0.6949561966342311,0.7622786549682439,0.42767387047793726,-0.541304935019901,0.7754157489182107,0.7259385249240096,0.8391429787116967,0.07896948049022756,-0.08437656256934563,0.39688578672322333,0.7567634946333113,0.5373196290561151,0.7911377607722404,0.6624797126721212,0.562705904138874,0.7373593959416603,0.5480324085370358,0.7824830065212615,0.7598714047867056
STETHUSDT,0.8007925601688178,0.9383590656991506,0.42809321000514333,0.7644720674926841,0.8411768168363618,0.7107110772043269,0.08486875890835739,0.770261906039813,1.0,0.7575688033743818,0.8631488509180295,0.35415239418058336,0.6033210057485208,0.933583543707398,0.1681854249730266,0.781005629979092,0.9290163425185156,0.23694729547994253,-0.3949321121267666,0.544955612498025,0.7575875497775453,0.42815793403452673,0.23862136048974264,0.6069374186848155,0.9310140028508421,0.18201733581772722,0.9277955448583041,0.5124849176875539,0.7987544111228304,0.8805540325637183,0.4921015756073922,0.7472223087807949,0.8236920850733541,0.8302341879384736,-0.2500187270343879,0.316987656337082,0.23801790078881502,0.7403262635114716,0.12922915375440783,0.6896717132579195,0.12033603863809794,0.8280239178540795,0.9043798095180375,-0.06878806111674018,0.4873357300992595,0.6172308805869692,0.6204897008292815,0.4405031475025888,0.22713320363476797,0.7693846874896795,-0.019717014662262,0.5384159470551811,0.6547466565038107,,0.7319221084122604,0.0314049879944364,0.7558111586647179,0.22118990221205953,0.8539139830487164,0.48667779261859995,-0.18727974287830185,0.696678512150994,0.7579957227587211,0.8266892869690923,0.8369541562454393,0.6626841662552316,0.889640920841243,0.6639116027143969,0.7618186350300903,0.7565479048095068,0.6303170525947527,0.8056877706382387,0.33904333019973487,0.4573643890184249,-0.10659942407623865,0.4172070935808475,-0.22016318188482423,0.7156942956304081,0.8069130776956295,0.9324367150996008,0.39469821766574886,-0.72823005095786,0.4253495624848759,0.8400848135754908,0.8098721052973343,-0.11751342436383848,-0.3891423172532425,0.7053786380028431,0.8889486341705135,0.6948281601455955,0.9155747876256078,0.658560289231751,0.4454269554895857,0.7604712572778753,0.2641309574568572,0.8398983943671741,0.9294075437600888
DOGEUSDT,0.5800205061282633,0.7596491635703588,0.3105941320048508,0.6525012561910389,0.8607985687144365,0.83766524619141,0.48317501121740974,0.5492879807888493,0.7575688033743818,1.0,0.8607392930027049,-0.11960733340443828,0.6420055815080169,0.7742243071134652,0.04141956074830734,0.5488871837755317,0.7483614085251395,0.41032206701113444,-0.6491366304225773,0.37501919268707373,0.7943625165125191,0.608201946155219,0.2987864679544018,0.5851425220846594,0.742697760321293,-0.14011727876928792,0.7462178859400654,0.32174589894813366,0.5938035910998295,0.8676822142394421,0.42210442402734644,0.7577656567757727,0.7922003405132042,0.8952652581850222,-0.014256255234358398,0.2817262428800279,-0.04439329108279269,0.7330521465643743,-0.22366419304446958,0.37287564867207756,0.09184607677242658,0.8508712454982512,0.6539173328558773,-0.13028990288307105,0.11986951603469365,0.5971706541237765,0.64808277608983,0.46941631350668794,0.08460530398808076,0.7346769308540065,-0.44108860588847004,0.5207867177165554,0.47265938043936256,,0.6068075871074957,-0.16195588582714673,0.6827219252122299,-0.011967138227310232,0.6408400790058623,0.6226132152577799,0.07702619240222981,0.8324479103347636,0.8161577240097263,0.8819491988170488,0.8176943584256615,0.802534090373146,0.7045021459851241,0.7064892328482103,0.7937315170830431,0.513376136006539,0.8398085969369617,0.8894574076523079,0.01373810146115218,0.5008941763864873,-0.4246475354877476,0.29101603600452036,-0.17743289781644944,0.6928173038862251,0.898409378619774,0.7592194574999271,0.7113301438715257,-0.44677086825545953,0.42689921367949935,0.8545216482962333,0.7741644164272238,-0.37815617464150825,-0.4567100793120791,0.8403645055661053,0.8794375273639404,0.6912564139331867,0.7968146578401349,0.5492270439644118,0.3951309092731892,0.5016281813677069,0.331826621675586,0.49299211548532734,0.7519920682089763
ADAUSDT,0.8018537144208622,0.8674037937348377,0.15939587298119132,0.7109393730166433,0.8472478356200182,0.6999849544125858,0.09469375597588885,0.8347606187645381,0.8631488509180295,0.8607392930027049,1.0,0.13645065714262788,0.433444323738561,0.8648442448301021,-0.19641926643849777,0.7740538433114518,0.8628743540879455,0.5137068123624887,-0.4306415556273951,0.3408515598520255,0.8319883762296607,0.23300567545263132,0.4517066065591014,0.5752726666279613,0.8560085651558049,-0.003488122482121954,0.854808520423105,0.33734461258462334,0.8012283914428253,0.9185832597736284,0.4640559995167371,0.8938776888926089,0.9152444652302069,0.8898486527350035,-0.32673472421651467,0.07803347351921726,-0.05660277076107047,0.6638135573442981,-0.1691266584814739,0.6042629739288056,-0.09838651748721959,0.9494089155331797,0.8454188525861618,-0.08066992605936728,0.5320372144838909,0.7674799522293968,0.6860977002782802,0.5986835600357227,0.04483972580945001,0.729118764062782,-0.14149108689267206,0.5461355545541609,0.7811766657115872,,0.5884195487461706,0.07278981186828587,0.7746462342298122,-0.08511389780857719,0.7359070430255285,0.5560029882553819,0.013795502576497979,0.6914537318123859,0.7472801491225256,0.8761052058419969,0.9196202582959467,0.8195499182650479,0.906649837656082,0.7726946622823934,0.8745501095928591,0.6419749723317179,0.737201416807662,0.8840307587624052,0.37496986750550465,0.5454770141180102,-0.3221058955820483,0.13806563950204143,-0.5177943162448775,0.7683647123222392,0.8561926771496986,0.8616881905313087,0.629056858090928,-0.5948658745628141,0.5449959903639907,0.8453096574555623,0.8828661396643775,-0.24310869590291656,-0.1979756773763311,0.6993890915746152,0.9344886103623139,0.6612599176364796,0.9165729249042305,0.6869270220769158,0.5386129080936574,0.740771863592492,0.4779109310259605,0.8033946546171215,0.8562901535053686
FIGR_HELOCUSDT,0.3711468776072786,0.3557242111163493,0.4758385082407961,0.1810518884305579,-0.0560237278290517,-0.02657777403456079,-0.6803841627156211,0.2318174514735734,0.35415239418058336,-0.11960733340443828,0.13645065714262788,1.0,0.2961040649460357,0.3253590663054616,0.38871641487574504,0.39943720420542334,0.3557577899189258,-0.30457160437274144,0.2537047812808046,0.5364759052857693,-0.04831156047683845,-0.01090568828517991,-0.11120516968048069,0.08906891686290191,0.3697881926192968,0.7587503678719494,0.3621141395788416,0.11454487793034386,0.34265537130823726,0.09071673972089059,0.1100156138898941,-0.08094280069688674,0.0675472139792557,-0.0891057025078472,-0.33446450702369684,0.3709133904062253,0.6349613641420052,0.16715598297486506,0.8085694436845782,0.5518465751595231,0.2686820500678355,-0.021647173679115995,0.43217738862723776,0.2255427253640184,0.7330072571311768,-0.08317812579902946,0.021434545179912928,-0.21495402302718278,0.4964153968324253,0.1259006697595282,0.8586044996999447,-0.26263297612336084,0.272919542206525,,0.557840392858378,0.12267928699153573,-0.04189531467616113,0.5360725748234394,0.4806361139830499,0.05627068448623382,-0.46806132089661273,-0.043457607503782233,0.05131311806561373,0.021537221447996212,0.010436632303600257,-0.204367226855896,0.21403492238492447,0.10113990518949838,-0.07348522486632525,0.5714913664299869,-0.373151590875246,-0.15539684715375257,0.4901277029076508,0.18176415559884607,0.6868060299998838,0.456143248411322,-0.00012984735329200502,0.04704719788149708,-0.18812522651510824,0.3478801586778469,-0.6140817783244763,-0.6189672706726884,-0.2360542098749101,-0.047387806693815766,-0.05552162620821853,0.5560619767609036,-0.011851594983497108,-0.04624399409248591,0.05896104302735449,-0.09013007139498407,0.22718312960165862,0.17349319231850888,0.03144482961479906,0.45937768596882567,-0.11707964303905839,0.6195543785733626,0.36005592126081415
WBTUSDT,0.3599874524642402,0.6017216655315558,0.65434143649928,0.43394214687019456,0.5279410815311949,0.7755483899468105,0.2929901703613226,0.12962360115489224,0.6033210057485208,0.6420055815080169,0.433444323738561,0.2961040649460357,1.0,0.613560912462637,0.44785865013929227,0.3520438791094467,0.5921173788126809,0.08279059682005938,-0.5913020177179247,0.6093999429074463,0.5027675731460355,0.8975611870698095,0.04898246458132942,0.45191779029952983,0.5926372579271028,0.22145821973951152,0.5948844718967292,0.08166200959125013,0.36599437154808384,0.6207343936275534,0.2977019170719684,0.2845510315921868,0.465064823048577,0.5596092084009202,0.063403452421126,0.6843174155309661,0.3057491897380516,0.7177898459333135,0.26135189399713854,0.32727334666185265,0.4260033879242275,0.4965954259861004,0.45949173529350645,0.011978006061534702,0.17763514468898456,0.16513306862411137,0.48220969102570943,0.00014047670204240194,0.40086860883265785,0.6121794888166958,-0.0739605681297554,-0.0003838695044404089,0.23241896203292522,,0.9016827561101565,-0.32824778188434073,0.2652840287887779,0.2909771690376631,0.5894687265218856,0.6841197569494815,-0.019503394213965256,0.7650512033206049,0.711583802724001,0.6793492428159944,0.4735659615364902,0.49693958091238566,0.3198219651028807,0.5707186566992707,0.4152473319212239,0.5692592112286857,0.48911492149156294,0.5165338907490893,-0.023471576678318447,0.5554980983537204,0.030106140203753167,0.6072916277756973,0.2217986725653694,0.41778495372601143,0.5284487810711896,0.6011308562437001,0.24184373750810942,-0.5803199308212078,-0.056239385589849554,0.5261986630696912,0.32269918606167863,0.0033956144961987287,-0.6557708114272548,0.7697690612896343,0.6006768618988584,0.3599461483503674,0.5343020365039074,0.32146708600999846,0.10141969926506343,0.34591119282785526,0.07969785379891971,0.36041503303632066,0.6039370245205564
WSTETHUSDT,0.7937571767305188,0.9371625077573076,0.43165998161536506,0.7672779631078422,0.8529831293582281,0.7280664348476632,0.11746039072266358,0.7622285372780153,0.933583543707398,0.7742243071134652,0.8648442448301021,0.3253590663054616,0.613560912462637,1.0,0.14518146528403478,0.7731653119388561,0.9272197706136046,0.24562657693129994,-0.4183183750365195,0.544799944133234,0.7666615054454841,0.4491247554919648,0.24011618257874895,0.6137094334516078,0.9290181268596797,0.1651583325641681,0.9263578136480153,0.5101549045319342,0.7929294309707227,0.8885666405547334,0.4928311668740699,0.7554764144032002,0.8288029852284442,0.8439992611995799,-0.23019818694236882,0.3233533891526845,0.22764111114837698,0.7492585114437288,0.1112126346999792,0.6744318628185079,0.12535616224920396,0.836136744383334,0.897620632534906,-0.07251402665958041,0.46195765865543914,0.6194467548314876,0.6267359311959424,0.44531961046389024,0.22515821209777143,0.7752201154946021,-0.0492306188662598,0.5453276551659937,0.6425405608511936,,0.7315975455878717,0.014577990047352813,0.7586757497935352,0.2160232229413876,0.851951512429879,0.4997189661986295,-0.17811801785552087,0.7144941432342914,0.7710424313488873,0.8386137222773551,0.8423666744461702,0.6751213180443548,0.8864711837709603,0.671914879270522,0.7708730089069358,0.7496545860893052,0.6500513016905216,0.8197683153661582,0.3136359640402316,0.4625341804511202,-0.12810783843327886,0.4205646342522292,-0.2146692676982322,0.7215411202148884,0.8220127574416942,0.9316873241083841,0.41744127165371797,-0.7156339997905659,0.4280861767457862,0.8514056825890963,0.8156037187793396,-0.1388045274131993,-0.3990706322583891,0.7230925789179513,0.8968992959420444,0.704772144370221,0.917715707441328,0.6574817200210965,0.446397250299257,0.7505360325113934,0.26637170445960934,0.82442862815663,0.928313891248486
BCHUSDT,-0.02233993195830221,0.16976361287688316,0.8284261758033465,0.17150127597205708,0.04294473949101823,0.14531162653424468,0.17554299056923256,-0.2232615000959534,0.1681854249730266,0.04141956074830734,-0.19641926643849777,0.38871641487574504,0.44785865013929227,0.14518146528403478,1.0,0.0005202674984066101,0.14436791112077305,-0.651955541577265,-0.13489251862994822,0.6696211876159189,-0.16812144651968539,0.5831555488135137,-0.5759416678422832,0.14390862998825948,0.17247930025603952,0.49979625691544166,0.1755061921006339,0.40762315428229734,-0.018280915327078484,-0.04477208700620454,0.042897316333933885,-0.25011707167316555,-0.20592036394448301,-0.05918975916133887,0.39087251504481074,0.7372384877599789,0.8041200503639322,0.2488256579162466,0.7216301679909398,0.053527922773853605,0.6609528228338076,-0.2714089072512995,0.1259767815096133,0.08651228295953739,-0.2665357598355885,-0.3763175257105292,-0.17646442506939888,-0.41497917887784447,0.5902631568396824,0.0942409809912189,0.2161375989121625,-0.01287702336596919,-0.49769210732168584,,0.370740776657011,-0.36369157328171053,-0.09960599548704707,0.8751141978231207,0.3833039514037515,-0.021113019709949037,-0.5815200590422226,0.13772899696947882,0.1240617117877357,-0.05334791097002634,-0.22550094218600736,-0.4088776686857246,-0.07725184446577679,-0.1537249525294739,-0.22619779719625738,0.2913118389404925,-0.21665471563614172,-0.1230425028093007,-0.3841744108129483,-0.10944451021158956,0.4158694751660073,0.845477234092358,0.6695526826571369,-0.08374124074066965,-0.07794685738038895,0.17619240757545904,-0.5138650935416027,-0.20025976713261112,-0.39251550024862136,0.03945705024273104,-0.1805797516637549,0.08872948355825613,-0.37105467869107334,0.13005685415115711,-0.08829984825036605,0.14217823263552803,0.03358234048631834,-0.08118866452914307,-0.18290538894783367,0.019621818611476157,-0.5753369819571889,0.04102369873927234,0.18009759868571928
WBTCUSDT,0.7497000242585383,0.7864474020988794,0.28886273833887127,0.6274576597468489,0.647347620400304,0.5005119493804753,-0.13048174417908517,0.7417603324275099,0.781005629979092,0.5488871837755317,0.7740538433114518,0.39943720420542334,0.3520438791094467,0.7731653119388561,0.0005202674984066101,1.0,0.7793471826725354,0.2674040831444682,-0.24944030840712014,0.45818988874716254,0.6111212635670911,0.12439277215571765,0.2608416838865259,0.47497227260298214,0.7821422307699936,0.24539692396971557,0.7786647334625343,0.3757398007114581,0.7408697850005507,0.7277561197463644,0.3888088840921639,0.6957963538659514,0.7152796227859826,0.6592868925891907,-0.3466361070324343,0.171038763896436,0.20620492040504176,0.5461066628023589,0.12905831853513694,0.6178254019389978,0.012852255211474994,0.7111684815684102,0.812392555533709,-0.011245194024050954,0.6031017221548679,0.5861907739533707,0.49636050135436566,0.39492376105736066,0.19119070487465337,0.5874033639754219,0.16014239310083828,0.4156121074774518,0.6503126807753078,,0.5714849807831087,0.0732007230970478,0.6132068827666568,0.15433355064479876,0.7470565911824995,0.40324004662593405,-0.19395895775291305,0.48968790110155674,0.5722104336492848,0.6574488086898369,0.7017549720332084,0.5166401845027783,0.7920778588367428,0.6079413233238158,0.652157124979369,0.6643542875582727,0.4327024564750037,0.6372021845483524,0.40588854657295925,0.4421684218400578,-0.05124397024340534,0.2715458189117773,-0.41800092708768627,0.6097399462631896,0.6008480178369284,0.7805323267323964,0.26943133082887516,-0.6181082676142213,0.3492732156947133,0.6478231252445121,0.681970526842669,-0.07868945037149935,-0.10011726457901743,0.49304406527131966,0.7267626032642494,0.5230952290647082,0.7904460177193611,0.5848937166851108,0.4404353855457941,0.7266599470300833,0.27736195347594406,0.8329010069409689,0.7788586563901883
WBETHUSDT,0.7998967731887927,0.9325099188404146,0.4017583559739534,0.7549136029049417,0.8326929538896357,0.6982467955957753,0.06664202071279793,0.7715911587862744,0.9290163425185156,0.7483614085251395,0.8628743540879455,0.3557577899189258,0.5921173788126809,0.9272197706136046,0.14436791112077305,0.7793471826725354,1.0,0.24723159799448097,-0.38235554471940947,0.5222931400932367,0.7577625392382262,0.40939262010897953,0.24470323513780542,0.5970859639418662,0.9258111523629873,0.16793184842834874,0.9216351592051764,0.5070916561745769,0.7973139636046416,0.8758146344651081,0.4907688943862379,0.7422573193542015,0.8207022348152343,0.8219091229915892,-0.2771131805441977,0.2966388169226336,0.2222772904519595,0.7306836135908832,0.11426674829371053,0.6902683487040421,0.09888932137430421,0.8278998126158436,0.9010952418021756,-0.08240546466061233,0.49965348961451855,0.6272753737318025,0.6212322375290013,0.44113737789378,0.20092589029798494,0.7678413458882318,-0.018566279727386288,0.53985290129342,0.6750643682365824,,0.7217033359183206,0.047964797334708174,0.7606228089531436,0.19486640410484452,0.838268064192953,0.47960053671189673,-0.16331749686951677,0.6841383023443112,0.7470416850614905,0.8202561636504265,0.8403960203283348,0.668339864953211,0.8879540162009844,0.659964754966721,0.759857310755503,0.7445010724444586,0.6305984025749394,0.8019265442208289,0.36510627886590435,0.45615914719067446,-0.109977534792797,0.3900137504370545,-0.22745017210761098,0.7113048617784642,0.802402939256527,0.9260059712981796,0.39803960374560443,-0.7313269212775332,0.4305742384514091,0.8322258126444891,0.8093900935742478,-0.11151416464443899,-0.3881833824852742,0.6935306388607683,0.885872378259369,0.688227326919875,0.9095628320350538,0.6570647527684725,0.44122480111305734,0.7586774844063144,0.2701082774303708,0.8403524971789198,0.9229405122414495
ZECUSDT,0.2956313378996941,0.24009320239282556,-0.31121982506536,0.16321381910765886,0.34998520550727485,0.379627657656735,0.09787615422878743,0.30934364405081033,0.23694729547994253,0.41032206701113444,0.5137068123624887,-0.30457160437274144,0.08279059682005938,0.24562657693129994,-0.651955541577265,0.2674040831444682,0.24723159799448097,1.0,-0.41139154050878957,-0.138406413043064,0.5068212129200097,-0.0641058238195399,0.4795459466236361,0.1879585954534907,0.2291626790049221,-0.337111316565907,0.22829656599325804,-0.24261730022097142,0.2997132508530515,0.4861731977147921,0.13245548985051514,0.5818808155178017,0.5080224569539608,0.48182212495788646,-0.32309786947604396,-0.22111118825115733,-0.47464899765384394,0.23190564063095392,-0.5960480160373616,0.0019461049128535644,-0.3555882026121698,0.6150611013299304,0.22443262120471938,-0.14741663284789688,0.27283158119735407,0.5895454661598557,0.4297434094360553,0.3728489631547369,-0.3163070514212669,0.305820018634526,-0.30476447554823793,0.16807002238188332,0.545482229468354,,0.1334825165429181,-0.06600455746156157,0.32118619497074913,-0.5935214311340978,0.10152470928435896,0.5283580238725595,0.5116585961325825,0.3865736509285835,0.3684403283198048,0.5099904514094441,0.5384877831450579,0.6608588483856617,0.31040056595243015,0.6099057823609734,0.5525875628811925,0.04501080629931452,0.5571801875426178,0.5328788338765124,0.19218817944775446,0.5435063947306097,-0.5364069180556748,-0.3671725327568557,-0.6496982848946489,0.4010001175699778,0.45342028745024077,0.23786643348543676,0.691215044978682,-0.06738241714666868,0.2729438634713008,0.3500735428253628,0.43383201819229206,-0.37342143791573673,0.11518936850389418,0.38881576811549834,0.49252328693072855,0.20811658306427794,0.37295210070720314,0.29425757839417505,0.2987862192888282,0.2252201680007875,0.4985541116862588,0.23153649139010268,0.231731642261584
USDSUSDT,-0.27089941821905533,-0.4047022821433746,-0.4628508395378921,-0.3238073617726799,-0.498479011216032,-0.7416289879111435,-0.49265622091703093,0.03644879711010221,-0.3949321121267666,-0.6491366304225773,-0.4306415556273951,0.2537047812808046,-0.5913020177179247,-0.4183183750365195,-0.13489251862994822,-0.24944030840712014,-0.38235554471940947,-0.41139154050878957,1.0,-0.5395890088724884,-0.52611329471425,-0.5966142504879742,0.10196461207402599,-0.3867371179376153,-0.3911586771706945,0.08140360210032606,-0.3901624067469875,-0.04897741556703484,-0.2898919954157326,-0.6134357372998238,-0.16369282147630698,-0.5668407661969929,-0.3876505379021886,-0.6052311084827473,0.033127075295264305,-0.5806355103618904,-0.21267941132207593,-0.5984874057509396,0.2558616381573877,0.2885777758580054,-0.20050338927721062,-0.5361064907439959,-0.32167326845529154,0.2967939359996483,0.14204479888402077,-0.49789136239043463,-0.3570346462656761,0.09096287083378875,-0.05249775196324871,-0.5283316122524304,0.38518358243897827,-0.2748384973388636,-0.09410626587099004,,-0.49537274435294126,0.7995772294166634,-0.31016728011818795,-0.009672960285338903,-0.4713259192730752,-0.8749910624347347,-0.3229292192425133,-0.7524625225774336,-0.6688413797961285,-0.6531868914094617,-0.47243927173386735,-0.47045037495509356,-0.17751226335782408,-0.7738519486714138,-0.5243628248910907,-0.17083186911252815,-0.6408737835411358,-0.6581101026627756,0.3663084910330384,-0.7884203266241179,0.5479059168301369,-0.37319134044153696,0.2026705746878078,-0.4381402509236158,-0.5498251171200288,-0.41281715212454484,-0.5243472162878439,0.13775238482597507,0.24016937290489868,-0.49543801492291567,-0.3413073999177884,0.7611908452749484,0.1986073383045673,-0.7419931795964523,-0.5507188587301093,-0.4831638048172922,-0.48450240013226203,-0.2216654593125412,-0.1442338511858158,-0.1827900288062329,0.06981864210265794,-0.20412060717318156,-0.4040197232670741
BSC-USDUSDT,0.4406566174444262,0.5547461484536398,0.9358688428563438,0.44171458798096086,0.34657834693013806,0.5178067518118074,0.01267551820878258,0.13985765332740913,0.544955612498025,0.37501919268707373,0.3408515598520255,0.5364759052857693,0.6093999429074463,0.544799944133234,0.6696211876159189,0.45818988874716254,0.5222931400932367,-0.138406413043064,-0.5395890088724884,1.0,0.24326057494890385,0.5027666655006537,-0.2752073765022931,0.3990157253848961,0.5499435673823879,0.6749371878777319,0.5544714381041494,0.24934280782668822,0.43803472623054324,0.4568233830385839,0.1799353870919421,0.34892754835193307,0.2824889678575539,0.37244060112661825,0.06114738914027505,0.8410056890246225,0.8221743976266681,0.555768284299999,0.6163499196218162,0.18809421121953837,0.5651010756112781,0.270184821900969,0.5514089047620098,0.1228977326148609,0.25980094406077947,0.12732235636438524,0.16510257333855394,-0.23073273222803312,0.6902967448426665,0.39460047819049643,0.3859871568804797,0.02397392647377488,-0.03113399250488818,,0.7464471998522693,-0.5994718814304321,0.11344949431423035,0.7503116908266868,0.8229681774266534,0.5869228295539256,-0.4796810065158446,0.5141009265255329,0.5241528873693425,0.4338820800058203,0.21970129897384205,-0.003038735616963553,0.2878014989998271,0.5430987081451841,0.2635874618969589,0.6310962641777008,0.0721979094446786,0.30742882878052386,-0.20336212295838568,0.5682878133912012,0.19975550745117635,0.8837144039280781,-0.045883688924689504,0.3317441190168053,0.22322717784033097,0.5615841965857732,-0.21017795057823296,-0.4501212391347922,-0.3836818210643515,0.34328258682746216,0.1687495113122652,-0.17943934696844435,-0.07602483087565973,0.49585680545241145,0.37357045616255535,0.3264442895410861,0.5159288141505153,0.2619596498232218,0.1608726993466719,0.4601621019912953,-0.2615896892413049,0.5705149335183282,0.5643711984839356
