,BTCUSDT,ETHUSDT,USDTUSDT,XRPUSDT,BNBUSDT,SOLUSDT,USDCUSDT,TRXUSDT,STETHUSDT,DOGEUSDT,ADAUSDT,FIGR_HELOCUSDT,WBTUSDT,WSTETHUSDT,WBTCUSDT,BCHUSDT,WBETHUSDT,HYPEUSDT,LINKUSDT,USDSUSDT,BSC-USDUSDT,LEOUSDT,ZECUSDT,XLMUSDT,WETHUSDT,WEETHUSDT,XMRUSDT,USDEUSDT,CBBTCUSDT,LTCUSDT,AVAXUSDT,HBARUSDT,SUIUSDT,SHIBUSDT,DAIUSDT,WLFIUSDT,CROUSDT,SUSDEUSDT,TONUSDT,USDT0USDT,SUSDSUSDT,UNIUSDT,PYUSDUSDT,DOTUSDT,MNTUSDT,CCUSDT,TAOUSDT,AAVEUSDT,USD1USDT,BGBUSDT,NEARUSDT,OKBUSDT,BUIDLUSDT,ICPUSDT,USDFUSDT,ASTERUSDT,MUSDT,XAUTUSDT,ETCUSDT,PIUSDT,ENAUSDT,JITOSOLUSDT,PEPEUSDT,JLPUSDT,RAINUSDT,PUMPUSDT,APTUSDT,ONDOUSDT,KASUSDT,HTXUSDT,WLDUSDT,KCSUSDT,POLUSDT,PAXGUSDT,SYRUPUSDCUSDT,USDTBUSDT,BFUSDUSDT,RETHUSDT,ALGOUSDT,RLUSDUSDT,TRUMPUSDT,GTUSDT,ARBUSDT,WBNBUSDT,QNTUSDT,ATOMUSDT,USDGUSDT,BNSOLUSDT,FILUSDT,VETUSDT,HASHUSDT,USYCUSDT,FLRUSDT,SKYUSDT,FBTCUSDT,RSETHUSDT,KHYPEUSDT
BTCUSDT,1.0,0.7180074151235699,0.09766772903181828,0.649154515783103,0.8526301039686548,0.7844541040997843,0.12278525463270815,0.6773583335626984,0.7276615844106393,0.6647311991889713,0.7833904521189994,0.5540529016150062,0.5690518831744042,0.73103173130814,0.9527046648341995,-0.16401014266941313,0.7212272528168107,0.7537592496791399,0.775109288392245,0.25616512811463255,-0.07501884218676419,0.3961286230622042,0.49666523152089975,0.8086171773819782,0.7168788692537973,0.7265067525730721,0.35659597513213387,0.13599838338707795,0.9533554038358765,0.7018145980021859,0.7522511153198115,0.6821251008175855,0.38639360656914207,0.13226715077813128,0.2861138344113027,-0.3971405665457968,0.7263928187067478,0.2414470582285835,0.33850282555555317,0.10249875582958663,0.5515922264639731,0.4496262444035841,0.29458476795165045,0.5195440755225867,0.6555417325212561,0.5141951666248167,0.37838736977369236,0.7718623758190591,0.3037287055051098,0.47163881261747154,0.4926190483151763,0.6867993445925483,,0.1417470261426188,-0.12182086241850822,-0.42099525280751265,0.07298000510201576,0.7763651980800284,0.2833872451150444,0.585638318333759,0.2688846594049604,0.7825008755628825,0.6073872515971923,0.8294162714236633,0.2876026124335631,0.4984031336850412,0.3691263442279218,0.7102308571281334,0.6251930088634953,0.7280608541646885,0.576677418065131,0.6377953195593473,0.5748934835625731,0.7025936321433607,0.3416927843364617,-0.1405557643316144,-0.5262168106369903,0.7202700125311453,0.5327658464049575,0.45115053001729283,0.5000562057059597,0.8379193993867716,0.5477763209577172,0.845123974648235,-0.12777626541945125,0.5433534163135681,0.35110781748522296,0.7835458555095841,0.43010621089723894,0.721191453136216,-0.6844332012864212,0.16134970307581722,0.8005596559212242,0.8168143463627038,0.9161535210068901,0.7371444107081443,0.756349195668337
ETHUSDT,0.7180074151235699,1.0,-0.06794006307891481,0.8970963277227518,0.8417702832872075,0.963087584847227,0.43921924024672127,0.4093402191179692,0.9995791194590067,0.8278092232036376,0.8817417306760267,0.25010941954332966,0.6464146254079927,0.9993671868902856,0.712204232616253,-0.13881724142287868,0.9995856841818092,0.6730251158900247,0.8293788273835868,0.11431222065485133,0.05649788040705814,0.8690699711839219,0.08130632400198151,0.6401706070914347,0.9995326121845495,0.9990796469743954,0.16858756132637867,-0.15065931539092733,0.7351375574533348,0.8173467984581196,0.8812332688971504,0.3312169059797254,0.8274052320574824,0.6128403879690849,-0.05344287366031272,-0.22363315259162714,0.7003334753910995,0.03651717582321889,0.7463806009279056,0.25960955092480253,0.05891871108488683,0.5483335261343055,0.10298089514209272,0.67904434809566,0.5304898106707502,0.8184052155229438,0.2170189642263879,0.9347141765154111,0.1142211691873735,0.40783609794780423,0.7078078852434739,0.6921463410726162,,0.38460825493560075,-0.199807230164857,0.039972283181398345,0.035582839818335266,0.9510409471561684,0.7401393436890771,0.3750137334463515,0.7410531099870571,0.9641973920333854,0.9420893928637005,0.9577073212584478,0.8087377618332279,0.8429700832865931,0.36016419988470816,0.848780628601571,0.7657893231979213,0.7752928011747814,0.7494662228779152,0.460154824485455,0.7123371436757928,0.932659620889469,0.6010992522996029,-0.3764848291456263,-0.539070813198623,0.9993402100474563,0.35328755707531384,0.07564801199381568,0.5911216768578673,0.7145124598835682,0.9145645025051998,0.8413962256889773,0.14917182563269085,0.4790099100285389,0.4895825659372411,0.9664333108869821,0.5483499688001622,0.9727801465292302,-0.3630481380605079,-0.008348213877553808,0.6568769295339767,0.5275388860124554,0.7162784955382469,0.9988864578794625,0.6376183391985257
USDTUSDT,0.09766772903181828,-0.06794006307891481,1.0,0.06480238443466642,-0.3103867977719836,-0.1546772820666556,-0.4104584243853794,-0.4774278034161718,-0.061573025399482305,-0.4451718919660086,-0.32322157500796606,0.6405628683665865,0.3007476281860658,-0.06836265093104003,0.15531409351525297,0.8278724001131772,-0.08845678195481485,-0.21325382648823868,-0.4245349055844179,0.5919440824773344,0.8478074931294068,0.1861236106693325,-0.5193090494268153,0.1301605125518402,-0.061595833954549505,-0.03851328857396017,0.15728971066071804,0.8222364418440883,0.08417256768060698,-0.5390278516037519,-0.2063221245699568,0.06765559310518598,-0.39089834338449986,-0.5658121962312542,0.4561921532512994,0.5226492172974185,-0.08574672925898472,0.84588525706074,-0.23809279013234655,0.7599630043936177,0.5220448825612777,-0.1658028536211753,0.39810605625370205,-0.6039472776733738,-0.49555355334996687,-0.24647760977360106,-0.49076132502484354,-0.07892614024665848,0.7855477319849234,-0.3475195490944998,-0.7178553505754217,-0.3595370608398191,,-0.6474889210154158,0.9461914334404858,-0.0323145912200648,0.04146051333283139,0.1688558855412017,0.22764347823692327,-0.3175629994893689,-0.42911811501053665,-0.15649966821883637,-0.3771456076836077,-0.09257924373524387,0.16024853845117024,-0.25729935358722933,-0.8252582769565721,-0.4801347801485399,0.0322031553418874,-0.42082972946031094,-0.6286171277991219,0.3221923179589375,-0.6508537066633092,0.21575421172490783,0.4999165756748467,0.6894146686756336,0.5780775802188126,-0.046372860050422265,-0.4136868691186405,0.4991117671399086,-0.6130717405834055,-0.2381736229472411,-0.4113269572590391,-0.31947642140281474,-0.43658556334803594,-0.7203143521819901,0.4379651447600766,-0.17234434115164762,-0.7914732783149946,-0.22291935218058576,-0.5542771396865004,0.10706394462379107,0.08977105640567049,-0.29391631755590475,0.2918220462903044,-0.03880353454145217,-0.23730014201966884
XRPUSDT,0.649154515783103,0.8970963277227518,0.06480238443466642,1.0,0.65987357309077,0.8938870209001301,0.15467753700048037,0.2697102443496963,0.8995104581073736,0.799951205169811,0.7539399665737975,0.16479529492640504,0.6724388383745786,0.9014378195314356,0.6621739914618033,-0.13658904055176804,0.8939532835746454,0.6094401186084196,0.7252322234579172,0.24246580368594506,0.06282978257370993,0.7751901864353962,0.09044474187932337,0.7710032700091172,0.8938124376529641,0.9023042870029748,0.1997137350119419,-0.15486411934924352,0.6601429170544534,0.6812846647656062,0.6374939640740603,0.5325831872164615,0.8035945677872028,0.5612314475783097,0.17904224595113516,-0.1951349369587078,0.811305515433815,0.04993321544388414,0.432950139367867,0.2347988086149722,0.03279414326733192,0.4567290799015972,0.26875618388279615,0.4710811526432487,0.38660396058827123,0.8544430173189901,0.2790892210587537,0.8781218415166835,0.2371808473266629,0.2625089460326042,0.5338305128541995,0.5334279866999938,,0.3429500617919275,-0.0788269104552483,0.12013970122388344,0.007318914109600712,0.9154618896392991,0.7813088490451715,0.0937261107624546,0.6757456567436494,0.8956093472190897,0.8232547219491223,0.9038530647748904,0.8241921543825549,0.6096668550501044,0.28332837421480145,0.7583731095686274,0.587943785533912,0.5709507703068883,0.591625653811976,0.35808923714321367,0.574987647129464,0.8419641928298546,0.4451416899930436,-0.37699492856115957,-0.1970917794309128,0.9008574575181115,0.45914718088117806,0.24897699038475077,0.4469960687779961,0.48739374576588657,0.8162386755118383,0.6576033293799093,0.18699874173129238,0.28759067225618606,0.38503826194868684,0.884516693553888,0.39263331621333264,0.8883692505751563,-0.28720889438039765,0.08759972512011695,0.6857017934647851,0.37946840166124307,0.6944151864518555,0.894175925300838,0.5750427016666805
BNBUSDT,0.8526301039686548,0.8417702832872075,-0.3103867977719836,0.65987357309077,1.0,0.8796161354782657,0.4562572107174922,0.7497225520097027,0.8448486668378906,0.8493969813592133,0.9317486964646408,0.283376740372212,0.443245202207432,0.849280340148246,0.822534639978326,-0.3787483329486815,0.8515279966925146,0.7440361153139922,0.9460955627741403,-0.07445747112611698,-0.3086712932244845,0.5091429780401489,0.5106707966562601,0.6525761647607522,0.8423767435684688,0.8345896619055354,0.3233324339116597,-0.2505850654565592,0.8665753371029697,0.9343698142603248,0.907935127647284,0.48499012652770535,0.6090767547252182,0.44559044072115667,-0.06701283891761821,-0.49993678899517247,0.704864602560237,-0.08196096652126081,0.6357971585596758,-0.1011267848826246,0.2527310608655506,0.4830739299507748,-0.023134023302123764,0.8077643853462745,0.8522044151944732,0.6340996091191214,0.42765976783750836,0.8689863731110881,-0.09905769680054312,0.6804557771995067,0.8249706479799681,0.8865358326644328,,0.37027879466552555,-0.48301270760760445,-0.35423278779326783,0.04716814656612579,0.7538460941249069,0.3098589433784554,0.7474430692959079,0.5333467544654427,0.8799251667561385,0.8544855501182094,0.886296016348884,0.37246968481481063,0.729820429496314,0.6364869092132961,0.9081235789571522,0.6823894511291859,0.9221025557134002,0.8892782094221942,0.4684819103054329,0.8771479232281931,0.7093128537290169,0.3423183121174217,-0.4741695013247333,-0.8176006050088599,0.8349702800577429,0.5493106538427958,0.06738464683775996,0.7836743116903269,0.9400167455284284,0.8021359036371428,0.9997568955007257,0.08751264807861561,0.8122327232204405,0.25209860280395946,0.8923302541198506,0.7303948915409322,0.8751545573469262,-0.4400764415714963,-0.05862794974492808,0.6794928599482221,0.823764111224408,0.7416534213055346,0.8440752660521303,0.7423483690580327
SOLUSDT,0.7844541040997843,0.963087584847227,-0.1546772820666556,0.8938870209001301,0.8796161354782657,1.0,0.37469760679303565,0.5565024995458799,0.9648354811559356,0.9049014532231946,0.9099536687210866,0.17111415713678452,0.64518465839593,0.9658126361793896,0.7793817416783189,-0.33743112542977627,0.9660690718673405,0.7916638059589346,0.9091816083101665,0.11380091753555979,-0.11336282400651342,0.7284559324966379,0.2948472682273112,0.7519544376027132,0.9589452611290881,0.9614223849806751,0.15712621849245487,-0.17029652047331703,0.7954681850971521,0.8747132099938191,0.8884205885199249,0.4935273123292296,0.844598824716871,0.652251482936943,0.014559719340970955,-0.3135962250875343,0.8065762533637627,-0.015960586940804048,0.6151161525937452,0.08848536357872044,0.05297203240354892,0.5811892074809993,0.20148403271503307,0.6857255710390432,0.6063203062469307,0.8287466893239893,0.44139415778806784,0.9316194042093903,0.1000047491502596,0.4039703221978062,0.7491096550639429,0.7093898058271972,,0.49709403958723425,-0.324780911350579,-0.01757453973508205,0.03037709660839065,0.9302448485228266,0.6448492875295251,0.4037037530298179,0.7660577387904368,0.9927443173653249,0.9278010240800342,0.9920287716540979,0.6933249368905194,0.7662334919411444,0.4779677861857848,0.9290244513038997,0.7783672681127508,0.8042014925297141,0.7827396412937401,0.491230839367752,0.7496198412780687,0.8561570555312656,0.4025312058450972,-0.3769715665787601,-0.5573709955739387,0.9594575615104777,0.5627847713575359,0.1890979722527153,0.598601763251799,0.7632159793405423,0.8996616659100956,0.8773488664854433,0.23249043071498351,0.5561894803813158,0.35866588702015706,0.9919792458238924,0.6503300872530209,0.9656953220735927,-0.309194514262815,0.12968063910096422,0.7566315159273955,0.6588345845344943,0.7648260185888842,0.9640854630287268,0.7725958920222988
USDCUSDT,0.12278525463270815,0.43921924024672127,-0.4104584243853794,0.15467753700048037,0.4562572107174922,0.37469760679303565,1.0,0.22629649855335834,0.43267893371676625,0.3058308120193502,0.45658097240181755,0.03652676623059797,0.045686510935299705,0.43264224884056374,0.08087797297214579,-0.07027477111978529,0.44557758464624464,0.15761539647348402,0.3580999157281773,-0.27783030050803825,-0.08598349599965412,0.4424630749646977,-0.08516726481613736,-0.16590960675164368,0.4443538248983861,0.42527992935884784,-0.05456917562482217,-0.35924282098474064,0.14863152175880967,0.4819085886355897,0.5010040536708971,-0.35630705352232833,0.3746603399058072,0.34453176513440076,-0.4526462931889318,-0.2297820896902434,-0.046122163156252886,-0.3105420843642666,0.7642596714099548,0.05815785157777205,-0.12534598906085231,0.2766735102071047,-0.4173555305855824,0.6326563613736842,0.3446601971535027,0.3051887726608957,-0.16895391561595033,0.32627904540619634,-0.3494667748547296,0.3702833749832083,0.5848963342853768,0.4396294031302909,,0.22410789168923312,-0.34213758729140953,0.05787038620525901,0.02214702234250773,0.2544944817602507,0.21344665088768758,0.4091527597515504,0.35947211557759945,0.3347657392821703,0.5337772230833203,0.287694654100128,0.31655780001410444,0.6669230028828458,0.35401149928600145,0.3773343720241331,0.28145634573146355,0.5342013928884786,0.5437331219296556,0.017630162513431337,0.5343243440348269,0.3670451973814843,0.38453711760701853,-0.4095602716346121,-0.6452031030418233,0.4333015479179163,-0.16337595934988397,-0.49896685594633655,0.55886294139196,0.40188759365644683,0.5340476337713831,0.4636024683125499,-0.009783277237866473,0.49715090203342327,0.283703561346858,0.3575981686342851,0.4592073796557833,0.4474437047694981,-0.04862401195521515,-0.31868008888086646,-0.03153298550472074,0.2089414069535005,0.028092941839666038,0.42588682741175116,0.12932473741960948
TRXUSDT,0.6773583335626984,0.4093402191179692,-0.4774278034161718,0.2697102443496963,0.7497225520097027,0.5565024995458799,0.22629649855335834,1.0,0.41814891064912507,0.6070740251864434,0.7253182729681366,0.1771067391862397,0.2478616004691056,0.42455791901794304,0.6532582803354215,-0.6534029382243575,0.4250365092405404,0.803267847103999,0.7207764704732222,0.033864965967422604,-0.5743301247483836,-0.04606657527752475,0.8158092512992932,0.47884827540269037,0.3988480685918806,0.4064354082517823,-0.04223582875398208,-0.1926351800973845,0.6786072033640421,0.7620180845427285,0.6077661351496892,0.45883577056984587,0.3686825647755028,0.22612431376110703,0.12480719654047788,-0.7465623827856093,0.44312542215336487,-0.3407271363371453,0.26007119846318066,-0.35127485090326793,0.27811950385276607,0.5741370118436077,0.18236671075560507,0.7313902379158876,0.66814755391229,0.442085927184093,0.5788566574096552,0.4217865693565996,-0.05100552887621667,0.3554766323926223,0.7121345940418893,0.5623610414575977,,0.49490672566064836,-0.5879520651770999,-0.2804129291034107,0.07247986854838018,0.385135387596506,-0.09583513138839621,0.5766936604750764,0.2570963305768676,0.5538675876468511,0.4977223047574956,0.5641886924839797,-0.09167564147575274,0.4591087264410198,0.7886783849082102,0.707703617442921,0.3474126409702038,0.7755192084910669,0.6422936550102663,0.3837103113467149,0.6841309442447857,0.29506402446832164,-0.22052047982829628,-0.3145568435993241,-0.735090884842672,0.4011313017508041,0.6182421948488245,0.22860206322206178,0.6614586440458308,0.7483379898402727,0.49306169753430407,0.7431395001306456,-0.0687759271639921,0.8441005372383314,0.07877488234291155,0.562435318860849,0.7896419910355078,0.5330232119117096,-0.28041756304599524,0.33935528653618907,0.5617397173251683,0.9341723289663295,0.5373641132270727,0.4178002557132934,0.8288889494371164
STETHUSDT,0.7276615844106393,0.9995791194590067,-0.061573025399482305,0.8995104581073736,0.8448486668378906,0.9648354811559356,0.43267893371676625,0.41814891064912507,1.0,0.8257310710034558,0.8862456140266776,0.26271166719273664,0.6527238055429913,0.9997443925586798,0.7225110370240013,-0.13840507742566113,0.9994515002546585,0.681953718838901,0.8305773009831707,0.12721457250154947,0.05676718855477103,0.864210603385228,0.08998709468650462,0.6486191501094772,0.9991911613653164,0.9995204176750021,0.1668558260401017,-0.14365908339479358,0.7445753773718363,0.8190775831918067,0.8802759380622966,0.34114061918854716,0.824214858557969,0.6025823198480926,-0.038009464428930106,-0.23439093030499933,0.7035277018813676,0.03784822703902251,0.7401225961520065,0.26337432399686933,0.07343483020010812,0.555805279529781,0.11438499595986197,0.6812327252022573,0.5305550909845134,0.8220927022777428,0.21771091584154023,0.9347822745218757,0.12700162611156784,0.4043601464568251,0.706634708948923,0.69127112122466,,0.38212209373125694,-0.19431296694428005,0.03701608337349966,0.037491461463359375,0.9553314538961268,0.7382082145595787,0.37391352222856733,0.732495897993589,0.9659378471294077,0.9399591047889999,0.9608262759976685,0.805456363651642,0.842310148927332,0.36347096592874095,0.8493659331568347,0.7622882590582649,0.7788583503864378,0.7468944005580131,0.46693699566824964,0.7119209227062974,0.9358445629495002,0.5979283968008228,-0.37341465459567896,-0.537612982466644,0.9995407021147482,0.35681429402415726,0.08902286174714459,0.5933341397084405,0.7177143646643633,0.9131478139085447,0.844150689488833,0.13577817650994295,0.48209084498535987,0.4966363976588572,0.9679213033111401,0.5483190263727485,0.9743273624189446,-0.375377289659168,0.0021243309340515564,0.6651340078502911,0.5375028085460396,0.7264181691025788,0.9992696212124075,0.6466204713288489
DOGEUSDT,0.6647311991889713,0.8278092232036376,-0.4451718919660086,0.799951205169811,0.8493969813592133,0.9049014532231946,0.3058308120193502,0.6070740251864434,0.8257310710034558,1.0,0.8621178956457849,-0.12215467379848048,0.43016181919832785,0.8330632862814428,0.6420235302667063,-0.5973282167071291,0.8374929489662706,0.7071927667482361,0.950506062752399,-0.14019140737940322,-0.45040731964980346,0.51122070825408,0.5015235118514276,0.7182530698456592,0.8232784655384514,0.8155713751156285,0.2445153616012931,-0.48625500389412835,0.6766054832298981,0.9224259007915122,0.7585878706813518,0.5759418017696492,0.829783504440243,0.7381389818920155,-0.07511276552293791,-0.4385786748503896,0.8543540418720135,-0.27094767172134193,0.4623293508007799,-0.2798319655660982,-0.12179991764130206,0.4353014169963676,0.03554909280891922,0.7116505163427795,0.7516849311786864,0.787861910428224,0.6351306579943251,0.8711880648533049,-0.2133926681502311,0.5463920075695707,0.8417413115139172,0.7719771732023135,,0.5964396788583729,-0.611319219066665,-0.10281605397212332,-0.01182689384042872,0.7257988896227238,0.4490859950620939,0.4453947803346746,0.7757690693409981,0.9054119004266831,0.902563063951383,0.8933995892068047,0.5094978287304207,0.613691098715587,0.6932498945127652,0.9706418356099423,0.6052864697424206,0.7762301238931497,0.8935629245958511,0.2596539850173096,0.8758021676780908,0.6114720773279976,0.11569467866129474,-0.628634408567571,-0.5719473965059666,0.8171721019895506,0.746831636379914,0.04322126338688484,0.7127313379651191,0.7076072834221553,0.8808993039809307,0.8514977036512541,0.4258225968108603,0.697797397049177,0.026088474688169955,0.9062886234614086,0.7774517614414095,0.8902070280691974,-0.06132491380186188,0.011704903598882758,0.6601625587790637,0.6292201480248939,0.580392238920762,0.8162422202920507,0.7058318921163843
ADAUSDT,0.7833904521189994,0.8817417306760267,-0.32322157500796606,0.7539399665737975,0.9317486964646408,0.9099536687210866,0.45658097240181755,0.7253182729681366,0.8862456140266776,0.8621178956457849,1.0,0.25791473718373154,0.5404866691637275,0.8910446057964637,0.7645195170190129,-0.40028749843738576,0.8899224735171636,0.8197326831000188,0.9024293839563097,0.09142888306440757,-0.26478274682359626,0.5802562329174484,0.43587239689700386,0.6310799816622178,0.8765919107525629,0.880110584571934,0.07862083455051239,-0.2959412817251873,0.8002158804954641,0.949840581368316,0.8486554343118765,0.4161677188375548,0.7599994426251364,0.5103896764962619,0.04099948585686272,-0.6036776323765458,0.6628677083342337,-0.24743698669382513,0.6573170658267675,0.011555534292408635,0.17288422434779954,0.6670753936112668,0.10676854524816527,0.8810652263140635,0.682728415898485,0.8288559848844108,0.35422080578590043,0.8343673855576891,0.020442474899709816,0.466376457490866,0.8707596702048127,0.7519082495178337,,0.49421845194405417,-0.43302922217764944,-0.06618544574616328,0.05668623935199342,0.8230028673590306,0.4736594511076878,0.4977913956598196,0.6039833710814074,0.9115425230136354,0.9102088096059406,0.9085055471572476,0.5374548070354531,0.832070759686167,0.6886704766199145,0.9172157933615593,0.5937330451873811,0.924977422694548,0.8521050925246699,0.4200361029050542,0.8684154845940616,0.7829733673171688,0.30348015384778393,-0.521303802148717,-0.7192661221097854,0.8792112018244714,0.4930378872956805,0.09810149491857524,0.8094336052731248,0.8121055772011269,0.905744610624553,0.9291224369774214,0.0024978527274927415,0.7803704483792346,0.40473403599496804,0.9179277332135527,0.7762622640793659,0.9448059109872579,-0.38078787899951383,0.10827249571872384,0.673455361644647,0.7825536444543426,0.705046981000518,0.8808508284271571,0.8007446315032329
FIGR_HELOCUSDT,0.5540529016150062,0.25010941954332966,0.6405628683665865,0.16479529492640504,0.283376740372212,0.17111415713678452,0.03652676623059797,0.1771067391862397,0.26271166719273664,-0.12215467379848048,0.25791473718373154,1.0,0.41101051321827314,0.2622037059972603,0.579050538530313,0.5919571165730831,0.24124468493950357,0.24652961504928164,0.024074904689888994,0.5871139759018388,0.5430168212364112,0.249239308562728,-0.08800137831714143,0.24974644772674448,0.25469976064510963,0.27852505837242325,0.1315983009571994,0.6152629786414073,0.5554775724830286,0.03255152179349403,0.24423546371998092,0.1339927913076791,-0.22292066815343348,-0.5859080899883153,0.4658576876886412,-0.14503423812277308,-0.0031179119724878183,0.5129515336910694,0.20593250854484285,0.6849026543848262,0.8815584760405223,0.27403353510521594,0.2915972417890762,0.10882923137579441,0.0059418939227306854,0.05856697972499409,-0.4541653970102063,0.19648130990879598,0.6969205395155933,0.03220341201672187,-0.13339946312589698,0.12245729974427455,,-0.4716915190071511,0.5973793568251049,-0.2600155709115138,0.12357051858202864,0.4204461836891419,0.1426666271940887,0.2143985674834019,-0.41524985886129845,0.17212161056005032,0.01835575683893652,0.23684106829912271,0.12384070186084348,0.2654815841205758,-0.23218806718902005,-0.05731808314974891,0.1562517935584658,0.24883896337129396,-0.11157355318297392,0.5333285698975019,-0.07065655384925032,0.5113738620074598,0.5805139467577859,0.3345945795044094,-0.11791131694717297,0.2710131249115986,-0.3051919980084974,0.4302893252459263,0.06596165985856536,0.3427809780885855,-0.007997077748174873,0.27200061933371317,-0.8074218731286968,0.010105278824893316,0.7320583578617968,0.1744048445788436,-0.2428631008034571,0.18841084927686705,-0.9487112844192375,0.10985183368473884,0.3221150298778792,0.34870049809229575,0.6148812583385365,0.28246555179302,0.21921765021579612
WBTUSDT,0.5690518831744042,0.6464146254079927,0.3007476281860658,0.6724388383745786,0.443245202207432,0.64518465839593,0.045686510935299705,0.2478616004691056,0.6527238055429913,0.43016181919832785,0.5404866691637275,0.41101051321827314,1.0,0.6545316649491492,0.6004151110815339,0.05848780851127401,0.6394749506506647,0.5924914437729655,0.42275144292101613,0.4989348563985869,0.30110902665112815,0.581953559209273,-0.008916544432996835,0.5620733709059985,0.6399815665755715,0.6635428934895458,-0.08228249780458909,0.27513651907799297,0.5701620620265145,0.39608815115593937,0.5183282634756243,0.3175597871911909,0.5127802564192986,0.23514721854978268,0.30672217802772284,-0.10495040789985398,0.4616839108423671,0.23354438037759404,0.33583322384676956,0.4660334216293049,0.24041588649659473,0.5418227740360473,0.47927415803663315,0.2920654774269682,0.07608869234829972,0.5940357327455471,0.08573105523141239,0.5506154679442121,0.5448571964297881,-0.0800876999430785,0.25412924488892186,0.2113192038610249,,0.20331339716235897,0.20285230290476447,0.1858774069392807,0.0698598277039153,0.7643883852623006,0.6200134536694466,-0.015664260468547506,0.38300952328659893,0.6433308343564687,0.4977028773691816,0.6649680617465731,0.6102755178661378,0.5095442282936682,0.04000540948162388,0.4521731750048261,0.5178752020498248,0.4078293632390153,0.22735532206919953,0.5167514415469737,0.21602229705272186,0.7304569321213567,0.41392592871054606,0.07721416456510549,-0.11784515879327492,0.655796428615441,0.19316354596177152,0.43324835976544895,0.15622436281250787,0.3766135511550281,0.499101545187724,0.4339178886095454,-0.12718075854246316,0.08304054200708,0.5714069725332716,0.6319683202539471,0.18761396668321664,0.6090440599315236,-0.43606469759081684,0.3666869958429528,0.5888902062047653,0.3890147729124386,0.6592731812489605,0.6619454831215716,0.5611646103658625
WSTETHUSDT,0.73103173130814,0.9993671868902856,-0.06836265093104003,0.9014378195314356,0.849280340148246,0.9658126361793896,0.43264224884056374,0.42455791901794304,0.9997443925586798,0.8330632862814428,0.8910446057964637,0.2622037059972603,0.6545316649491492,1.0,0.7253990694296355,-0.1445706194466765,0.9994657300589042,0.683714304690269,0.8354439805284443,0.1245375070111795,0.046286807368312824,0.8591036730347941,0.10017601794486167,0.653142392431692,0.99896127860734,0.9992362466832446,0.1723501815292939,-0.15416368698835545,0.7481295237885232,0.825214550215514,0.8777246560839587,0.3493576230797,0.8242943400526019,0.6004887996716445,-0.033519069453653814,-0.2467691358443804,0.7086738714457466,0.028749364698585946,0.7362709793790183,0.2549748608750419,0.07693639720335521,0.5553312041187216,0.1113536781687562,0.6874822712527137,0.5388103888835959,0.8263558882437402,0.22125855633037178,0.9372444695425867,0.12187686365330376,0.41215027032504503,0.7126046648943597,0.6975285312350421,,0.38260613860033477,-0.20116116121193048,0.03152820117969177,0.037161404956838485,0.9541338301511946,0.7337496913219991,0.3771309204043025,0.7291012982118678,0.9670530354692174,0.9425376382014129,0.9622535416019085,0.8016739276144442,0.8411099497518463,0.37444513049470146,0.853642576360477,0.7548066777587387,0.7834604300759387,0.753567649401614,0.4620586048074599,0.720625720410625,0.9336631246421189,0.5917135625863383,-0.3857320633060076,-0.5398161712823843,0.999337820563227,0.363394000864384,0.08828168345058826,0.6038016522354488,0.7200433150157076,0.9163052656785434,0.848626288155577,0.1330761223837938,0.49162638331034647,0.492271829706379,0.9690649985581947,0.5537812987166176,0.9771217583662033,-0.37679749745579694,-0.0014655427634763696,0.6667678400580622,0.5420590480855695,0.7274162472189917,0.9987622645483397,0.6486023363353101
WBTCUSDT,0.9527046648341995,0.712204232616253,0.15531409351525297,0.6621739914618033,0.822534639978326,0.7793817416783189,0.08087797297214579,0.6532582803354215,0.7225110370240013,0.6420235302667063,0.7645195170190129,0.579050538530313,0.6004151110815339,0.7253990694296355,1.0,-0.13304817498089724,0.7140885815116692,0.7594441015213319,0.7467159416232783,0.31452451942192877,-0.027844845265814308,0.4025438103285523,0.4709806671363069,0.8239766840951275,0.7103356893918186,0.7231255393936593,0.33243400937563805,0.18855284481320783,0.9522902875116872,0.6686699983175062,0.7320826307067071,0.6917607195396732,0.38100095652860716,0.11142674919990159,0.33219337980744607,-0.3738890419793629,0.7250314665637806,0.2773139218720832,0.30992927170928214,0.14899428157528385,0.5686955794947038,0.46229982669644204,0.3498260877434121,0.48177512372842085,0.6044109819773524,0.5180802940931668,0.36381105451760015,0.7590507494296601,0.36946047497180023,0.4159270652168725,0.4499267397040205,0.6427266080115617,,0.12829902407104515,-0.06474738777688933,-0.39030475041232715,0.07578158152748084,0.7918862176283414,0.30949655724705644,0.5336844942586311,0.2562156210363935,0.7771075957666544,0.5842942165689665,0.8273588510869311,0.3063419893711033,0.48234924231561505,0.32600336437497185,0.6852751811459906,0.623037190338305,0.6976231903496044,0.5288021723795653,0.6581127729777725,0.5275105305361466,0.7151404895510756,0.34814660049224433,-0.09184825803122709,-0.47420357583361394,0.7159147373221568,0.5205319148828083,0.50085189306298,0.45339825601423495,0.808174815383943,0.5276328624917225,0.8139272898103762,-0.14999740806218714,0.4919275495633764,0.38153037375829285,0.7759313078935052,0.3908163229686027,0.7099607676023241,-0.701547062050445,0.207096335223863,0.8149158363424908,0.8017142278807352,0.9330535708462895,0.7331904393120896,0.7603367203172482
BCHUSDT,-0.16401014266941313,-0.13881724142287868,0.8278724001131772,-0.13658904055176804,-0.3787483329486815,-0.33743112542977627,-0.07027477111978529,-0.6534029382243575,-0.13840507742566113,-0.5973282167071291,-0.40028749843738576,0.5919571165730831,0.05848780851127401,-0.1445706194466765,-0.13304817498089724,1.0,-0.1576158257669788,-0.5173118123369538,-0.5662063124200132,0.3270158217432127,0.8780790761150512,0.25244429029406124,-0.7712921269254237,-0.2724502086746988,-0.12446611441270951,-0.11845166452979584,0.16093137553942957,0.5886503930680185,-0.1612993046627496,-0.5879493397140706,-0.27602514903096137,-0.35466484045012725,-0.480203017835715,-0.6055146906983726,0.14226934010247264,0.533359938640046,-0.4104075479337777,0.661371037549359,0.024002607731047492,0.7925592555014154,0.4057136880766879,-0.2968912514901738,-0.029929702246387965,-0.4877545402430791,-0.5046254649456331,-0.3573743069279582,-0.8529715216412238,-0.19218667173123116,0.48252072614672586,-0.2017280466455461,-0.6537908479113456,-0.32516953828468337,,-0.7733075241917645,0.8933600006783565,0.0035770034394118832,0.03343963541674755,-0.02396145593976333,0.1666437821757293,-0.23604267657367448,-0.5079809431336958,-0.33418994093684135,-0.37423820420821946,-0.300871487552716,0.16111028437916383,-0.13879703563244802,-0.8220495661567727,-0.6230794162275267,-0.13989346145088433,-0.42627932389696216,-0.5706396770084161,0.07027253947748552,-0.5838536978419386,0.13888110875358037,0.6699175503245678,0.4862834954580934,0.4391239598651182,-0.11809901881967513,-0.7867483123888529,0.03866858971062465,-0.46297733594308355,-0.32286925190808696,-0.3989247294773908,-0.37993795481493037,-0.5275911044323714,-0.6537754836015843,0.4759302686113624,-0.33511299998733074,-0.8140566347785642,-0.2961610534256955,-0.4691796200464696,-0.28723241356438145,-0.2709126316567965,-0.5203976537209718,-0.018774978036125732,-0.12315044383036383,-0.5593744662038547
WBETHUSDT,0.7212272528168107,0.9995856841818092,-0.08845678195481485,0.8939532835746454,0.8515279966925146,0.9660690718673405,0.44557758464624464,0.4250365092405404,0.9994515002546585,0.8374929489662706,0.8899224735171636,0.24124468493950357,0.6394749506506647,0.9994657300589042,0.7140885815116692,-0.1576158257669788,1.0,0.6790134448242511,0.8403754846409559,0.10241979463680474,0.035213932700040904,0.8600647885585817,0.09938973495312856,0.6410078743417157,0.9992925124054205,0.998397796555873,0.16973749982580905,-0.1663187771369753,0.7385167364530778,0.8300945842036878,0.8860786027823087,0.335687437884549,0.8310843563703212,0.6193222432731734,-0.059203230454847953,-0.2390361085588575,0.7043589698479695,0.020368669007668667,0.7479662471145342,0.24045336051496038,0.05527695502205655,0.5509839571551663,0.09545490227729757,0.6924381293824073,0.5458946317544047,0.8211266681469794,0.2302147132557093,0.9367378463000553,0.09851919097964414,0.41934362719039625,0.722861718556801,0.7030363421704616,,0.39544085703356746,-0.2207314779840938,0.03265414795821685,0.035059464370531875,0.9466699311134924,0.729464748373278,0.38739104926172563,0.7448191428841321,0.9671988568759142,0.9481457982081538,0.9600711087519535,0.7990683894266232,0.8457860325488317,0.3801458326258412,0.8595966946458133,0.7643274079657352,0.7864149294290538,0.7636374082670394,0.4559306797133128,0.7275492412700665,0.926601595821493,0.5881586905140241,-0.3906832158553088,-0.5538366611354762,0.9987710177912342,0.36568245833154867,0.06899317691483191,0.6061075742081199,0.7238726715484103,0.9207623309380105,0.8512785280833562,0.15479580736588944,0.498165911827528,0.4786641632095648,0.9698298061993468,0.5656574812148943,0.9765675730244548,-0.3567963468111751,-0.010151647339499248,0.6581769361463715,0.5396132861792414,0.7143137332466352,0.9983606435361343,0.645399350015415
HYPEUSDT,0.7537592496791399,0.6730251158900247,-0.21325382648823868,0.6094401186084196,0.7440361153139922,0.7916638059589346,0.15761539647348402,0.803267847103999,0.681953718838901,0.7071927667482361,0.8197326831000188,0.24652961504928164,0.5924914437729655,0.683714304690269,0.7594441015213319,-0.5173118123369538,0.6790134448242511,1.0,0.7535919869574295,0.33930517381735315,-0.2538231923190974,0.31966683254416284,0.5564968416170833,0.6559572622943979,0.6581767469785078,0.6802135230605445,-0.20821054767221095,0.0032332163345015793,0.7535656737977887,0.7722888696205523,0.7288971659025887,0.4796690046881196,0.6591094969456189,0.4155108523751012,0.25593159239473345,-0.5695800382640244,0.5881432212815749,-0.1704268206147068,0.3703412418522909,0.003684889240402153,0.20572311797179138,0.783682781176896,0.4727912021768873,0.6831221666832483,0.4426123654041742,0.7183863664143935,0.5275310956242009,0.5958518256389864,0.2857829256094271,0.08970392126444196,0.6737485540662007,0.44952036915299304,,0.5939881446993012,-0.3368856629504058,0.0503089467068944,0.07677588880875627,0.7278241786095844,0.3526796639572087,0.2907629154705307,0.5171904523897382,0.7875903211731367,0.6635105892913982,0.7982355890043887,0.3461043158986266,0.637487809355091,0.5982595026931221,0.7925998675791255,0.5733699253151688,0.766069323446281,0.5720573989771118,0.5514059269213115,0.5893668390028887,0.6254578077076253,0.010961446179852176,-0.15891941737473878,-0.547838470826655,0.6711185429404615,0.5903093196968581,0.42083979013203526,0.5132208946465946,0.6886766297676916,0.6763994119030858,0.733256386276213,-0.02962426201501977,0.6103722294889418,0.3736877493763342,0.7836788054654013,0.7168061737158126,0.7440913521268077,-0.3243789932835385,0.5664283389994261,0.7487757000477823,0.865977769435534,0.7223686207667069,0.6860807989731672,0.9560311409230582
LINKUSDT,0.775109288392245,0.8293788273835868,-0.4245349055844179,0.7252322234579172,0.9460955627741403,0.9091816083101665,0.3580999157281773,0.7207764704732222,0.8305773009831707,0.950506062752399,0.9024293839563097,0.024074904689888994,0.42275144292101613,0.8354439805284443,0.7467159416232783,-0.5662063124200132,0.8403754846409559,0.7535919869574295,1.0,-0.19318299546665463,-0.44649126830913644,0.47237329558132657,0.5735493871711588,0.7175000235253367,0.8267752892206296,0.817479488279357,0.3019605034946355,-0.3861441133188347,0.7859561045643002,0.9531641603797018,0.855140754943344,0.577636533854525,0.7320078650098306,0.635487846528848,-0.0916771537263689,-0.4685834372750772,0.8240774687573077,-0.18295231726823713,0.5203205551677704,-0.2701720475314827,0.033926499324005786,0.4470472589342756,0.011141019033191746,0.7567099521831555,0.8481853254700539,0.6987859018282672,0.626944457373567,0.8814471641858836,-0.1979995721731192,0.6381971245440987,0.8549456046064624,0.8543479039802697,,0.5292838402190266,-0.6137665446390912,-0.26434767493044115,0.010660967785753315,0.727833054139721,0.3436691405479392,0.633435456948614,0.6900713679878238,0.9086611578200658,0.8835834755113338,0.9054076763522261,0.40075432871041017,0.6451885928970348,0.6995148184986736,0.9778753834679418,0.6772625076552954,0.8594444096716951,0.9197513824933363,0.37216242646006154,0.8976287504505908,0.6284659398537956,0.16979091157300127,-0.5536755756626478,-0.7190151067832754,0.8182097865346047,0.7296472426273508,0.06793585673243913,0.7460131197439215,0.8535123195113059,0.8402582381428895,0.9472359129187441,0.3319209078262257,0.7826346210428664,0.06559723138356845,0.9151869506926013,0.7955968869219305,0.8810604535811616,-0.2079892872958052,-0.004098799738876843,0.6981520954157753,0.7633454945618381,0.6676093570148466,0.8246474535431358,0.7593198220201166
USDSUSDT,0.25616512811463255,0.11431222065485133,0.5919440824773344,0.24246580368594506,-0.07445747112611698,0.11380091753555979,-0.27783030050803825,0.033864965967422604,0.12721457250154947,-0.14019140737940322,0.09142888306440757,0.5871139759018388,0.4989348563985869,0.1245375070111795,0.31452451942192877,0.3270158217432127,0.10241979463680474,0.33930517381735315,-0.19318299546665463,1.0,0.5035580686013973,0.15156658033990505,-0.13916289085449585,0.2521469354573024,0.10332804509461192,0.1484074689769994,-0.37817845813254813,0.5946808135911198,0.2467369332590574,-0.12268456239579227,-0.025488632296986453,0.1283544295123197,0.02968935364851424,-0.31885139905332144,0.6458245844173552,-0.09454571954625496,-0.008918886020930156,0.2727773511612466,-0.0992003996064518,0.6451595045991989,0.4572032330390592,0.46096557034474694,0.6924922963190082,-0.07481986669930774,-0.43751600510917826,0.2576960540533019,-0.24624416410746308,-0.022858991965212787,0.8723817780769373,-0.563138202036061,-0.2376054599386643,-0.34039463981448415,,-0.0933259906990152,0.6093177047602072,0.33010069531092856,0.10063037745724807,0.36941667103965564,0.3382859241141731,-0.43108186941485604,-0.1837306840282363,0.11196522924560544,-0.07657918293805721,0.156250478120598,0.26848248177850004,0.12187288477920898,-0.24538192262892755,-0.11224427630441895,0.009689248442659884,-0.02063257640087547,-0.3606552656057632,0.39359260040517613,-0.30917279279005777,0.37053744545036,0.16842756764689815,0.44274251398296066,0.3091258975503105,0.13547332160376485,-0.16186770247838145,0.6256716389207232,-0.21925898344252567,-0.08550606799381648,-0.023969168261266372,-0.09095529473271309,-0.5818328831337087,-0.27858853486369445,0.6468908723827844,0.09247871557579593,-0.2250730169972642,0.09785427616579942,-0.49025480406045285,0.6195726465437155,0.3055417600849188,0.1503476003063546,0.4075604269487849,0.14110622652145982,0.308091427091183
