,BTCUSDT,ETHUSDT,USDTUSDT,XRPUSDT,BNBUSDT,SOLUSDT,USDCUSDT,TRXUSDT,STETHUSDT,DOGEUSDT,ADAUSDT,FIGR_HELOCUSDT,WBTUSDT,WSTETHUSDT,WBTCUSDT,BCHUSDT,WBETHUSDT,HYPEUSDT,LINKUSDT,USDSUSDT,BSC-USDUSDT,LEOUSDT,ZECUSDT,XLMUSDT,WETHUSDT,WEETHUSDT,XMRUSDT,USDEUSDT,CBBTCUSDT,LTCUSDT,AVAXUSDT,HBARUSDT,SUIUSDT,SHIBUSDT,DAIUSDT,WLFIUSDT,SUSDEUSDT,CROUSDT,TONUSDT,UNIUSDT,USDT0USDT,SUSDSUSDT,PYUSDUSDT,DOTUSDT,MNTUSDT,MUSDT,CCUSDT,TAOUSDT,AAVEUSDT,USD1USDT,BGBUSDT,NEARUSDT,OKBUSDT,BUIDLUSDT,ICPUSDT,ASTERUSDT,USDFUSDT,ETCUSDT,XAUTUSDT,PIUSDT,ENAUSDT,JITOSOLUSDT,PEPEUSDT,JLPUSDT,RAINUSDT,PUMPUSDT,APTUSDT,ONDOUSDT,HTXUSDT,KASUSDT,KCSUSDT,WLDUSDT,POLUSDT,PAXGUSDT,SYRUPUSDCUSDT,USDTBUSDT,BFUSDUSDT,RETHUSDT,ALGOUSDT,GTUSDT,RLUSDUSDT,TRUMPUSDT,HASHUSDT,QNTUSDT,WBNBUSDT,ARBUSDT,USDGUSDT,ATOMUSDT,FILUSDT,BNSOLUSDT,VETUSDT,USYCUSDT,FLRUSDT,KHYPEUSDT,SKYUSDT,RSETHUSDT,FBTCUSDT
BTCUSDT,1.0,0.7282161919594096,0.10049441128217423,0.6644675993149813,0.8611249365007239,0.7976913961038089,0.1396304022543862,0.7074629338145687,0.737922192344537,0.6799004520869655,0.8006659651724802,0.5617731013978985,0.7084154812039168,0.7410611003948836,0.9701755518722172,-0.16492335537747385,0.7309579316566911,0.7769071332181398,0.788093113479419,0.2837719098511892,-0.07875474961512877,0.4005977465359433,0.5058129735146235,0.8381303005734801,0.7269675175837496,0.7366460996193873,0.3624389757307,0.13795433632670104,0.9782689706586691,0.7083273956011348,0.7630563598082833,0.6920759682323439,0.39129201305251393,0.13375101109178106,0.3168934513391575,-0.3976166341994486,0.2380930928490989,0.7417313214398359,0.34218896406239147,0.48053580377312843,0.10443711012225829,0.5873364436804727,0.3335881058522135,0.5247187920464694,0.6656584084496392,0.3788534730318105,0.5228432996835217,0.3839195935651327,0.7919041906171771,0.30987495411483396,0.4783983418568025,0.4989246129037066,0.7237923582521906,,0.15002144283789745,-0.4421918930564475,-0.12286780312189202,0.29911157420599815,0.7739423337808913,0.5953867699766076,0.2734543825539283,0.7960236131281722,0.6171808064611305,0.8412992330763593,0.2919840325639026,0.5054865225498976,0.37316507595429044,0.7187264001766221,0.7637226644097028,0.645052830210731,0.7527236759096466,0.5858828903766455,0.5809740926732945,0.6936621541927747,0.33750887964164367,-0.13769121416023336,-0.5346139387870604,0.7259274021511077,0.5419230199250086,0.8654671099121816,0.4894285226225215,0.5115360926498443,-0.6757281060095045,-0.12857657496901456,0.8503179062517591,0.5551938224080868,0.3157830977303508,0.5505205994189605,0.43662490934864906,0.7974613703556123,0.7294580678818691,0.16328660623048644,0.7744547164192495,0.7786898188598783,0.8290084050197845,0.7455213108932176,0.9317426318992533
ETHUSDT,0.7282161919594096,1.0,-0.06793248246800099,0.90530133117892,0.8383512936055919,0.9655548099840391,0.5079291992616057,0.4232600683803202,0.9990460738742044,0.8353564024380904,0.8894082888912166,0.2499469447589541,0.7918887193293271,0.998535605057694,0.7148435086365063,-0.13854887623909692,0.9985534837223558,0.6845280708225645,0.8317250460592978,0.1265730886749813,0.055503089337084435,0.8658397327896451,0.08129049470402039,0.6536110335490597,0.998971130164278,0.9984209321100354,0.16801622858271184,-0.1497743605472296,0.7437335944284373,0.8141757143836008,0.8810323035839678,0.3311171486275418,0.8277723927842687,0.613329434605097,-0.055541403809873185,-0.2218441793539101,0.03689234965629463,0.7045378676957113,0.7435009020066432,0.5799990507354132,0.2588305729100516,0.06535268581557793,0.11040567206047869,0.677751052475996,0.531014684438198,0.14498984849620125,0.8224660039016165,0.21716091751951774,0.9452400230646257,0.11417433996594399,0.4075424347173158,0.7082344874507134,0.7190381896058576,,0.40881563747247657,0.03893754960893516,-0.19987861243444793,0.7728101241594008,0.9340803987812343,0.3767418634360631,0.7413826101765882,0.967075796581377,0.9443678622872436,0.9576060989373976,0.8088276004265835,0.8438705760637777,0.3607803077724927,0.8473140446787099,0.8024559322580348,0.7773505490526341,0.5340704240797846,0.7518330139335901,0.7106641087341177,0.9070997201267269,0.5851970922011337,-0.37126619192620336,-0.5407382751112552,0.9929063102135257,0.35387533195786636,0.7269940512508041,0.07900222490494918,0.5980795184296116,-0.354079644185807,0.14910398295496124,0.8347669458964128,0.9145036693478534,0.4352015244606767,0.4798146223967961,0.5508999442391287,0.9698287214755371,0.97020125779702,-0.008201731136525399,0.6256247818012939,0.6476101090045795,0.5285207710073118,0.9958009872055785,0.717694830580316
USDTUSDT,0.10049441128217423,-0.06793248246800099,1.0,0.06423270145239564,-0.3107255032447252,-0.15605618810292718,-0.4869179342575335,-0.4883920593566957,-0.06163323461939015,-0.4516175385678275,-0.32806287676930834,0.6409251657351225,0.37570570860368685,-0.06863132663771164,0.15653302012844555,0.8275383047610809,-0.08886139239939633,-0.21991183392471514,-0.42676470472814426,0.644026387454324,0.8648823774165179,0.18480679858235222,-0.5253957221244774,0.13138419806192878,-0.0618830848728229,-0.038701935432885116,0.15752157477308573,0.818658037375065,0.08640477216514211,-0.5358679082443758,-0.20618651823378464,0.06766851728219772,-0.393526763394414,-0.5685969778109428,0.4981545223049357,0.5192830343232582,0.8145319747364341,-0.08484894501962331,-0.23642106141883837,-0.18143076247784573,0.7581639676307709,0.5502710802143952,0.4449237675381659,-0.6016923983320035,-0.49929636957391405,0.1551478652099499,-0.2510713498566045,-0.4920266259012277,-0.08205434043798049,0.7916357649083892,-0.34752952574365836,-0.7184862447642072,-0.36883830803426104,,-0.6974410147152231,-0.036824579624468126,0.9413239544043759,0.23563011114157217,0.1684589068149568,-0.3140152523831043,-0.4285636860105455,-0.15790729694446604,-0.37908906086430144,-0.09328341049411007,0.16010576170785978,-0.25807523850795955,-0.8235913899123486,-0.48084118181539287,-0.4314338263407895,0.0345810696667207,0.3716610805955712,-0.6349957386461091,-0.6479483156860462,0.21227797315917304,0.4864595914018896,0.6912221944215304,0.5843040991040638,-0.047556591097053146,-0.418647500304375,-0.2491315955797766,0.5338772153816078,-0.6267875626883949,-0.5407937342514599,-0.4360828075202833,-0.3194759375541653,-0.4115278168480896,0.38806623582913496,-0.7209155080265355,-0.8016586240377892,-0.17435686797296232,-0.22149812230488164,0.10703889189107212,0.08449986120996025,-0.2446482407744996,-0.29430611678838764,-0.039744374658123485,0.29310107313971157
XRPUSDT,0.6644675993149813,0.90530133117892,0.06423270145239564,1.0,0.6636218071081491,0.9050336780336726,0.17874177837388094,0.2829632639430197,0.9076939341729671,0.8156898365764296,0.7686336485529538,0.16599275709913935,0.8301255868399571,0.9093921579067602,0.6707501080027094,-0.13868141676102852,0.901644587239096,0.6267803201608843,0.7346892659327282,0.26716598539887604,0.06185379543294618,0.7792577190105721,0.09246128349402066,0.7954520914459502,0.9018756547237746,0.9103939399615595,0.2001086684935791,-0.15640035284064785,0.674073062609625,0.6861107247358446,0.6432364160261117,0.5378512538618762,0.8124688968647216,0.5673527644417911,0.19823401761976422,-0.1970412947469753,0.0483591934027324,0.8236725180633129,0.4357509697305823,0.4890090770407252,0.23589663234462183,0.03771285786438473,0.3037119671590412,0.476259290687669,0.3906426064400731,-0.016402979572738594,0.8683605743193714,0.28231479020930134,0.8965452549082107,0.2405249724567543,0.2643734586024061,0.5404921447468686,0.5595531091656557,,0.36942624191893453,0.12385136696937378,-0.08111693618832161,0.8242545654025686,0.9077161118332568,0.09606626358486817,0.6826109655804412,0.9071814362101057,0.833714065974948,0.9126068126686663,0.8323041797640511,0.6168469827054122,0.28830698538755173,0.7648644734144707,0.5975801314558273,0.6015288172805441,0.41904436966613556,0.5996566370090092,0.5801795303236023,0.8268385515035146,0.4359258797179002,-0.37689321467913084,-0.19923527786094736,0.9036471514298593,0.4653962843642055,0.4998249555754867,0.2684627935414807,0.4576323592520821,-0.28289485815712234,0.1880741937878944,0.6587233683191702,0.8247740186668135,0.3450773578259983,0.2921605978629804,0.39918385982104687,0.8964037397531034,0.8950514547667685,0.08901866635791394,0.6591153804471037,0.5905786136279154,0.38441068426463637,0.899941936871409,0.7020170570022247
BNBUSDT,0.8611249365007239,0.8383512936055919,-0.3107255032447252,0.6636218071081491,1.0,0.8791312256140293,0.5294457887710348,0.7703473715406611,0.841390503591616,0.8551355790997076,0.9378183673969159,0.28215617236163304,0.539048116834058,0.8456254092621989,0.8225201706176486,-0.37776628218246644,0.8477306872213392,0.7558120814854111,0.9461685558463229,-0.07893722109347906,-0.3166717033631117,0.5048234529392002,0.5138367389345793,0.6647188927977146,0.8389352636619897,0.831082603456515,0.3213321499873584,-0.24911618697378082,0.8731693810443916,0.9277884309064802,0.9045956104271661,0.48337094612364545,0.6077485389294806,0.44460110093997063,-0.0713753863311753,-0.4954693657001476,-0.0787433417522821,0.7059406529438863,0.6311905560743459,0.5114845363037966,-0.10093684131065332,0.26463529682987846,-0.029775154593920234,0.8040354311951284,0.8520123763218054,0.2545636811205673,0.63608649027591,0.4270184135386731,0.8762884898419232,-0.10048007410195861,0.6778303212688507,0.8234641415494733,0.915944477951984,,0.39450854920914236,-0.3640514512509153,-0.48059783514520527,0.32175006594314903,0.7370655264811065,0.7450968645074515,0.5314642886482531,0.8798110862105277,0.8540882302442452,0.883351033010161,0.3706399434432516,0.7286324318406152,0.6353310514147705,0.9041974993256245,0.9500974180974682,0.689127937309682,0.5441054705303673,0.8908615650275665,0.8722707961388985,0.6868422353409535,0.3312158438735312,-0.4694017406601446,-0.819739206256964,0.8269304130863196,0.5503169715480828,0.9567822180538536,0.07102881066500065,0.7932978485965779,-0.4269192293423118,0.0865159176591503,0.9897630694041781,0.799713169667378,0.22312456307580827,0.8113488344834991,0.7340675732106319,0.8928227616819421,0.869839338791149,-0.05811038240666459,0.6451954030224281,0.7533401382919882,0.8228605659062656,0.8386789223018519,0.7401870417994968
SOLUSDT,0.7976913961038089,0.9655548099840391,-0.15605618810292718,0.9050336780336726,0.8791312256140293,1.0,0.3887167947329047,0.5764587627836568,0.967258348231173,0.9165988674163854,0.921400293238521,0.17133954112999225,0.790926167110916,0.9679872206151588,0.7844973599950892,-0.3385680441579634,0.9680665849614954,0.808838573106304,0.9149531584326366,0.1256353983338985,-0.11873065992355533,0.727589900531493,0.2983304716239533,0.7707285112233461,0.9613292245863361,0.9637235084957062,0.15648442840586374,-0.17038186524827,0.8069473356372551,0.8743114486593951,0.8909131954109346,0.49506293005673613,0.8481514294296567,0.6551522186827939,0.01767685135892917,-0.3129435547803858,-0.014832747168984129,0.8134762444716225,0.6147448345992707,0.6183334028795707,0.08820759529177041,0.05836267464484681,0.22511007531583827,0.687165884426367,0.6094256757293832,0.130671954418642,0.8363301282155985,0.44350458799620934,0.9452354327949392,0.10018351341964328,0.40476558765198084,0.7525101258244921,0.7385650163991796,,0.5321927124398299,-0.019429831027640225,-0.32573018964442707,0.6754548561255564,0.9160456510143851,0.4060875357109524,0.7686667187791868,0.9990135403123582,0.9332533829279734,0.9951429101501732,0.6953573997552103,0.7698148746797825,0.4806244430456182,0.9307749145664035,0.8347444412788845,0.7917953370207108,0.5731014869038165,0.7884732560390771,0.7504916005699326,0.8349728030478968,0.3918967146447118,-0.3741967447470674,-0.5616557952815876,0.9563205235170609,0.5669924213967272,0.7801760702324055,0.2021658822385577,0.6088144625360546,-0.30236658951147094,0.23273469051028126,0.8736254023096077,0.9027180028409726,0.319426541794921,0.559405253450754,0.6569629019222721,0.998834916107357,0.966210841427673,0.13047018350567596,0.7230577039871722,0.7884556522700654,0.6623922162552728,0.9641285618968334,0.7684188732245018
USDCUSDT,0.1396304022543862,0.5079291992616057,-0.4869179342575335,0.17874177837388094,0.5294457887710348,0.3887167947329047,1.0,0.2730847986747779,0.5003918779921807,0.3601891364507625,0.539459075657279,0.040491200078414065,0.05224764990430577,0.5004901460271187,0.08939343386903884,-0.0868295879264084,0.5156088975081999,0.19018324327591948,0.41806956286543284,-0.35461048531941713,-0.10680363079701431,0.5095374675911927,-0.09486354558133846,-0.2015540665783716,0.5140530344342717,0.4917599983907025,-0.07034938617020017,-0.42160182389710693,0.17004464953985035,0.5605167753428003,0.5806011630779183,-0.4193672350064529,0.4382445718696541,0.40208670812774366,-0.5758671513522973,-0.2735868079273126,-0.35814024736411704,-0.06077053523388202,0.8869673584500598,0.3509382625764156,0.06366430252740136,-0.15736534344720035,-0.550348396097721,0.7405835928067085,0.4036399115819187,0.23089647224466994,0.3612646651456399,-0.19776288658930694,0.38172686626598334,-0.4130321788989523,0.42896767838792343,0.6863575558573749,0.525698468802006,,0.2872780464832197,0.07567013756182922,-0.40190264280292715,0.25895584902492214,0.28513842379858323,0.47297658298726986,0.4160462865929014,0.3889870667820606,0.6238171820650615,0.33205503964041216,0.3656151712872539,0.7802845470266956,0.41916932283584524,0.4392052726344784,0.6420053370477967,0.3236822766431664,0.024470550963639568,0.6399934770380451,0.6230441343158075,0.41064274893586417,0.4334630562302337,-0.48240782664242193,-0.761055698107849,0.49914845965113186,-0.19177159830989232,0.48064859940478577,-0.6253527034827063,0.6693201992998103,-0.052591743183811955,-0.016112135286160116,0.5365734691874791,0.6229466914846018,0.29780894522193785,0.5851994898258763,0.5468200743501614,0.4163234720000949,0.5182464759699064,-0.37048145041956604,-0.04077265814098236,0.15651711139137872,0.2449445949082811,0.4917915759129791,0.026225561374932482
TRXUSDT,0.7074629338145687,0.4232600683803202,-0.4883920593566957,0.2829632639430197,0.7703473715406611,0.5764587627836568,0.2730847986747779,1.0,0.43230156355484334,0.63224126817759,0.7537529277891929,0.18305877489149192,0.30828377677253543,0.4388694685860913,0.6764693240445473,-0.6688836287389318,0.4393838628242182,0.8424736985152891,0.7448757667578244,0.03665308324255298,-0.6003152296713827,-0.043670883075653685,0.8442203359533218,0.506909598868578,0.4126910471429753,0.42033561106013634,-0.040421956838299376,-0.19538711968688843,0.7071969839414824,0.779070124594808,0.6269740459125158,0.47352326975745274,0.3810871535973125,0.23446001161121646,0.13817056786192558,-0.7581145532529562,-0.33318800468109205,0.4602348713922203,0.2665748102563072,0.6278460465087807,-0.3584564175963042,0.2969713471806388,0.2174288682550626,0.7473136691850811,0.6908381777501142,0.4886805067168227,0.4586223153699563,0.5963606290911854,0.4430097790507484,-0.051584723646996525,0.3670530063620124,0.7310910209858996,0.5991743401874918,,0.5439923619145954,-0.29727835600658387,-0.5991912764781896,-0.10021744853461134,0.3893037969315522,0.5920442596190324,0.2656716543724833,0.5738932312096962,0.5144893128907674,0.5829704686076833,-0.09198905409951073,0.47275897439495584,0.8061499400749139,0.7282316104687269,0.8218148530824559,0.365717152602127,0.46536180693457807,0.6652414617066421,0.6998041872598891,0.2953258876811666,-0.21693131004274394,-0.3220968975449192,-0.7607615772087722,0.41347521825996947,0.6410315863347664,0.7908507776165138,0.2541218619365761,0.6904158737073116,-0.2803583542123625,-0.0689146725786994,0.7614959944186834,0.5073814847752749,0.07582471613460738,0.8663286875863985,0.8180034982587449,0.5833787163526548,0.5471142011063871,0.3481503900984638,0.5549903560219275,0.8688509122444237,0.961535209235473,0.431702869836743,0.5567294586780541
STETHUSDT,0.737922192344537,0.9990460738742044,-0.06163323461939015,0.9076939341729671,0.841390503591616,0.967258348231173,0.5003918779921807,0.43230156355484334,1.0,0.835289106129202,0.893953390030121,0.26252397561683455,0.7993491038929887,0.9988479621940025,0.7251218201578827,-0.13818257820153093,0.9983559451095081,0.6936530348973257,0.8328965721855348,0.14044428528946856,0.05575410185856748,0.8609199110569081,0.09009992236697958,0.6622322510190664,0.9985623573514706,0.99879464691243,0.16622015396535209,-0.14285250851642164,0.7532015996438178,0.815876709223107,0.880010837074489,0.34101651642808894,0.8245639225923315,0.6030259301578728,-0.03884906608940236,-0.23257752517686467,0.03804690317543474,0.7076647528074334,0.7372323225074392,0.5880297394740523,0.26253377905449904,0.08042154423993739,0.12352615317689568,0.6799490075065363,0.5310749746036161,0.15797777128928803,0.8261980920830452,0.21784976172834142,0.945259189432469,0.12705989486677668,0.4040244221073794,0.7070721664945108,0.7180374284739812,,0.406238044275027,0.035970946134123744,-0.19443950567342422,0.770767513942175,0.9381902680199561,0.3755743313701373,0.7327666812362005,0.968772971372567,0.9421983624812129,0.9606708172489344,0.8054852360739375,0.8431944222831914,0.3641262364138446,0.8478738612946688,0.8060796220733653,0.7736800426328113,0.5420367491922191,0.749256502987509,0.7102374258932551,0.9101028990271431,0.5820428877487493,-0.36829215334730947,-0.53929936299439,0.993050916702761,0.3574329283767833,0.7302900495502175,0.09341495775710922,0.6003932253923923,-0.36602255054344934,0.13566298328719284,0.8374815834520482,0.9130578675434403,0.4415580194101364,0.4829231377463106,0.5509307735373197,0.9712780328014541,0.9716906296118726,0.0022876459209937475,0.6334534270133895,0.6568076397509476,0.5384907408212511,0.9961236355166474,0.7277810539148859
DOGEUSDT,0.6799004520869655,0.8353564024380904,-0.4516175385678275,0.8156898365764296,0.8551355790997076,0.9165988674163854,0.3601891364507625,0.63224126817759,0.835289106129202,1.0,0.8796242767530476,-0.1240043539216273,0.5285169618049221,0.8404990305915808,0.6501948749251958,-0.6036882313750017,0.8448582457855075,0.7284417284802609,0.9634191421868793,-0.15245223471380132,-0.4672896015156822,0.5136155972713697,0.5118616350870057,0.7417839852974428,0.8307905681166675,0.8229094424374741,0.24566924150800978,-0.48959140327056966,0.690462946704768,0.9282192533521013,0.7656401491014693,0.5817946364792693,0.8396741172340173,0.7471084200472262,-0.08171528377692043,-0.4410832489096771,-0.26367493269372266,0.8669502722348035,0.4650118599596579,0.4679213047677038,-0.28247577794134715,-0.1275734654505434,0.03885198705125001,0.7181657057173234,0.7617405807977511,-0.0927670371893812,0.801628480195462,0.6428449022132041,0.890444607838067,-0.21832042485088204,0.5513362265772503,0.8516756725943095,0.8077443194663667,,0.6452221688980715,-0.1067359196490556,-0.6162213733751638,0.4738024672497695,0.7186362977550358,0.44970815454868773,0.7834392148397404,0.9175005674806737,0.9143766588065645,0.9023693078461555,0.5141592108012019,0.6209995787813725,0.7013610715031008,0.9796053353989175,0.8103274681429239,0.6187624319877029,0.30509205010579743,0.9076042687868493,0.8826375625351291,0.5995668249673838,0.11156666229558389,-0.6319285159766033,-0.5814069028056862,0.8201865870696942,0.7589372569131899,0.7299473957530639,0.04614899024860083,0.7318826949443441,-0.060238192610095394,0.42929302939910463,0.8543263077049218,0.890088823467299,0.021800009201867088,0.7067464468822439,0.7925691830888105,0.9190574936676917,0.8965433742431103,0.012267734266822036,0.6351851499066293,0.7263564132203449,0.6370673245204934,0.8218567342339405,0.5864748833232032
ADAUSDT,0.8006659651724802,0.8894082888912166,-0.32806287676930834,0.7686336485529538,0.9378183673969159,0.921400293238521,0.539459075657279,0.7537529277891929,0.893953390030121,0.8796242767530476,1.0,0.26000920046008646,0.6609948520983654,0.8986923221161159,0.7739822774701421,-0.4045787331596177,0.8974729494692179,0.8443393190105419,0.9141963072737369,0.09932946776266446,-0.2745266770449809,0.583365276822048,0.4448488777666421,0.6517497988334536,0.8843057090144074,0.8877337748641471,0.07803510617132865,-0.29810025607107143,0.8160507235091279,0.9548463159387188,0.8561693606471387,0.42000599773113617,0.7688954350736735,0.5163302176022289,0.04469410924384549,-0.6059995326227082,-0.24134413115746953,0.6717592223977754,0.6605948366187359,0.71763637952823,0.01082625715390862,0.18174939264354173,0.12324895840464911,0.8878533575672714,0.6917670131842284,0.35604228070434485,0.8433891019520281,0.35827620923460535,0.8528422515428914,0.020421168169617282,0.47022941563622894,0.8802734370593133,0.7854038829360672,,0.5351806721849784,-0.06784726480308059,-0.4362161042331833,0.5003737391898173,0.8138249446464565,0.5014964262938627,0.6092854649673894,0.9233827525578314,0.9216788208728137,0.91730726857499,0.542338909235376,0.8414546762973303,0.6957931712608966,0.9252530888056947,0.9639954038821178,0.6063497993468211,0.4960137863542904,0.8654703308048866,0.8742625479894746,0.7667475917559131,0.29833353494857173,-0.5247157492927936,-0.7312284403736693,0.882502991851574,0.5009778234409483,0.8388674557162183,0.10650210308878871,0.831330015936588,-0.37346611026647786,0.0015478490975769032,0.9321812766815292,0.9145608721356746,0.366318407584824,0.7894625412079409,0.7914316113131586,0.9306333535499819,0.9507338514706143,0.10973253350041018,0.6481158644332823,0.8241337533952796,0.7916071329406967,0.8868550086742996,0.7124095011747245
FIGR_HELOCUSDT,0.5617731013978985,0.2499469447589541,0.6409251657351225,0.16599275709913935,0.28215617236163304,0.17133954112999225,0.040491200078414065,0.18305877489149192,0.26252397561683455,-0.1240043539216273,0.26000920046008646,1.0,0.5005692186910344,0.2619130697102019,0.5813089078118799,0.5910307555404246,0.24088893114433435,0.2506390306566527,0.023912104893109305,0.6355550882345956,0.5542402609698606,0.2481735933378218,-0.08906256493519168,0.25497460053701065,0.25447613837363303,0.2782882877885557,0.13149647271340684,0.6119123643833658,0.5618741931415462,0.03267862286384752,0.24417352673185466,0.1339747067174363,-0.22396063416628675,-0.5878337838684436,0.5061693554048406,-0.14376880033591713,0.4923215751322697,-0.002914756885810578,0.20520148717883535,0.2900754036803473,0.68241143865979,0.9214592741678841,0.3297068533880753,0.1088041121077271,0.005369522719271401,0.7269875762398966,0.05817091282794906,-0.45501505071948917,0.1982942521763438,0.7026116136040461,0.032111687869645134,-0.13337706616642428,0.12780096079128586,,-0.5059193681596894,-0.26862314582985225,0.5941152840148809,0.14839188441378134,0.412948146620033,0.21506980557041747,-0.4151993714375806,0.17243198019100586,0.018143523551411345,0.23669228904685083,0.12367825709405225,0.26573283623721927,-0.23135678509048346,-0.05761820341985721,0.2577737022792997,0.15878838913910331,0.62242219636673,-0.11302170202885216,-0.07007702354835252,0.49718064157588443,0.5670858872774843,0.3343658110654882,-0.1179249153058899,0.26907390007471854,-0.3078758120593938,0.3490589155580085,0.46173655279857084,0.06596048098130952,-0.9227914328210651,-0.8072778206010206,0.2697235972958085,-0.008039433896464563,0.6552117724922878,0.010289704500554369,-0.24576934444931364,0.17474564493237246,0.18801101118252322,0.10989987175439646,0.30697259122775994,0.22248945569554107,0.3492881045643229,0.28145775607350215,0.6163386824864419
WBTUSDT,0.7084154812039168,0.7918887193293271,0.37570570860368685,0.8301255868399571,0.539048116834058,0.790926167110916,0.05224764990430577,0.30828377677253543,0.7993491038929887,0.5285169618049221,0.6609948520983654,0.5005692186910344,1.0,0.7956504824780153,0.739450775991652,0.07790564436542852,0.7825955441430266,0.7291406880896607,0.5172181388945797,0.6611316951951697,0.3788198529184094,0.7135164482064187,-0.01895136308967324,0.7024796052136324,0.7840221883543407,0.8124085529604442,-0.09086414462893665,0.3383601544678713,0.7078207192381645,0.4782971703946611,0.6358420435018883,0.3897502915291576,0.6236924743451531,0.2877410394779671,0.40824443168430385,-0.11558238629429296,0.2875270239378172,0.5730861066049108,0.40854992608277046,0.68814223210036,0.5693654951984857,0.31243986525752,0.6529764902518443,0.34789379008924753,0.09281468588321368,0.3911068097217412,0.7225590514302659,0.10429559087096026,0.6832360194821337,0.6686474215910782,-0.0922474807649172,0.30432681918662824,0.2750925705590073,,0.25282528198283993,0.22275916240632074,0.2507380736767327,0.7909044046887466,0.9193363586540605,-0.012033533083607403,0.4706490160340441,0.7888617651990434,0.6080911509679731,0.8137104086417055,0.7478741163714258,0.6188747225997006,0.03973542842957775,0.5499065501665602,0.5145167077849404,0.6520370567639563,0.7321752632585583,0.2750730257370116,0.2599223293663421,0.8693932641294911,0.4998919253015883,0.1036247078146258,-0.1393517059140027,0.7981681217494655,0.2349901724659809,0.46610735262414077,0.5627710836769263,0.1828410312594798,-0.5187406794640134,-0.1476447543147138,0.5254817761883194,0.6070569812434707,0.6203431709386531,0.09499506339166423,0.2203228444576596,0.7752459040651857,0.7411715788318223,0.4426544047117375,0.6901098188530764,0.6895149994073617,0.472202834877218,0.808521513783795,0.811743297781689
WSTETHUSDT,0.7410611003948836,0.998535605057694,-0.06863132663771164,0.9093921579067602,0.8456254092621989,0.9679872206151588,0.5004901460271187,0.4388694685860913,0.9988479621940025,0.8404990305915808,0.8986923221161159,0.2619130697102019,0.7956504824780153,1.0,0.7342146912703471,-0.14446111851325877,0.9980827898316519,0.6954172832708841,0.8376070369981923,0.13741708449130563,0.04490780368093141,0.8555098562159446,0.1005179091885545,0.6666718929883992,0.998035313262151,0.9982156532014911,0.17150103421266036,-0.15340436502347912,0.7565228100462232,0.8218746631792748,0.8771925330761435,0.34910477166609427,0.8245123981783227,0.6007974275459165,-0.03404734012385521,-0.24503581522018134,0.02901364848786479,0.7125398246864515,0.7332383390730296,0.5876474429605966,0.25401103635239963,0.08393240884373228,0.12021099683164513,0.6861984871906357,0.5392673404697614,0.1579599600551491,0.8304327929570615,0.22136786837457867,0.9474783830216079,0.12183321702425033,0.41164942342665256,0.7130285867415267,0.7242358292307057,,0.40690490428805276,0.03049417074460494,-0.20135124068354926,0.7659127765321567,0.9366948919490942,0.37860771354153605,0.7291500979354819,0.9696430225813603,0.9445985567761326,0.9618306844853468,0.8014454767928558,0.841877055549589,0.3752174369971665,0.8519858637430696,0.8106562033207917,0.7656873092358488,0.5362516627595254,0.7558920149851348,0.7188416365223148,0.907689660449761,0.5756814083675023,-0.3806773845821948,-0.5415169873112571,0.9925673390725958,0.364008136513059,0.7325664636335114,0.0926412300834185,0.6111179408290925,-0.3672736531789667,0.1328031869864465,0.8417544598295428,0.9160559459664216,0.4375847451538116,0.4925170310956373,0.5565315277718551,0.972183135660327,0.9742521595663352,-0.001249974583195672,0.6347526784625105,0.6588050924678069,0.5429904651183577,0.9953279143490417,0.7284771485369914
WBTCUSDT,0.9701755518722172,0.7148435086365063,0.15653302012844555,0.6707501080027094,0.8225201706176486,0.7844973599950892,0.08939343386903884,0.6764693240445473,0.7251218201578827,0.6501948749251958,0.7739822774701421,0.5813089078118799,0.739450775991652,0.7342146912703471,1.0,-0.1329607745964094,0.7162260253525785,0.7755235640092336,0.7518017047296771,0.34433665815050646,-0.030451053734049386,0.40225603487262,0.4756682995467131,0.8453974292376586,0.7128365865901913,0.7256200763938184,0.33382610877476177,0.18858909530234536,0.9673931313977705,0.6687207625812325,0.7350247569892057,0.6948630167056249,0.381966655949871,0.1111963217889874,0.36410926486400397,-0.37171690750017233,0.2692899071262938,0.732632979742869,0.3102570187951255,0.490008383926811,0.1494806848805714,0.5997282186755041,0.3934450401311089,0.4826525119949045,0.6076428992783336,0.3911622258379659,0.5218714714372361,0.36562388389384937,0.7705634347912048,0.3732277804107554,0.4174997633675154,0.4517941541256232,0.6707624799563331,,0.13468541401977596,-0.4058850903773225,-0.0653788959573554,0.323097301855272,0.7814071929355507,0.5374906599532325,0.2577101689523614,0.7825359263551106,0.5878457474487494,0.8306742650018872,0.3073874976129446,0.48461520400171043,0.3274358924421514,0.6866874116107243,0.7251183190705879,0.6356345616288054,0.7689379165147542,0.531942336402984,0.5284016731984313,0.6989217788465117,0.33940743074651436,-0.08807789522985521,-0.47718218520391303,0.713967502006516,0.5242792459072437,0.8262101768646642,0.5383354267071547,0.45961289940675787,-0.6859351674109962,-0.15027646285524887,0.8107704819869755,0.5296476924624735,0.3396952583047205,0.49432236831290227,0.39323454161045124,0.7816991122909762,0.711088160729309,0.20792764752279622,0.7800166491273415,0.7755226307978509,0.8061614339146728,0.7337766753112702,0.9391241983332287
BCHUSDT,-0.16492335537747385,-0.13854887623909692,0.8275383047610809,-0.13868141676102852,-0.37776628218246644,-0.3385680441579634,-0.0868295879264084,-0.6688836287389318,-0.13818257820153093,-0.6036882313750017,-0.4045787331596177,0.5910307555404246,0.07790564436542852,-0.14446111851325877,-0.1329607745964094,1.0,-0.1575604599360845,-0.5281368921418031,-0.5676162267791919,0.3555520988101772,0.8946816757999331,0.25085380830836435,-0.7773985629501945,-0.2798191161972315,-0.12443133478091209,-0.11835367430825564,0.16084928479464966,0.5848365110340021,-0.16195378689514298,-0.5836116286367673,-0.27541275141222005,-0.35439179038277285,-0.48148953408222234,-0.6067597866311782,0.15620903703440445,0.5285103181944519,0.6351155980244721,-0.4109768347659152,0.02433786224650272,-0.31861390822140623,0.7887269250557621,0.4261835413010833,-0.040391322379798686,-0.4849949581339326,-0.5067691576955902,0.13831526199459365,-0.3611766236014557,-0.8530944826313142,-0.19580112759875157,0.48518201732911603,-0.20128922035932945,-0.6529586925499827,-0.33371516250972555,,-0.8289562639082443,0.0012918697190864542,0.8870881201014518,0.1723223227892345,-0.02153995254926533,-0.23314674759740162,-0.5066511312395185,-0.33542227860068796,-0.37517166434740384,-0.3010005351219192,0.16077000189073992,-0.13896696188222557,-0.8188707400361985,-0.6221298018067949,-0.43714562907046645,-0.14038809035359723,0.07835590468126284,-0.5746157212479509,-0.5802216215455085,0.1364395383376648,0.652688875650746,0.4863688155540229,0.4427075956473791,-0.11824466091140562,-0.7918995934316467,-0.33340013378027483,0.03947424078127177,-0.47202973578979657,-0.45650213860294653,-0.5261879759196492,-0.37821237035036287,-0.39826988760368365,0.42294109432739463,-0.652970601275947,-0.8216288542106452,-0.33688820948485865,-0.294191321670604,-0.2868008775076822,-0.2590943251782089,-0.5707720447295348,-0.5201644797291018,-0.12337452247775889,-0.01848885225923934
WBETHUSDT,0.7309579316566911,0.9985534837223558,-0.08886139239939633,0.901644587239096,0.8477306872213392,0.9680665849614954,0.5156088975081999,0.4393838628242182,0.9983559451095081,0.8448582457855075,0.8974729494692179,0.24088893114433435,0.7825955441430266,0.9980827898316519,0.7162260253525785,-0.1575604599360845,1.0,0.6886929987563031,0.8424336448905826,0.11348933183640862,0.03347087215114186,0.8562433893626905,0.09980842722687255,0.6540945892814738,0.9981633126843448,0.9971767532395506,0.16873265916748034,-0.16555652311786034,0.7466362745268879,0.8266706914319069,0.8853689092193456,0.3353329881477512,0.8312096368236411,0.6195744489603516,-0.061898064878252425,-0.23749294328496112,0.020811680001154235,0.7080158362292684,0.7447830217582172,0.5830533077795962,0.23945152619221208,0.06130552430123104,0.1020611912045943,0.6911643565005787,0.5462938175265619,0.14524728899937075,0.8250984632782975,0.2303106494802485,0.9467536126029035,0.09822362297510262,0.41873009380261084,0.7232800171188343,0.7297917924124351,,0.42068964102444434,0.03173033294924557,-0.22090073236437113,0.7612648497442372,0.9291966110065519,0.388770207389524,0.7447272800904273,0.96961351220836,0.9500926597978734,0.9594591050574476,0.7986619291498234,0.8464805361701495,0.3810135801746092,0.8578173490180128,0.8136286195311531,0.7750912779706736,0.5289619623278937,0.7659387658928093,0.7257072187731894,0.9006701253782332,0.5719717616045693,-0.38563494286878786,-0.5555959745540601,0.9917967415030141,0.3662544750943449,0.7363500195419567,0.07188337279025503,0.6134827122731611,-0.3477678496030296,0.15441176857670533,0.8442518213202082,0.9204079803696054,0.42527716661566856,0.4991014298683362,0.5685330510187964,0.9727745589611921,0.9735611625852366,-0.009898307809064547,0.626356677120304,0.6554986188879321,0.5405041704556534,0.9947200743614616,0.7151418297286452
HYPEUSDT,0.7769071332181398,0.6845280708225645,-0.21991183392471514,0.6267803201608843,0.7558120814854111,0.808838573106304,0.19018324327591948,0.8424736985152891,0.6936530348973257,0.7284417284802609,0.8443393190105419,0.2506390306566527,0.7291406880896607,0.6954172832708841,0.7755235640092336,-0.5281368921418031,0.6886929987563031,1.0,0.7704990799946938,0.3723633615497173,-0.2659055418315579,0.3232158385949426,0.573831392994139,0.6838260963805006,0.6694975166603295,0.6918754591500569,-0.21466735395637437,0.0018516418353617297,0.7750112249760216,0.7837233166934533,0.7416927500868724,0.48851087996521575,0.6732998153850702,0.4242559836735969,0.28208639746647646,-0.5781949193483422,-0.1699736702445912,0.600706191378457,0.375324799410438,0.8522513639072308,0.002422331059488265,0.2173184901286344,0.5518320364327117,0.6955200758869683,0.45279218284111866,0.5039247491123154,0.738504450122746,0.5386959723243193,0.6142418023519707,0.29349892251325105,0.09029219141928309,0.6880770719510898,0.4725873124607739,,0.6503669831958148,0.05480932304180443,-0.34318891404911345,0.37600535751796443,0.7254484600460172,0.29463928004542644,0.5260882614362692,0.8050022454964777,0.6780567894577688,0.81313732249407,0.35176326923398116,0.6508876235163317,0.6110022712337551,0.8070824808811763,0.8054162103706064,0.5898126152280724,0.6582010195118149,0.5869852363073794,0.5991229689335162,0.6172416755761562,0.008867123517107403,-0.16333566200881502,-0.562907350498629,0.6794514738818899,0.6058340784975428,0.7186863887690381,0.461838872673271,0.5335683766107874,-0.3206393458988985,-0.03174211731997019,0.7425757289678325,0.6893505977230053,0.34203195316416973,0.6240053621989644,0.7388537428063915,0.8017350102493238,0.7553901615331633,0.5780893643904819,0.7271768267323013,0.9938673103590527,0.8843616187374895,0.6966839185611511,0.7361497011312446
LINKUSDT,0.788093113479419,0.8317250460592978,-0.42676470472814426,0.7346892659327282,0.9461685558463229,0.9149531584326366,0.41806956286543284,0.7448757667578244,0.8328965721855348,0.9634191421868793,0.9141963072737369,0.023912104893109305,0.5172181388945797,0.8376070369981923,0.7518017047296771,-0.5676162267791919,0.8424336448905826,0.7704990799946938,1.0,-0.16000214087138304,-0.4593816268168839,0.47194255073194125,0.5804378297220995,0.7362353357723863,0.8291244596311443,0.8196922865162165,0.30252266288850327,-0.385669253280666,0.7972586980074273,0.9523166085045709,0.8577660000473982,0.5797755356919525,0.7354988991169061,0.6387692747767594,-0.09888951900987054,-0.46684548188059166,-0.17587401854406193,0.8311416428524137,0.5198961601551919,0.4763042453397039,-0.27030982921343555,0.03688945052776725,0.010056482917522548,0.7576255646553128,0.8536633485128113,0.03867350050367557,0.7056947572140116,0.6301016079297724,0.8952507007750927,-0.20100611847947167,0.6400484953978395,0.8585286884152342,0.8883809927580982,,0.5676918351417531,-0.27358870378593836,-0.6137460453027925,0.3599813594874578,0.7163535499709374,0.6355155128815686,0.692404241917233,0.9147998281018265,0.8890494569816153,0.908651262218749,0.4018975947432796,0.6482434060059827,0.7018298455232747,0.980131260676996,0.8909981880764375,0.6889529105717601,0.43517557558452513,0.9275202636926445,0.8980695366684348,0.6125840404504435,0.1648452244398097,-0.5518712762654352,-0.7254855393034453,0.816073290851701,0.7362345822399934,0.8747401016358737,0.07237540948917336,0.759895012353972,-0.2032125224708904,0.33265957092456266,0.9440744069757061,0.8431418959186548,0.05726927702508913,0.7863837337544821,0.8046099505730451,0.9220246999198751,0.8814259641001497,-0.003912053000694491,0.667887038404353,0.7756278203721494,0.7672987628289211,0.82514174292549,0.6709694155009458
USDSUSDT,0.2837719098511892,0.1265730886749813,0.644026387454324,0.26716598539887604,-0.07893722109347906,0.1256353983338985,-0.35461048531941713,0.03665308324255298,0.14044428528946856,-0.15245223471380132,0.09932946776266446,0.6355550882345956,0.6611316951951697,0.13741708449130563,0.34433665815050646,0.3555520988101772,0.11348933183640862,0.3723633615497173,-0.16000214087138304,1.0,0.5587125750000543,0.16724789641434215,-0.15473311176169377,0.2809224915870274,0.11470603295244935,0.16333504442623023,-0.4050479674131273,0.6413880017883452,0.27271853890003095,-0.1321387807719955,-0.02475051898849148,0.14048368616647597,0.0324175793679039,-0.34442246609783256,0.7578249788264472,-0.09680737990219573,0.2884549380109896,-0.005803445396439688,-0.1056650277862623,0.5256619941704511,0.6966175316198455,0.5177496514238008,0.8505339232986987,-0.0830181879983646,-0.47400991725897734,0.6294319060624659,0.27927119834176367,-0.26637219626487757,-0.022162605739848802,0.9514701192937888,-0.606209481306689,-0.25853410017833506,-0.3773695328737313,,-0.1119163729644034,0.3636297419714119,0.6576011578414724,0.3844444709396542,0.3948667687741305,-0.4626956062600621,-0.19621432126910393,0.12363991395314175,-0.08198292177579591,0.17154728208121606,0.2931117015481398,0.13168653146784995,-0.26849307880774415,-0.12038086407690857,-0.02202120551511078,0.01641444664840946,0.49784325456302037,-0.39242192999771575,-0.3335440548853786,0.3917799561422982,0.18215471257501792,0.47942291343777815,0.33751361375133443,0.1484543117362457,-0.1760279651449206,-0.09432695957997839,0.7261732345929258,-0.2441059741056844,-0.5163116322555958,-0.6256417480262518,-0.09652812051421905,-0.02537654680383163,0.627112973194315,-0.30363560471187845,-0.24854867459037974,0.1024859860672819,0.10700579793612132,0.6682583755607578,0.31864272308301755,0.3376597701701123,0.16231685307114269,0.15510508768341372,0.44536654705594375
BSC-USDUSDT,-0.07875474961512877,0.055503089337084435,0.8648823774165179,0.06185379543294618,-0.3166717033631117,-0.11873065992355533,-0.10680363079701431,-0.6003152296713827,0.05575410185856748,-0.4672896015156822,-0.2745266770449809,0.5542402609698606,0.3788198529184094,0.04490780368093141,-0.030451053734049386,0.8946816757999331,0.03347087215114186,-0.2659055418315579,-0.4593816268168839,0.5587125750000543,1.0,0.4444355630384776,-0.824869706510222,-0.1535710871734059,0.06232361514834787,0.07970160935631332,-0.09597242150969927,0.7231016918561235,-0.08040040224827844,-0.4870647600447919,-0.0824156350754948,-0.35314987769284684,-0.19957432055733593,-0.3569039219273297,0.1897841660241282,0.591271721267466,0.6705652815860565,-0.3057132470590015,0.14082703133277719,-0.031012725587463374,0.9275987059683818,0.2955869140944686,0.25942247576825567,-0.428343721310037,-0.6186864297240835,0.21525627744113687,-0.14623088957114128,-0.7193434180025564,-0.08733867280515226,0.681525690279434,-0.4321640152249459,-0.5688024406033932,-0.40526910133201866,,-0.5541201077010961,0.27276722675106363,0.9050383927254296,0.4458643825092924,0.21356175976954206,-0.36925581869052815,-0.21483524988175698,-0.11916421021803018,-0.2182926063613568,-0.09437284000944227,0.40348186440455014,0.047297925424713,-0.8316485325756713,-0.4620142227306627,-0.3505182080630764,0.12370191847557904,0.2973675333099314,-0.5602087838474048,-0.5926759821823901,0.33690541053025125,0.6849657534048981,0.6365236175239327,0.43443114929579113,0.0740613650059637,-0.6974898575660408,-0.2832249527145587,0.2085790957325171,-0.553529601336774,-0.40508495944248607,-0.41331389487936715,-0.3217888160926784,-0.22773983804727613,0.5686723457940718,-0.7087851477094245,-0.7003608707802095,-0.12770523588658605,-0.12099177769388225,0.0284030842748706,-0.08302228292281354,-0.316764484265054,-0.4182411306735175,0.07556738635394632,0.12138912119037598
