,BTCUSDT,ETHUSDT,USDTUSDT,XRPUSDT,BNBUSDT,SOLUSDT,USDCUSDT,STETHUSDT,TRXUSDT,DOGEUSDT,ADAUSDT,FIGR_HELOCUSDT,WBTUSDT,WSTETHUSDT,WBTCUSDT,BCHUSDT,WBETHUSDT,HYPEUSDT,LINKUSDT,USDSUSDT,BSC-USDUSDT,LEOUSDT,ZECUSDT,XLMUSDT,WETHUSDT,WEETHUSDT,XMRUSDT,USDEUSDT,CBBTCUSDT,LTCUSDT,AVAXUSDT,HBARUSDT,SUIUSDT,SHIBUSDT,DAIUSDT,WLFIUSDT,SUSDEUSDT,CROUSDT,TONUSDT,UNIUSDT,USDT0USDT,SUSDSUSDT,DOTUSDT,PYUSDUSDT,MNTUSDT,MUSDT,CCUSDT,TAOUSDT,AAVEUSDT,USD1USDT,BGBUSDT,NEARUSDT,OKBUSDT,BUIDLUSDT,ICPUSDT,ASTERUSDT,USDFUSDT,ETCUSDT,XAUTUSDT,PIUSDT,ENAUSDT,JITOSOLUSDT,PEPEUSDT,JLPUSDT,RAINUSDT,PUMPUSDT,APTUSDT,ONDOUSDT,HTXUSDT,KCSUSDT,KASUSDT,WLDUSDT,POLUSDT,PAXGUSDT,SYRUPUSDCUSDT,USDTBUSDT,BFUSDUSDT,RETHUSDT,ALGOUSDT,GTUSDT,RLUSDUSDT,TRUMPUSDT,QNTUSDT,HASHUSDT,WBNBUSDT,ARBUSDT,FILUSDT,USDGUSDT,ATOMUSDT,BNSOLUSDT,VETUSDT,FLRUSDT,USYCUSDT,KHYPEUSDT,SKYUSDT,RSETHUSDT,FBTCUSDT
BTCUSDT,1.0,0.7186118695189486,0.09909663119051572,0.658400489106279,0.8519864986409253,0.7887723642781448,0.12086016891387473,0.7288462604980324,0.7022471625873558,0.6737479843937969,0.793682425619314,0.5560800325415586,0.6923173973278479,0.7319453065784973,0.9523302180215699,-0.1644788011815133,0.7215449904635225,0.7702023717150477,0.7814908798218396,0.2772034571221103,-0.07672343569183068,0.3966620431175612,0.5011862668572488,0.831943231561441,0.7177467279883238,0.7273597125528393,0.35799988604901495,0.13696869352360835,0.9565799844358331,0.7051329275283338,0.755132468456272,0.6854988261219749,0.38400938548617064,0.13167445299470995,0.33852686303725965,-0.39618167008581046,0.23551042875027817,0.734007505638824,0.33943179467076673,0.4679746853263301,0.09214805296448436,0.5204965302562191,0.5214978523054212,0.3156313627627102,0.6521982593877245,0.37434907753624214,0.5169971059581985,0.38015699173719714,0.7832239256549288,0.30696553923501296,0.4696434748619587,0.4948112121537818,0.7105313743957032,,0.14914742160495073,-0.4384167400447456,-0.1220904356212886,0.2978149196394395,0.7720929880526196,0.5914109371281032,0.26940277945776403,0.7867902086578191,0.6110337975580199,0.8298251784616987,0.2886391736186778,0.5007462083862716,0.37012019415569875,0.7112253543018698,0.7536406683950487,0.7913742100900018,0.6272676573039178,0.5807196799479941,0.5768437780236159,0.6903257422695624,0.3348991008886529,-0.06857766899212235,-0.5023120931153623,0.7214062346982753,0.5368369384012707,0.8539167926471422,0.4363235080204178,0.5074013544342072,-0.1285137852201344,-0.6689872958403354,0.8455809489875059,0.5497850329901243,0.4332363380144639,0.35548203727862515,0.5459579600990213,0.7891801388797928,0.721064210245898,0.7605156380165732,0.16184084025301546,0.7711523335121613,0.8254276152426137,0.7385240064719585,0.9187470230449903
ETHUSDT,0.7186118695189486,1.0,-0.06780462941515522,0.9045206421681719,0.8360242810224238,0.9625619657649718,0.42995799935815465,0.9949347358945209,0.42356680553686027,0.8344842584184335,0.8885874284761217,0.2493168251166135,0.7802456686717315,0.9944030595252059,0.7070797657418028,-0.13927493400945115,0.9938771019155302,0.6837504245631407,0.8312830204375714,0.12840508174449922,0.05557021748632562,0.8647375339480851,0.0807535557976777,0.6538116636945688,0.9945273194194263,0.9940208915961076,0.16736541865948285,-0.15236804260004708,0.7327478498955847,0.8168907226802826,0.8789177360512399,0.33001349176464356,0.8199546651459004,0.6109286825765091,-0.05383126473602859,-0.22292049340163236,0.036338609962774354,0.7028312686575673,0.7437990039615348,0.5694656193288756,0.23840665251412685,0.06345175721147532,0.6788282991695014,0.10844049964132092,0.5240125340163508,0.14369878746800885,0.8197305467921842,0.21670992201086117,0.9425645251592755,0.11367771855749559,0.4031405576685271,0.7079236141347012,0.7114451077326066,,0.41157489671612874,0.038510280875698424,-0.2000036652718724,0.7780395906291727,0.9394566851841982,0.37671108707886203,0.7380559607967563,0.9637142609556202,0.9424660560391678,0.9522063870063436,0.8067972785452467,0.842624747761054,0.36035537825784014,0.8451300454574036,0.7980460532495002,0.5642267973722283,0.7624373742294595,0.7510111409952376,0.7111424578487131,0.9101004622834582,0.5823733786177542,-0.20053873945977324,-0.5122516064444863,0.9946384289602721,0.3534032058315988,0.7228968265426694,0.07361082502119339,0.5975761445900392,0.14716862644268855,-0.35327775436088044,0.8367532887914624,0.9125551885266168,0.5506374884311193,0.4924571141476515,0.47954290663072113,0.9674787094542668,0.9666264564774512,0.6192388691592947,-0.008090296552732367,0.6462725140235358,0.5305922948956011,0.99446852155626,0.7132596558119606
USDTUSDT,0.09909663119051572,-0.06780462941515522,1.0,0.064280232157477,-0.30999821521704113,-0.1563526239794946,-0.4014543614498929,-0.06138480307193264,-0.48873950589609133,-0.4526808121386532,-0.3293588548067268,0.640559195448836,0.3705366612605027,-0.06831709011060948,0.15521153232080914,0.8282451522126172,-0.08853319302591735,-0.2213803881975894,-0.42796935270727543,0.6290671777772299,0.8573306144151436,0.1860328255638023,-0.5269273113131301,0.13176709075628973,-0.06168717095862421,-0.038536819324135725,0.1583734184587716,0.8267375095919672,0.08491833529289888,-0.5404482614137885,-0.20530969300862353,0.06703935631888443,-0.391865970993862,-0.5678588190008782,0.5356357486950565,0.5215295481366236,0.8166413778084535,-0.08394812807686573,-0.23711540344662196,-0.1835175331199271,0.7100433274451643,0.4940720810500876,-0.6060081873354182,0.4246806774738065,-0.49617505674379325,0.15281701197702804,-0.25095580058159417,-0.49154364674826145,-0.08186202490899022,0.7923750700947843,-0.34534178397182025,-0.7207859218950006,-0.36649799781758474,,-0.7082610822311716,-0.038008163099654414,0.9452475808812236,0.23697456429942584,0.16956727767808782,-0.31637788336199835,-0.42827888494367833,-0.15860248520437203,-0.3785919248371948,-0.09330531786665705,0.16052760481936088,-0.2583257576335542,-0.8259704425676372,-0.480079785964863,-0.43021488209351383,0.39108730371435274,0.03363774338898153,-0.6343893721249121,-0.6507464779297375,0.21344465685863448,0.48836153199714516,0.40302951667318954,0.543236086228693,-0.04620109476571159,-0.4178138468145082,-0.24814488244930347,0.4809129531233662,-0.6241765008557718,-0.4356582918705297,-0.5404456441118123,-0.31931210040073676,-0.41036280418720456,-0.8016576349787027,0.4418612727536972,-0.7202746394160284,-0.17351636704553786,-0.22032582285848248,0.08443253505231194,0.10670625883643248,-0.24499494655897658,-0.294782264820106,-0.03874259048059822,0.29243649264901717
XRPUSDT,0.658400489106279,0.9045206421681719,0.064280232157477,1.0,0.6644733988486924,0.9059543804808743,0.1549988383069176,0.9076743114672654,0.28442823137850737,0.8182199617329622,0.771009211782334,0.16623566696215586,0.8214797593117346,0.9093531590936677,0.6662209873635043,-0.13989105299321453,0.901106106312657,0.6286072727160018,0.7372768155962676,0.2644568476718377,0.06208746866756774,0.7814951528202477,0.09228989711709483,0.799175521371181,0.9015494635665794,0.9101096957472737,0.20020080178188185,-0.15959610066465704,0.6668383199291607,0.6911082395524984,0.6443074039624053,0.5389974790047345,0.8081535562956477,0.5674540664967974,0.2160767931525642,-0.19877950315411386,0.048107079177356245,0.8251393971444774,0.4375790793263052,0.4818066061534442,0.2180823576363621,0.03878220927487561,0.4787305603428477,0.29117240108517445,0.386783008633085,-0.017367684144316324,0.8690380301140482,0.2828899672193758,0.8977216801254654,0.24108195124661158,0.2623544405728675,0.5423434345151227,0.5557671976591955,,0.37336537645198037,0.12381885942689311,-0.08133777451844779,0.8334615739280666,0.9167416416209166,0.0956458418224414,0.68234035374734,0.9077639251926739,0.835442030359478,0.9112283607382955,0.8336732251259275,0.6184060622493261,0.2890494735117886,0.7660185882050403,0.5966512073516839,0.4437762483812436,0.5921959172831761,0.6014833898240631,0.5828570566057266,0.8329822084147896,0.43666967715193644,-0.20520008315934596,-0.192225472511435,0.9089703221071743,0.4666050239619123,0.49893491438017895,0.24350176452631914,0.45934143850055925,0.18687674478204475,-0.2834079218642993,0.6630709914115793,0.8263953376894696,0.40068848041963917,0.39278980969044375,0.2933733810100081,0.8979159161667534,0.8954147718425728,0.6551675062769762,0.08927510318477044,0.5917560931105162,0.3876175244040609,0.9024494426162214,0.7006034159284522
BNBUSDT,0.8519864986409253,0.8360242810224238,-0.30999821521704113,0.6644733988486924,1.0,0.8783749775309235,0.44596500474066947,0.8397020877596721,0.7713169638982651,0.8560670008635001,0.9388457100451756,0.28205216842005393,0.5324405558724171,0.8438906622909058,0.8155850451317698,-0.3784702218784277,0.8455538058436608,0.7565836963578135,0.9477278796178717,-0.0727323807923596,-0.3126839028616782,0.505300057712971,0.5137394944521708,0.6664993064871649,0.8370100920451207,0.8291883967804087,0.32090897696251025,-0.25230566933312076,0.8625448825130307,0.9329637311107756,0.904137844043572,0.4836251859269862,0.6032527783359318,0.44377357086567737,-0.07320517711282908,-0.49725355731641235,-0.07880943522135518,0.7057128667294982,0.632613029333497,0.5038541721571422,-0.0984204836013244,0.23731944196391894,0.8069370753016536,-0.025655726418412524,0.8437984300747351,0.25364516084339284,0.634998661701192,0.4268354696805729,0.8757982326306942,-0.10082359119063307,0.6727562814447491,0.8246088591278736,0.9086672443172169,,0.3982739141091281,-0.3645239903850497,-0.4818706684748727,0.3244813705592881,0.7429048418467542,0.7480586615639522,0.5302633176391298,0.8788413418696467,0.8538464798469818,0.880375784897619,0.3704921246707861,0.7287594616360353,0.6356444086786638,0.9034492335685367,0.9465892270291728,0.5785243723197376,0.6779821705086487,0.8911270872376986,0.8745708755222001,0.6904807679733562,0.33026721271459514,-0.2608846564004282,-0.7728780584843579,0.8298159792592606,0.5502769633446328,0.9534446221382014,0.06513367619905933,0.7924388572222287,0.08581287041613658,-0.4267337238780202,0.9935072211648074,0.7991672610937764,0.7343038853905864,0.25305751557112305,0.8111473990954978,0.8922971453823411,0.8680409443309197,0.6401731735778933,-0.05811361969282917,0.7530948222762093,0.8266757858966922,0.8391368076558832,0.7373243842010966
SOLUSDT,0.7887723642781448,0.9625619657649718,-0.1563526239794946,0.9059543804808743,0.8783749775309235,1.0,0.32621337842001263,0.965051894763743,0.5779910921442862,0.9176177050779042,0.9225845801162353,0.17111607220428288,0.7808148136292866,0.9657554587586696,0.7774758640868114,-0.3400972309354405,0.9653133003546693,0.8099168760228597,0.9164288888638896,0.12668190834953597,-0.11723717193093695,0.7277463229626286,0.2985441862295153,0.7725128288402848,0.9588086417260757,0.9612415617622874,0.15581806286062744,-0.17357406075720044,0.7966582043029382,0.8793296762254282,0.8903694061437757,0.49493633457302105,0.8419889328094992,0.6539403841531822,0.023113942546325275,-0.31515808905607295,-0.015820189458588554,0.8129196644158266,0.6161698577923764,0.6092178580973753,0.0782005529320582,0.056448963983203426,0.6900763761512332,0.21604622201155851,0.6029921073845477,0.13011492824014953,0.8353222621243692,0.44350202881564743,0.9442836639608464,0.09985205400068829,0.4011519451197897,0.7540173880571197,0.7322568591980492,,0.5378444546119843,-0.01954975302995807,-0.327062937404309,0.6812127739121183,0.9230718587906309,0.4070483931874637,0.7667920071332245,0.9976051802092917,0.9331900393123203,0.9914947858613619,0.6947582860780234,0.7702725555062848,0.4815970430781261,0.9302219282115891,0.8319422518276554,0.6076954339591525,0.7780056416651344,0.789150585672985,0.7527714960697549,0.8392738982212037,0.3912608936297549,-0.20418717882306028,-0.5322748356934751,0.9595948640713784,0.5671760570362373,0.7772959959866792,0.18339981030248234,0.6094941539514402,0.23091442839045936,-0.3022173121152857,0.8772423476223811,0.9025430387425339,0.6580568206529448,0.3625459527634013,0.56026401768133,0.9982461172903994,0.9644792997486993,0.7169359880110499,0.1306502372227021,0.7885888379601017,0.6661303673710705,0.9645033864935894,0.7649854056828502
USDCUSDT,0.12086016891387473,0.42995799935815465,-0.4014543614498929,0.1549988383069176,0.44596500474066947,0.32621337842001263,1.0,0.4237613294020639,0.22589583295925952,0.30466286748031474,0.45358785547502123,0.03593865416121413,0.04931139806381616,0.42371422128193986,0.07950058818093658,-0.06829725310815607,0.43623617184988833,0.15953512162422054,0.3535906027211201,-0.290668644956908,-0.0840712922859214,0.4336783310176271,-0.08317225749142614,-0.16483370692707325,0.4353390231403125,0.416541735905609,-0.05285725477664188,-0.3528260938699059,0.1458593033262074,0.47274943269422254,0.49055896192979226,-0.34851555853056687,0.3670453453128161,0.3389339575457026,-0.5166941358384255,-0.22335427878925118,-0.29295991007602723,-0.045547316830278434,0.746703025579723,0.2895004071814879,0.05801276715350158,-0.1203276723077506,0.620089904625626,-0.4375640653988313,0.3379035146716973,0.18963993539053534,0.302200099511774,-0.16541088370338558,0.32588393407877814,-0.34451984220609766,0.36081614890673563,0.5741388321536048,0.4413617557403752,,0.24095035227865783,0.06036430877350115,-0.33388879909094893,0.2243641851505113,0.24565549206300155,0.40110969618804054,0.3520008312595397,0.3306169125236724,0.5246393477712993,0.28251944052816336,0.31085435032755127,0.6543237448604728,0.3458089958054934,0.3695847562072482,0.536385903207733,0.029276587307346204,0.27606699677368973,0.5366930260938668,0.5226933699315699,0.3498367999642928,0.36224546549880793,-0.23457454216674137,-0.594818982380941,0.4243572726598377,-0.1597706640280268,0.40494650881732763,-0.470320934498564,0.5554025250804763,-0.008540084278771275,-0.04542735003754625,0.4535906319984945,0.5221490134395715,0.45463206124394695,0.2792286815834487,0.48585742742553506,0.35256783021510957,0.4353161027214649,-0.027652741202841117,-0.31197953749128954,0.130721689421503,0.20509768519053523,0.4173380097114065,0.028101258280588008
STETHUSDT,0.7288462604980324,0.9949347358945209,-0.06138480307193264,0.9076743114672654,0.8397020877596721,0.965051894763743,0.4237613294020639,1.0,0.4327993598706629,0.8350504839279841,0.8937585657062643,0.26210538658758425,0.788322753856788,0.9955373250509064,0.7178979044301516,-0.13886504282290607,0.9945050694112746,0.6933406121462081,0.8330923146590005,0.14174143433951486,0.055990541969034885,0.8605972701258692,0.08950765895468374,0.6630289254291329,0.9949532475562356,0.9952221198903106,0.16586692989541682,-0.14534415304748954,0.7427417232579897,0.8191538719329239,0.8786187500986467,0.34024371323841057,0.8173880814638108,0.6011328458906071,-0.03624518196146084,-0.23363062471187968,0.0377526374416894,0.7065889230668047,0.738066981010769,0.5777450010067926,0.24229464221245908,0.07671902329436094,0.6813919698682572,0.12077615671984122,0.5245039503410611,0.15665117584239283,0.8240032902144621,0.21755203868188497,0.9434021633090935,0.12671805925137247,0.4000372440320746,0.7071718667156006,0.711055555015219,,0.4091646142207952,0.03547937382547592,-0.19456359367614348,0.7766563106789303,0.94437227454247,0.3758790899646225,0.7300746647543332,0.9662029537077717,0.940994250741865,0.9560538374352074,0.8041428084921678,0.8425219075540514,0.3637676921324229,0.8463128841476386,0.8021983692475827,0.573330149217717,0.7596112051838437,0.7489504989507008,0.7111618215092225,0.9138458620734504,0.5797592635941323,-0.19916114926518672,-0.511105530818226,0.9955977141984695,0.3572217464494786,0.7267709337530176,0.08647982142717603,0.600151222104104,0.13401792373058863,-0.3654839302894264,0.8401099042084275,0.9117443082238724,0.5509266918485788,0.4998898795189883,0.4828392509225053,0.9696955411554978,0.9688219898905494,0.6276049641939041,0.002330255308864888,0.6558841875615026,0.5409220930730763,0.9956135718028505,0.723965408348038
TRXUSDT,0.7022471625873558,0.42356680553686027,-0.48873950589609133,0.28442823137850737,0.7713169638982651,0.5779910921442862,0.22589583295925952,0.4327993598706629,1.0,0.6349824887622341,0.7569914131018622,0.1833927942866105,0.3062817336013367,0.4393090820046218,0.6727310712150375,-0.6708179978095263,0.4396553616889861,0.846183194334922,0.7483897337647056,0.03144515145023646,-0.5957518748243925,-0.043798101110078626,0.8469140799661627,0.5097925411293472,0.4131352627979818,0.4207529349348602,-0.04049407913455778,-0.197318751495714,0.7009614101127412,0.7862582375763031,0.6279628792460811,0.4757616881897677,0.3800718474302079,0.23497834697219616,0.14405904531940453,-0.7621660693394724,-0.334300076538595,0.4610449251511876,0.2680240358055346,0.6236922631874763,-0.3360848329307428,0.26003589265250177,0.752801879613493,0.202494803887644,0.6870962042644617,0.48999976952319263,0.45906628651724146,0.5973635158143913,0.44423337170779376,-0.05149216539199913,0.3657524941060818,0.7344231586084343,0.5965405991595719,,0.552734174133373,-0.29770420475037623,-0.6026791307945055,-0.10059620095759117,0.3938301451233951,0.5967786477608809,0.26640828658826204,0.5755903593194683,0.5154932766230412,0.5830230477355328,-0.09200799754789184,0.4740556694887507,0.8091523919790762,0.7292550578716397,0.8209155478439122,0.5011862019611097,0.36174778407152564,0.666576504651583,0.7038578722162384,0.29781742701609504,-0.21808930191715073,-0.18858684949889723,-0.7135489191959229,0.4153113298961988,0.642003752668079,0.7901214921260591,0.22575137884753732,0.6896810837857456,-0.0681220909448257,-0.28083591182459994,0.7654038415214259,0.5077518159825436,0.8196930136427605,0.08210973074039958,0.8674140348406828,0.5842268521812641,0.5469371170224447,0.5520367520216883,0.3486700608832006,0.870782993887749,0.9672943502819246,0.43270697434360167,0.5559577165340878
DOGEUSDT,0.6737479843937969,0.8344842584184335,-0.4526808121386532,0.8182199617329622,0.8560670008635001,0.9176177050779042,0.30466286748031474,0.8350504839279841,0.6349824887622341,1.0,0.8827934314149165,-0.12448202061888103,0.5227465330381948,0.8402291402907209,0.6456576628245062,-0.6067048451299374,0.844156601891552,0.731173073703105,0.9671879507469253,-0.144912666470163,-0.46369322138538455,0.5144109085562122,0.5136702251114401,0.7450765727218688,0.8302918160511167,0.8224348735116439,0.24512222189393668,-0.49707596500752,0.6831586073038318,0.93593302139871,0.7665509541840061,0.5833337575014236,0.8356473111279228,0.7474746934771025,-0.08505368851639171,-0.444632847549163,-0.26579342694422975,0.8680158933614667,0.4670324049565582,0.46278419138484633,-0.27051765850458037,-0.11103429900768652,0.7231620404464534,0.03848862906699453,0.7561312828834096,-0.09287455259531473,0.8023367671716581,0.6441094852112437,0.8914177977187305,-0.21961982966618054,0.5481280361892467,0.8554313673592887,0.8028817830086836,,0.6543902678541021,-0.10684901067078424,-0.6201367036470052,0.4788462087489353,0.7255959552763352,0.4522441332322756,0.7834253832370304,0.9183577904804637,0.9161002285097581,0.9010234130640394,0.5145582524632415,0.6226450277362282,0.7044493690416309,0.9809693842537737,0.8093454172992083,0.3241706656713497,0.6092389716602141,0.9100067835056243,0.8874514528153532,0.6037547837841513,0.11186849826880409,-0.35513573338741333,-0.5498106837947089,0.8242775638134112,0.7604998301900076,0.7287569712468566,0.04254759708390887,0.7332545732393756,0.42841807218475764,-0.06019472553153519,0.8592572739797738,0.8914789257003911,0.7952270361767924,0.02623794203212123,0.7088270929568659,0.9202147103967726,0.8965609538127451,0.6309665495834197,0.012483374399600232,0.7280261878517258,0.6416720198141171,0.8235829276824016,0.5848318691961125
ADAUSDT,0.793682425619314,0.8885874284761217,-0.3293588548067268,0.771009211782334,0.9388457100451756,0.9225845801162353,0.45358785547502123,0.8937585657062643,0.7569914131018622,0.8827934314149165,1.0,0.2602117426003829,0.6542630630062354,0.8984506052719295,0.7687450406477891,-0.406857183657839,0.8967912421502876,0.8479146787004188,0.9179402536429171,0.09646890113380803,-0.2730498931483842,0.5840481255492895,0.44685905366556555,0.6545667425685612,0.8838511789677412,0.8873004433739751,0.07710713648221297,-0.302842625793493,0.8077170821731637,0.9632415698556899,0.8571115828373799,0.4211225927305414,0.7654857895129167,0.5165550056457218,0.04802754932352822,-0.6107697589367261,-0.2436402204322309,0.6722554599267402,0.6636738245765216,0.7113740839785043,0.009273020127013622,0.16171025600402367,0.8945917812895456,0.11673400104954015,0.6870351618915584,0.35729868048876073,0.8442854629280502,0.3589786674390211,0.8537356350559858,0.020170356115387787,0.46752100658494866,0.8845458432917459,0.7808480334394837,,0.543500755655944,-0.0675359732421943,-0.4394392496737565,0.5060215818735407,0.82189152557825,0.5046983768983494,0.6092933181712069,0.9245142903384432,0.9234123470232651,0.9160815448326123,0.542650251884228,0.8438395032734156,0.6993756071550156,0.9265407371608672,0.963038037188957,0.5300515258199683,0.5970992612117009,0.8677125793364631,0.8793737037700586,0.7722556545486441,0.2945696995025281,-0.2973557182523152,-0.689532286728519,0.8865814533045326,0.5019028710361013,0.8376070187762644,0.09562498367148035,0.8325218864144094,0.000812593067336208,-0.3740011401223942,0.937327419591364,0.9158873909600003,0.79419422471229,0.4118906177453635,0.7917743328160207,0.9316864126285631,0.9506614822974683,0.6436784976842599,0.11020831472354745,0.8262110623604666,0.797133772973451,0.8885333564918796,0.7104398722786617
FIGR_HELOCUSDT,0.5560800325415586,0.2493168251166135,0.640559195448836,0.16623566696215586,0.28205216842005393,0.17111607220428288,0.03593865416121413,0.26210538658758425,0.1833927942866105,-0.12448202061888103,0.2602117426003829,1.0,0.4962155351187892,0.26149254596732,0.5767149419188502,0.5920331078283165,0.24035821131699356,0.2507886977812495,0.023746372576849594,0.6160353463012191,0.5491992027043743,0.24867048789627189,-0.08955592891489661,0.2557694500238039,0.2539805435021638,0.2777649805697384,0.1315626471871521,0.6187334039678776,0.5552966474282623,0.0324189025995079,0.24426318213300371,0.13394016014121493,-0.22298715832190305,-0.5874409910244893,0.5404362003229849,-0.1442742955367658,0.49366866189374603,-0.0027494315330679987,0.2057078495356291,0.28550069853743026,0.6434463771350363,0.8186268741243097,0.10877813055792891,0.3126559982017963,0.004796643351319818,0.726173241900954,0.05799347593584596,-0.45502298623313686,0.19824527193605415,0.7040273155712471,0.03169887341234268,-0.1340611039080076,0.12663331378828865,,-0.5130942059379584,-0.2691450490760785,0.5967060965272302,0.14959157780220583,0.416405522290273,0.21579356355036355,-0.4150012288440337,0.17206812100919325,0.018174895784034462,0.2358912273509195,0.12376956763487726,0.26585092286066614,-0.23220594030398786,-0.05758713992018739,0.25683554566223527,0.6630991095694239,0.15612233437988904,-0.11297319316714484,-0.07065929701548947,0.5000793673888397,0.5627635381672809,0.1932812391940646,-0.11275283292672829,0.2703825075109714,-0.3077700959390188,0.34798985461179405,0.41423078166326005,0.06630489919444298,-0.8061188186103942,-0.9227896880874805,0.2710768999019547,-0.007863866601535105,-0.24593990247554137,0.7374733869797934,0.010357829252658525,0.1748320356428983,0.1878189995726014,0.30480031110339034,0.10985183368473883,0.2224251403897981,0.35116257015050656,0.2818936093366474,0.6143021508363224
WBTUSDT,0.6923173973278479,0.7802456686717315,0.3705366612605027,0.8214797593117346,0.5324405558724171,0.7808148136292866,0.04931139806381616,0.788322753856788,0.3062817336013367,0.5227465330381948,0.6542630630062354,0.4962155351187892,1.0,0.7964394840980148,0.7244202283691543,0.07595278507837319,0.7713299580932391,0.7219524981500901,0.511798130005693,0.6381583473015299,0.3711946037002145,0.7055969448324737,-0.01884084581906198,0.6960414023422801,0.7728749831767892,0.8009686293932171,-0.09038828563292946,0.3369354995505251,0.690600912216015,0.4751936259560355,0.6281994604969819,0.3848192795889426,0.6118275878904679,0.2834927322239,0.43508355518085157,-0.11616575267636801,0.2836846228545413,0.5660207463202067,0.4047658709701025,0.6703222380414456,0.5260412745553407,0.27989637638221726,0.34530787615622494,0.6138263635749582,0.0892396366291773,0.3862233361968206,0.7137910045091749,0.10312115102023532,0.6743796028388793,0.6621029538323356,-0.0919910485499084,0.30142131134738726,0.2686581752120589,,0.25198174624476916,0.22047481667057295,0.24877331856993187,0.7886934595916961,0.9159376063011196,-0.013495988986605202,0.46359557885078934,0.7783983695069542,0.6012415172829928,0.8012655682661063,0.7388904566688774,0.6124363179668731,0.039701249435546974,0.5433925554536103,0.5070168114853053,0.7677473400992846,0.6326090410521913,0.27247676071608296,0.25752266600153245,0.8641370316688182,0.49357058612287463,0.06815135424173531,-0.1349797558156124,0.7920564673096521,0.23258070145175266,0.45881902831182375,0.501206824975977,0.18265059649136106,-0.14769059440778748,-0.5128905262480942,0.5219949188657833,0.6004797223780327,0.21896766902124196,0.6938051432441401,0.09513328465325564,0.7660912596715722,0.7317454221490778,0.6764067860645391,0.4381326186081172,0.6820915216488498,0.4700699695228351,0.7997549338052584,0.7989980792938185
WSTETHUSDT,0.7319453065784973,0.9944030595252059,-0.06831709011060948,0.9093531590936677,0.8438906622909058,0.9657554587586696,0.42371422128193986,0.9955373250509064,0.4393090820046218,0.8402291402907209,0.8984506052719295,0.26149254596732,0.7964394840980148,1.0,0.7205001377324042,-0.14509549015825246,0.9942070150887187,0.695064705387926,0.8377748881179606,0.1387174449708136,0.045289739272714284,0.8551768093914452,0.09989524110695294,0.6674701204263827,0.994404654685226,0.9946201544346428,0.17116249664558766,-0.15594870749091663,0.7460157273789861,0.8251368996856686,0.8757752123797901,0.348346862218823,0.8173060996228517,0.5988904563134683,-0.03122180289519093,-0.24604999939134645,0.028769918314805305,0.7114480500292741,0.7340291081132808,0.5773478442514846,0.23434189422993737,0.0797347840864772,0.6875994993985929,0.1175777586600319,0.5326136639460227,0.15660511856093323,0.8281706660913218,0.22105194311143656,0.9456043173048134,0.12149991555927452,0.4076102622937472,0.7130736499925275,0.7171918412791085,,0.4098060015138921,0.02998532726187699,-0.2014510680325477,0.7717535893156056,0.9428419783615526,0.3789302857739193,0.7264537229255164,0.967051746642613,0.9433403783822993,0.9571885874346981,0.8000884814853166,0.8411486424659029,0.3747967814786284,0.8503721874264852,0.8067029174085621,0.5672250824765176,0.7517782991597953,0.7555265066787812,0.7197324239410543,0.9113895966586214,0.5734114709638295,-0.20629326830790268,-0.5130672779521469,0.9950735003657877,0.3637672957287718,0.7290164019485168,0.08573748530442962,0.610754320551803,0.13120783282079224,-0.36671793836027183,0.8443460432444378,0.9146722488107125,0.556452147853246,0.4953436301857494,0.49234665214839174,0.9705598911431725,0.9713193132060459,0.6288989155387559,-0.0012152754302916199,0.6578325160430002,0.5453838875012745,0.9947847897101524,0.7246570346529613
WBTCUSDT,0.9523302180215699,0.7070797657418028,0.15521153232080914,0.6662209873635043,0.8155850451317698,0.7774758640868114,0.07950058818093658,0.7178979044301516,0.6727310712150375,0.6456576628245062,0.7687450406477891,0.5767149419188502,0.7244202283691543,0.7205001377324042,1.0,-0.13283381481029394,0.7086725830840649,0.7703126672052628,0.7470665270654976,0.3361621120091833,-0.029086883748761623,0.3995044568853523,0.4719999692855632,0.8410964531826746,0.7054674259977196,0.7181711883196601,0.33075638011350933,0.18823576812293658,0.948068671400038,0.6669087224148286,0.7291087015048496,0.6897819717438648,0.375619218229738,0.1096712731535422,0.38933209301282806,-0.37083420194452377,0.2674448363828768,0.7267857686869725,0.3084003318838782,0.4778704206480462,0.13450539573826367,0.5327902998380751,0.4803291087850079,0.37253209248645786,0.5964582617197377,0.3870042330087022,0.5170597214435597,0.36279440989221595,0.7639364338312158,0.37068123472207815,0.4107188079561281,0.44875546775182856,0.6598809006797997,,0.13372634368195868,-0.4034861241961476,-0.06480382803021233,0.3226470149833139,0.7813473052869714,0.5349337765454212,0.25448342710391525,0.7751767801082202,0.5832757017767062,0.8212153745417443,0.3047660559918021,0.4810307443196042,0.32502841001372235,0.6809923778342021,0.7169669863434299,0.8101257883668406,0.6197307350182704,0.528390354627764,0.5255436581408334,0.6971719636535745,0.3381902430641377,-0.040251490149078195,-0.44994096881785894,0.7112975640021421,0.5205013990375175,0.816985434427224,0.48081277608161044,0.45686371792912656,-0.1500999624586885,-0.680561289142749,0.8081029339548932,0.5256397145420083,0.3908508599919344,0.3832810537578209,0.49110702722089733,0.7753823292683398,0.7044743184413325,0.7678823460928057,0.20637612360687263,0.7695327200335687,0.8043357224436788,0.7286748590841041,0.9282560111180981
BCHUSDT,-0.1644788011815133,-0.13927493400945115,0.8282451522126172,-0.13989105299321453,-0.3784702218784277,-0.3400972309354405,-0.06829725310815607,-0.13886504282290607,-0.6708179978095263,-0.6067048451299374,-0.406857183657839,0.5920331078283165,0.07595278507837319,-0.14509549015825246,-0.13283381481029394,1.0,-0.15818436636143823,-0.5310086588937598,-0.5707728514738319,0.3494022000715153,0.8879947171844285,0.25148033864637587,-0.7801919338645389,-0.28184639737008366,-0.12515241012409944,-0.11903483583773987,0.16088707794292828,0.5917670255318582,-0.1613543997162577,-0.5895887777830638,-0.27604431260998896,-0.35659366894451083,-0.4804480392425906,-0.6078766589805148,0.17088004684030444,0.5311785257037976,0.6374161563790176,-0.41192657328739657,0.02411959769585512,-0.3181861382549081,0.7425429757737233,0.3831641336313885,-0.4890777803802763,-0.034210599394584755,-0.5047864552464193,0.13768748964933256,-0.3617156500275068,-0.8547568516530278,-0.19691282611309485,0.4867264383708905,-0.20111554532116402,-0.6562686120952795,-0.3329099308731102,,-0.842321645510351,0.0009510415151417788,0.8924077373624026,0.17323210949441398,-0.022512052338714842,-0.23582358631974148,-0.5079373263199707,-0.33720438431084865,-0.37608120405667705,-0.30168793345366535,0.1608214687120721,-0.1395431738662886,-0.8221577241083219,-0.6232420427884376,-0.4369891869479361,0.07937779718785334,-0.13996760944639017,-0.5758447208512112,-0.5839477714287822,0.13707944389512416,0.6507146001875904,0.2842122925500667,0.41290431956033763,-0.11857887484926073,-0.7933006484767501,-0.3335017943352886,0.03803882474542791,-0.4709590022372799,-0.5273595026998178,-0.4572903692745806,-0.3800212905038673,-0.3985454886263324,-0.8234005447774975,0.4798945598747937,-0.6536705589436533,-0.33755814106862225,-0.2941240823102632,-0.2580932516010986,-0.2872608502902221,-0.5723191338557795,-0.5230824653275288,-0.12374044048228987,-0.018882838246879204
WBETHUSDT,0.7215449904635225,0.9938771019155302,-0.08853319302591735,0.901106106312657,0.8455538058436608,0.9653133003546693,0.43623617184988833,0.9945050694112746,0.4396553616889861,0.844156601891552,0.8967912421502876,0.24035821131699356,0.7713299580932391,0.9942070150887187,0.7086725830840649,-0.15818436636143823,1.0,0.6906985430829335,0.8421712487257818,0.11565960833452654,0.0339116387359741,0.8554189639153127,0.09918392581413124,0.6544965891526076,0.9939875587957767,0.9930421155163811,0.1682466318939169,-0.16820251348501725,0.735837797297545,0.829559975587587,0.883462287834855,0.3343644984730289,0.8235310643144238,0.6172978034404583,-0.06072211678736748,-0.23846000861930317,0.020449921011683372,0.7065245968219758,0.7452161491163083,0.5725493690325207,0.22037604807238395,0.059741350938684754,0.6922935082956725,0.10048768337187403,0.5392791452225897,0.14389123100131193,0.8224576523922604,0.22986927047847405,0.9443509230960337,0.0977962481818592,0.41438675936893926,0.7230170484499417,0.7223024545008115,,0.42357481427914456,0.03124435992280575,-0.22099407661677262,0.7666292055303211,0.9347812475525626,0.38890714527366727,0.7415875632554666,0.9664980399078014,0.9483493924161824,0.9543047185281928,0.7968694260289255,0.8453434601541169,0.38048827968766336,0.855761677352091,0.8092727233109305,0.5590796481453507,0.7605481674563636,0.7651969062052041,0.7262791414191325,0.9038576869985768,0.5694420923838412,-0.20891508444023807,-0.5261010111886365,0.9937662574301348,0.3658248172520212,0.7323889517953008,0.06719253824003325,0.6128790980323148,0.15260870414794356,-0.3470568285464562,0.8464159146353912,0.9185707025718083,0.5682225069802995,0.48133692197200023,0.49874052782585243,0.9706368674947841,0.9701424067293033,0.6201999799703161,-0.00982554143937411,0.6542221956901075,0.5426445173783904,0.9936383232398932,0.7109669624051578
HYPEUSDT,0.7702023717150477,0.6837504245631407,-0.2213803881975894,0.6286072727160018,0.7565836963578135,0.8099168760228597,0.15953512162422054,0.6933406121462081,0.846183194334922,0.731173073703105,0.8479146787004188,0.2507886977812495,0.7219524981500901,0.695064705387926,0.7703126672052628,-0.5310086588937598,0.6906985430829335,1.0,0.7737144873984169,0.3593313578665879,-0.264897139812145,0.3229139873050379,0.5765927693484306,0.6868433248444483,0.6689731818340175,0.6913808252577635,-0.21595957705985636,0.0012619830695966528,0.767169908703201,0.7909580899985762,0.7423656663042738,0.49002704071183756,0.670513741407159,0.4244557493145659,0.30012229789974976,-0.5830404345256797,-0.17220070685178426,0.6009504532281312,0.3770458546353851,0.8455593485895834,0.0022764191719688324,0.1922300241729192,0.7013539626592934,0.5207796077196578,0.44984169944483876,0.5058871114045753,0.7394483736577153,0.5398342465294852,0.614617664589147,0.2944505615956076,0.08934548126847527,0.6918112718162831,0.469716057192042,,0.6609196455048583,0.05569133982571661,-0.34614582576074876,0.3802063970168103,0.7326354304176689,0.296524656279179,0.5261356973261745,0.8060843740202795,0.6792847449936821,0.8120677884165446,0.3516119068902256,0.6528564696674125,0.6146828730182821,0.8082329086547182,0.8047919720634967,0.7045951766919548,0.5808165638889349,0.5885033747761558,0.602951661289594,0.6215803053271988,0.0066824841770817085,-0.09398928981403971,-0.5301626123642749,0.6822164413643028,0.6069760872852883,0.7175802325863992,0.413539712759275,0.5345074451734804,-0.03241365505959614,-0.3210641905260439,0.7464918417133328,0.6903172777067906,0.7416377451481762,0.3835619865773698,0.6261044715558982,0.8025176049913976,0.7552537952884177,0.7222405377364339,0.5796310351290577,0.9965646008974826,0.8905420192786402,0.6977080189948323,0.7340739809356134
LINKUSDT,0.7814908798218396,0.8312830204375714,-0.42796935270727543,0.7372768155962676,0.9477278796178717,0.9164288888638896,0.3535906027211201,0.8330923146590005,0.7483897337647056,0.9671879507469253,0.9179402536429171,0.023746372576849594,0.511798130005693,0.8377748881179606,0.7470665270654976,-0.5707728514738319,0.8421712487257818,0.7737144873984169,1.0,-0.1520571043235567,-0.4560094392546245,0.47290963574133105,0.5827046270515492,0.7398846275516627,0.8290574241177415,0.8196446358077963,0.3021908629889499,-0.39194541991192877,0.7893544836696793,0.9606802515263843,0.8593081914717259,0.581587992200384,0.732240620966654,0.6393376189299892,-0.10322874811238175,-0.4707550245293352,-0.1776486862090073,0.8325953820030602,0.5224484335784917,0.4711966961301754,-0.25929626916158455,0.03517653455270861,0.7632135285399094,0.011458452788000218,0.8478563746180827,0.03873832953559222,0.7066550494976483,0.6316609216814054,0.8967045102539236,-0.20233708597172112,0.6367505178664945,0.8627067004301482,0.8835461380531873,,0.5759320401929383,-0.2743386211909161,-0.6179129750796197,0.3637411978978736,0.7236590949881757,0.6396775591264736,0.6926494316760166,0.9160998874641189,0.8911790100477116,0.9077615956058637,0.4023209137627344,0.6502850621354227,0.7052099674170245,0.9820002340787487,0.8903682211720919,0.46351466187662665,0.6788647727459726,0.9304561782029067,0.903389766489559,0.6171988840890833,0.16494497590994975,-0.3095002127519048,-0.6860586284336829,0.8206116742373327,0.7381388993871048,0.8738659675718164,0.06619661197604293,0.7616914353643655,0.3319268035751716,-0.20355978823068838,0.9500512737882332,0.8449066777040183,0.807693548287798,0.06635781373128176,0.7890128030036959,0.9236814974847113,0.881907474327708,0.6638606778747946,-0.0037403852200396195,0.777791374705672,0.7731881462561282,0.8273362986413731,0.669573977992837
USDSUSDT,0.2772034571221103,0.12840508174449922,0.6290671777772299,0.2644568476718377,-0.0727323807923596,0.12668190834953597,-0.290668644956908,0.14174143433951486,0.03144515145023646,-0.144912666470163,0.09646890113380803,0.6160353463012191,0.6381583473015299,0.1387174449708136,0.3361621120091833,0.3494022000715153,0.11565960833452654,0.3593313578665879,-0.1520571043235567,1.0,0.5404595260381607,0.17018246078829644,-0.1547535807702305,0.2777007907247698,0.11717943196617056,0.1638703862430013,-0.3822000916081199,0.6313522351757822,0.26616187649943096,-0.1291841979991827,-0.018300889133371148,0.1396640704478903,0.03311212092828161,-0.3293648509480285,0.7771503049192797,-0.08516828130344231,0.289151788595429,0.0014262753751777845,-0.10059260360502163,0.4978100653008879,0.6416985335129206,0.44234943427615486,-0.08572541351908665,0.7734509229852783,-0.45137285191517396,0.6015739805836151,0.2689025870475547,-0.25676979344038886,-0.013879918202780327,0.9229641466516616,-0.5768186582633649,-0.25355262161958564,-0.3570063177352994,,-0.11426683663878186,0.3467932131292482,0.6428355444548914,0.38076153532749074,0.3901031455331071,-0.4459869775886385,-0.18479241037629965,0.12469764838309652,-0.07661744787862813,0.1711584786763594,0.28886275279666035,0.12721286366077095,-0.2678642751943366,-0.11388764725041214,-0.02123811846408954,0.5192621813590534,0.026396975559914628,-0.37848268831337795,-0.3250610947117419,0.3851052110295322,0.18267032129980562,0.2619612984882799,0.3088273160267809,0.1504615915922666,-0.16855237744058282,-0.08651240106163685,0.626877095200847,-0.2401686040674221,-0.5971506120836796,-0.5001094442514304,-0.09003261519963485,-0.023485854347726633,-0.24480372931210653,0.6821789859824109,-0.2984708461253539,0.10402263446902808,0.10580294906387784,0.31330389548880494,0.642841865322126,0.3252081782063244,0.1564571689197062,0.15656569697328163,0.43634319951606354
