,BTCUSDT,ETHUSDT,USDTUSDT,XRPUSDT,BNBUSDT,SOLUSDT,USDCUSDT,TRXUSDT,STETHUSDT,DOGEUSDT,ADAUSDT,FIGR_HELOCUSDT,WBTUSDT,WSTETHUSDT,WBTCUSDT,BCHUSDT,WBETHUSDT,USDSUSDT,BSC-USDUSDT,LINKUSDT,LEOUSDT,HYPEUSDT,ZECUSDT,XLMUSDT,WETHUSDT,WEETHUSDT,USDEUSDT,XMRUSDT,CBBTCUSDT,LTCUSDT,HBARUSDT,AVAXUSDT,SUIUSDT,SHIBUSDT,DAIUSDT,WLFIUSDT,SUSDEUSDT,CROUSDT,USDT0USDT,UNIUSDT,SUSDSUSDT,TONUSDT,PYUSDUSDT,DOTUSDT,MNTUSDT,CCUSDT,MUSDT,TAOUSDT,AAVEUSDT,USD1USDT,BGBUSDT,NEARUSDT,ASTERUSDT,BUIDLUSDT,OKBUSDT,USDFUSDT,ICPUSDT,XAUTUSDT,ETCUSDT,ENAUSDT,PIUSDT,JITOSOLUSDT,PEPEUSDT,JLPUSDT,RAINUSDT,APTUSDT,PUMPUSDT,HTXUSDT,ONDOUSDT,KCSUSDT,WLDUSDT,POLUSDT,PAXGUSDT,KASUSDT,USDTBUSDT,SYRUPUSDCUSDT,BFUSDUSDT,HASHUSDT,ALGOUSDT,TRUMPUSDT,RETHUSDT,RLUSDUSDT,USDGUSDT,ARBUSDT,QNTUSDT,ATOMUSDT,USYCUSDT,GTUSDT,WBNBUSDT,BNSOLUSDT,FILUSDT,VETUSDT,FLRUSDT,FBTCUSDT,RSETHUSDT,XDCUSDT,KHYPEUSDT
BTCUSDT,1.0,0.8911244166486708,0.2278765409798225,0.800353358921406,0.7853304594842443,0.721417610310382,-0.3227009758447451,0.8111410195443167,0.8586777721030472,0.7516215146472337,0.8395069215540494,0.47291228268240515,0.870824056196862,0.8499701273232058,0.971707172054024,-0.10918612759342948,0.8626205052478767,0.3491484579985901,0.31549546394382627,0.8221921491010333,0.19935665485127518,0.5223110291428709,0.2295992956683107,0.7872992609042179,0.8632522545673609,0.8561305587784721,0.18189714225978967,0.5722807225519684,0.9756141469406697,0.8536514334427265,0.7443531900429554,0.7466688543749752,0.7379527090725082,0.7061491957845077,-0.19436225742237664,0.09517838049880367,0.07274681473725828,0.9203565783450923,0.15976406692802225,0.8085208696399481,-0.004200639465590801,0.705175256476584,0.21566761602747261,0.6381041381058027,0.6896785890168601,0.5840313166471935,0.46922670981051445,0.7512876567887112,0.8294936104015058,0.2354418083956201,0.5135765841868152,0.7198341376658871,0.6542746249697802,,0.7810099399412791,0.09900182703236021,0.7298174861794924,0.4781436712474453,0.7560388831579037,0.7037362973141226,-0.24439720762577719,0.7030583130706887,0.7319636332022703,0.7974845421048182,0.27556179214518295,0.5375806680445885,0.5121503478722124,0.8485691825702608,0.8237598001829937,0.8559557377721118,0.5190915607884428,0.6946859857773323,0.42168222284840723,0.6158147795606472,0.026997497105254186,-0.1603746929106214,0.20036587142736897,0.4136950720636522,0.8546648300976675,0.6084799873003046,0.8537666870499948,0.40157601280640237,-0.18163431908801786,0.7591583107774819,0.6897014399482839,0.2051531683735971,-0.6507587212509559,0.8314922005010131,0.7873275393229148,0.7104267147630855,0.5897104847301249,0.8662374114093639,0.786840280887273,0.943534385481,0.8642799375637438,0.3142970562000765,0.535911472824212
ETHUSDT,0.8911244166486708,1.0,0.23922641609818393,0.9005315554078137,0.836831623310746,0.8371527561541793,0.010917524733781122,0.6801548642207722,0.9500727665333967,0.7979443901811382,0.8717916596372435,0.42500546882028734,0.8389547080956427,0.9466900835659338,0.849668100699429,0.06793183079203698,0.9507398245872989,0.27841724081577857,0.4369439529261033,0.8103314623234673,0.5563443586708009,0.47949412990128065,-0.07670058749529479,0.6832857906606399,0.9516410824419047,0.9492958869464,0.06294215998933796,0.5116519008065296,0.8694649526842628,0.8592604647614607,0.4967266154776849,0.8908230496206129,0.8832619529910923,0.8591272094652327,-0.2132773979972356,0.13285734060998933,0.03785088258771658,0.8301758561525185,0.37342673636843554,0.7941428263076818,-0.28989038321875704,0.8456129438754368,0.10635837098875768,0.7195826266873178,0.5629639614218692,0.7489590382070922,0.3593879684338828,0.4668598413095501,0.8979078438425429,0.23873598741632276,0.5252068968712081,0.6804015134535727,0.6849563873496826,,0.7888690173055707,0.16835849994558752,0.6971124678776638,0.6142302531422855,0.8801849284335314,0.8638480487679832,-0.304069452111651,0.8242544739102606,0.8722225521499742,0.8729441877628676,0.5925456688845484,0.4611336273923716,0.716553062039789,0.8638290813858752,0.8439015676764464,0.7837469714477114,0.6243977615429995,0.7475682612177073,0.5992182070781272,0.7382140694659439,-0.11735104010618277,0.23204871143634825,0.1326752683519095,0.24199629235770656,0.6334410924133392,0.6911251922961635,0.9526662650693513,0.13743147328953717,0.057028798601081114,0.9030600304131874,0.6513165572780988,0.23293885081626783,-0.5767641241432365,0.8242851685160066,0.8377587994248045,0.8362495009712598,0.6258217512598936,0.9415972981693592,0.699389448379362,0.8202441774224004,0.9537648447529249,0.5796486671460287,0.4600085424122759
USDTUSDT,0.2278765409798225,0.23922641609818393,1.0,0.30938941396841135,0.01952477461808832,0.04424286695185532,-0.22468272745362508,0.034650813766958985,0.2371318803825239,-0.04494486072383537,-0.06142209257107518,0.580683632057412,0.4688313120962337,0.22910124764192505,0.27090301303607595,0.7811350738387197,0.21619039187669417,0.5280364307346631,0.862705159709475,-0.17812713487655865,0.3376847997841079,-0.2837953066691211,-0.6420435241199163,0.298716740817439,0.2430465949798998,0.25158562886651115,0.7726395398637548,0.4432821177585497,0.21951672096529828,-0.0821650534424999,0.20522726727294047,-0.08889163067713549,-0.02421614401680148,-0.05012182025865968,0.3758329147205204,0.8224355814139602,0.7889943062715313,0.27366071374369605,0.7069836277021447,0.24742947996123993,0.6103109589225383,0.16920995665585464,0.43411924580155664,-0.30978771187107706,-0.37555219385300775,-0.059983418348525074,-0.010212545735927128,-0.15805280369543423,0.08231993353826506,0.7961198514935398,-0.04864308044199645,-0.35676109480419205,0.36543660928997745,,-0.08453173181041071,0.8971840648425852,-0.18802620955814986,-0.047877361420909856,0.5079526816681272,-0.04487072835388005,-0.84101190419653,0.03162605763125617,-0.13535180331966926,0.11109282192341424,0.15629566263719455,-0.5834542745030022,-0.24392470212257694,0.06954776634751335,-0.1551039173811921,0.5309674530044073,-0.4410094883724756,-0.24307485086559572,-0.061206553398421834,0.131978188287901,0.697857799960843,0.3629412959967681,0.9585548864140245,-0.29902294713397715,0.03370063236240247,-0.2425890859192131,0.24627248830808585,0.3939177869338027,0.027776766676783596,-0.06996371719799863,0.14469656396162123,-0.736217776197576,-0.22753245512982698,-0.10092010402642616,0.013373708892943826,0.011930308866979199,-0.2810830510944624,0.1393667001639681,0.17213346126227178,0.3381261846149958,0.2550494128440293,0.5417308347506676,-0.3016750889702205
XRPUSDT,0.800353358921406,0.9005315554078137,0.30938941396841135,1.0,0.8204833895633188,0.9352021917193485,0.0697904368560474,0.5498657744524196,0.9026532999358304,0.8609345467536685,0.8019596856881361,0.28542576270880377,0.7475539165578777,0.907092073682636,0.7972870837946495,0.06993693329432066,0.8963865873514092,0.30553913743814964,0.36775235313538623,0.8105367959983444,0.696510872415243,0.5653629597105274,-0.059440651538192474,0.8318504424072611,0.8938745266313531,0.9031409868812363,0.02506383237395239,0.5064452651417505,0.8141691059966347,0.769568271923514,0.6220211343712121,0.8769574259524017,0.8930002793981093,0.8698499497913829,0.08031220271894832,0.09232671140817203,0.1355619675766007,0.8814110005585847,0.3391323679375852,0.6446909300020667,-0.14876616842221324,0.6385201262095078,0.30090079063669783,0.5770185446325982,0.4625253970387246,0.8406599339752113,0.11821363617134636,0.5054946155752407,0.9302642367230309,0.36247176151679905,0.47798838357971224,0.4901557520504585,0.4820978900134949,,0.7225160888460012,0.19859326867827856,0.6001278387663104,0.7435899486399156,0.835546801637027,0.8842109551264965,-0.32878186731261827,0.9271934217979446,0.8444449366547272,0.9487494070830076,0.7061396089113833,0.3658467918519388,0.5893765698190878,0.7359970090087792,0.8459023518676229,0.7554353510086558,0.6264533009827838,0.6839611493942298,0.6424900816926337,0.8160951359380527,-0.18275009087492702,0.3420354201484248,0.19740905773962486,-0.07859771224042093,0.6680267621857984,0.6032434414431392,0.9079528946965056,0.2623787202863338,0.0905814198049934,0.8614465188417234,0.7033943232003906,0.2157679043492897,-0.36598013379266636,0.7743169260628155,0.8158344841372729,0.9311099357903556,0.5741017647124712,0.8903726445354216,0.8615861889587829,0.7235846805667044,0.9053787720782255,0.6969446597576502,0.5452365727335087
BNBUSDT,0.7853304594842443,0.836831623310746,0.01952477461808832,0.8204833895633188,1.0,0.8569803622445474,0.2733142691147545,0.7704586337591822,0.8369551765591828,0.9306321642472765,0.8591518885463414,0.005823348352638387,0.6402115612794409,0.8434303485654153,0.7578599084156433,-0.0989992336724587,0.835810217538123,-0.05215622162576318,0.11472051227477198,0.8969931244332319,0.5251880774069108,0.5353470608975536,0.1689572598745044,0.72472094062074,0.831161287143825,0.8305945128188568,-0.24856796639507478,0.6059372049528797,0.8041466064907615,0.9093966172391466,0.5875155047618921,0.8952877755714695,0.8277520873763534,0.8994614058945843,-0.017903787500645654,-0.17206004630001043,-0.17496976138322207,0.8457306157343035,-0.018605839343848764,0.688329606913243,-0.2306551773596521,0.7033217832460019,0.03735474997968502,0.7869389506800074,0.6754013658201784,0.754915967587815,0.11393054289996037,0.646940663321482,0.8375091181753147,0.038736939872348136,0.7479826427670055,0.5971026990702203,0.3883950083187606,,0.8967062866346402,-0.022351680389647802,0.7205360137090849,0.40640724269297956,0.674957451721501,0.8152752827039105,-0.17273333564797558,0.8478218280435659,0.8366495125259779,0.862959415007628,0.34888739156203263,0.6894261624302567,0.552930929359421,0.8956409354224977,0.9253077429965021,0.6242600137030692,0.8329536482359546,0.9091930039213769,0.30757844368072973,0.6214841268267453,-0.41296376311072136,0.07459327664282213,0.008183168216015765,0.14107524039209265,0.7831105627374083,0.8911385104356998,0.8366934693607737,-0.007444186005324131,-0.20140655815985575,0.8766233044367003,0.7907557081861395,0.5856494505260563,-0.4314023923061913,0.9631390955967253,0.9683671578494409,0.8625565050093728,0.8589827109436121,0.8801154811331662,0.7125981020839088,0.6370053396761951,0.8369518566829377,0.5242515527999301,0.5397351287056105
SOLUSDT,0.721417610310382,0.8371527561541793,0.04424286695185532,0.9352021917193485,0.8569803622445474,1.0,0.22805823961418972,0.5625692394608725,0.8407589201099509,0.9167477565653303,0.8300844028897368,0.061641591358177816,0.6084438213006981,0.8503041256664475,0.7071956021643087,-0.14089220914614906,0.8371099181615203,0.16981329844938878,0.12024978559484698,0.8709870877125423,0.6730644864841779,0.7035361068467954,0.10973488618680216,0.7756900962830845,0.8256563943474279,0.8377383838598328,-0.20476150174524746,0.36426231977255497,0.7405563506328294,0.8050315417552338,0.5632786514414381,0.9351741531167496,0.9366373118151481,0.9278237685609934,0.09127026683973191,-0.18972099002010753,-0.11032288020372102,0.8086063696459981,0.14327148406489637,0.5978545875347657,-0.30216223542050447,0.5799746112332075,0.26027748060724487,0.6848044846648919,0.5148473403092273,0.9184495165200846,0.07191599739167875,0.5614485806707488,0.8961988042338301,0.20334404652769675,0.48177165135194583,0.5410888331502579,0.3654410023876409,,0.7328243024903043,-0.028264264040978794,0.6854065353204888,0.7535858215539332,0.7040635927685923,0.9277315714857365,-0.16451060721941077,0.9652617638686204,0.8897986189321303,0.9518349345277376,0.6777130078211826,0.5498802081634407,0.6534616227495027,0.7366108735555885,0.9156851864077523,0.6313992982242672,0.7756757577572553,0.7731100850167452,0.630445742654691,0.7975266770890906,-0.3966288110085122,0.25691424186656947,-0.05052428982859116,-0.07962134322588758,0.6744666197596164,0.7072782310249444,0.8444593150712452,0.1556401056099097,0.09726447272639942,0.9022154108993289,0.6698694633251837,0.47002632707535774,-0.2073847840428462,0.8275949883204934,0.8505181508022975,0.9735206215658706,0.721709611836605,0.8637422045591435,0.8535023574267092,0.5933258058284164,0.8390760837005538,0.575365114983555,0.6879826668422682
USDCUSDT,-0.3227009758447451,0.010917524733781122,-0.22468272745362508,0.0697904368560474,0.2733142691147545,0.22805823961418972,1.0,-0.09889119134536065,0.011590863964754988,0.24803250816034347,0.032232204752819904,-0.6273644500028869,-0.303916174947979,0.03421084800733983,-0.3472706961612357,0.13776915189536754,0.0011865690947203355,-0.5221037310295942,-0.1634777962134063,0.0658620702903356,0.621968509455442,0.002115812597585285,-0.2652120911889439,-0.13924451143600786,-0.004852017470646275,0.008521172737383434,-0.577144461565964,0.0020703016755661,-0.2865375765220282,0.06782522908739733,-0.34742562920888487,0.25822359637242637,0.1868275146303744,0.32603028060766154,0.28021953730530086,-0.32172962498143476,-0.33211821686088683,-0.15663090292791895,-0.09226363229360272,-0.13203871761817712,-0.40319339748076616,0.0729260739212621,-0.2313111765883107,0.23238440402671265,-0.13904150884781372,0.30780668498971364,-0.5156378439372759,-0.29119358955264113,0.008983556578551027,-0.18958323473419636,0.2832854236076651,-0.218053586649266,-0.3052880425793488,,0.12306674621026116,-0.07178634425034852,-0.016410759074456265,-0.06288131098217087,-0.029221044571822948,0.21523860690808838,-0.01642930148503877,0.2419778188493705,0.18181650949907893,0.11515032180049985,0.23653444195571058,0.1456285790872445,0.13934163688365772,0.07926124657880151,0.12745292737530364,-0.3058745802110224,0.4318767710085237,0.29099514937183585,-0.10259200531244135,0.055549568445880854,-0.5995088990844161,0.4982734998052024,-0.234641323834631,-0.4669792835481878,-0.21120653583480037,0.4085359926404255,0.02185999433260831,-0.6514576273177403,0.1012223243481219,0.2140741926296094,0.09270306315812206,0.49593376294039054,0.3626588794149495,0.1609458032509623,0.2626526440289217,0.2527068190670171,0.38841431455298053,0.05121612791279228,-0.14356609665510206,-0.4709131647038629,0.004797878741295715,0.4093216671633603,-0.026576957274243158
TRXUSDT,0.8111410195443167,0.6801548642207722,0.034650813766958985,0.5498657744524196,0.7704586337591822,0.5625692394608725,-0.09889119134536065,1.0,0.6791562395144917,0.6707464722565105,0.7583847494947906,0.2399447619223481,0.702970688623522,0.6729151250157808,0.794491292400729,-0.1975991228541815,0.6827594275053351,0.1804117193678924,0.14524026883274346,0.7205246211753228,0.06738593597637031,0.5093969936250066,0.3243409232970562,0.579098351294791,0.6806114159071746,0.6744108506387111,0.06115402770214515,0.4517540087835436,0.810908710343032,0.8198358541981133,0.5584332781632432,0.6554015801872237,0.6121397475821195,0.6307363653906253,-0.1267247165022864,-0.13672339955095078,-0.1811272569807166,0.7161972693657283,-0.03631498643742492,0.8118117878355279,-0.029071919286563785,0.6578249035670194,0.16091299968296432,0.7121447487398299,0.6132981252701284,0.4788330065754864,0.4579491167098588,0.7293857971894678,0.5685020151856394,0.12363598864392092,0.5023140774815484,0.651357515422282,0.5808859974981786,,0.6955201051390874,-0.0025482668949011714,0.78062816227662,0.14961798785585517,0.5618441266347567,0.5590113860350671,-0.24984103414921577,0.5444846872956393,0.5885935307608859,0.6170382749564597,-0.021473319472199864,0.6853923135982624,0.4310260566837042,0.8573934039118771,0.7450180684446981,0.7237751660952972,0.5251893190067816,0.7134234142424809,0.0937998313641237,0.38477722561176236,-0.032563858216679904,-0.3663112662839073,0.0900035288896393,0.479285779464717,0.7928975658723374,0.7065831192306471,0.6714895634750923,0.22117241307113547,-0.2884408333496907,0.6551250859978102,0.5647249387407586,0.41957236972842477,-0.47933225554715475,0.8225881185780879,0.7683794789995493,0.5558339037639028,0.7555441481976634,0.7308156756617148,0.585293893581476,0.7363841380763395,0.6847129446497789,0.09693567306271716,0.5367023864944794
STETHUSDT,0.8586777721030472,0.9500727665333967,0.2371318803825239,0.9026532999358304,0.8369551765591828,0.8407589201099509,0.011590863964754988,0.6791562395144917,1.0,0.800446496790055,0.8719980527038128,0.4210771326250842,0.8369726633797905,0.9457822500416463,0.8492446941761125,0.06285932450628683,0.949537923573005,0.2814497122543094,0.4321442922056974,0.8120020398317016,0.5576624836166513,0.48694728886756156,-0.07204723609944497,0.687121022269403,0.9501585321667249,0.948207512357489,0.06134938059365363,0.5070801336276297,0.8689441550722833,0.8586784621220347,0.4999538672469338,0.8921959306246751,0.8856874878074145,0.8606853857962333,-0.2060305589876788,0.1269074553136932,0.03612671958835066,0.8311129439486611,0.37087650518831927,0.7926507897969576,-0.2882708913899334,0.8403815823675058,0.11414247174695627,0.7187610786140658,0.5611445337318103,0.753551423466457,0.3565272025677455,0.47077110793916127,0.8983767846339966,0.24195579046279236,0.5212516957134389,0.6785383558369938,0.6814412533580364,,0.7865005959442625,0.1656132092185902,0.6989258689358001,0.6192609841305035,0.8782908741330957,0.8660577790041096,-0.30360945605418677,0.8279663153082227,0.8728115946963719,0.8758073934147859,0.5951010986432151,0.4627010786421045,0.716034834617876,0.861821859027856,0.8460425484671337,0.784326743124671,0.6256696656233012,0.7470212768499448,0.6017221763940115,0.7409463826443687,-0.11937948408138468,0.23056121160525953,0.13063380177450717,0.23618887865712113,0.6359053370286397,0.689914983095462,0.9515722516870533,0.14263192260305554,0.059290002398201355,0.9034590052859055,0.6509050771634503,0.2357059617216583,-0.5686757254827915,0.8242752093142937,0.8376990091594205,0.8397891224270969,0.6275006910037331,0.9410392748202062,0.7054068707928008,0.8184390125840466,0.9526255112809916,0.5781014858692053,0.46758549184612014
DOGEUSDT,0.7516215146472337,0.7979443901811382,-0.04494486072383537,0.8609345467536685,0.9306321642472765,0.9167477565653303,0.24803250816034347,0.6707464722565105,0.800446496790055,1.0,0.8364359489401625,-0.06944431771644852,0.5635504270627502,0.8105759424995587,0.725741621649267,-0.20886409442215334,0.799083675273539,-0.02813101291711333,-0.0053266367668430535,0.922543775505778,0.5464767610570358,0.641458834385337,0.2584095697869601,0.7888038873637297,0.7887871041646004,0.793663589882412,-0.3173245335205883,0.516629463425578,0.7709044561490548,0.8619373706352711,0.6505235237933936,0.9019923776032746,0.8552396847615369,0.9048720046788911,0.06380203678232747,-0.2633309237123772,-0.18176520342114288,0.8550323771449715,-0.07828869641395458,0.5799997095592596,-0.23330912297803855,0.5662370884194654,0.12418076271112943,0.726430205783526,0.667532262611783,0.8244746336986688,0.027055756345710273,0.6909603528575744,0.8746343970118182,0.0382867524514321,0.6750638768908194,0.5663388843548098,0.2673687619227259,,0.8520331404062408,-0.11546677584264767,0.69203191628662,0.5621663382100341,0.6114630979006381,0.8512418713177006,-0.07070134879948395,0.9115022101920635,0.8536747271805346,0.908055689649275,0.44770470031131127,0.6790297383285864,0.5429224930856934,0.7972774662533719,0.9461687025451565,0.5722505150731433,0.8587170806431522,0.8724265404713568,0.4233717257407435,0.6879291076142172,-0.49372874582864973,0.09681356134388903,-0.07523010485766653,0.018021120986415253,0.7951659796955077,0.8216541621103689,0.8005595398551255,0.07694416651666126,-0.13824241822381164,0.8690312365297134,0.7833759213621895,0.609700843099228,-0.303423350101767,0.9241989207855573,0.9251106221357516,0.9232165310927631,0.8141800100353264,0.8454104451091081,0.8145900083593187,0.5862478581659665,0.7977838542366847,0.5121138422637861,0.6451566871450529
ADAUSDT,0.8395069215540494,0.8717916596372435,-0.06142209257107518,0.8019596856881361,0.8591518885463414,0.8300844028897368,0.032232204752819904,0.7583847494947906,0.8719980527038128,0.8364359489401625,1.0,0.2435033088031918,0.7281801998194474,0.8706158826496168,0.8183077394076067,-0.23158819875962225,0.8781711558805692,0.1742599780636148,0.14281679713125828,0.8900696852630131,0.38388944809363457,0.6454367182681051,0.21466620314791324,0.6464907371325371,0.8694782486861542,0.8667176204521974,-0.12890877295909953,0.3708630042355868,0.8495490951501209,0.9157705077493895,0.5094713033528045,0.9160743728553127,0.893149262288836,0.873716242067875,-0.2549656647266077,-0.1742713146827344,-0.22554284918962764,0.7853954028134873,0.10539819004970963,0.7787557523142363,-0.38711152334306065,0.7713411059565379,0.07935628525355466,0.8328057073391139,0.6874005679895989,0.7734335711850846,0.40244251684922194,0.6269468387620893,0.8495294383360723,0.05251467013182948,0.5207136244549463,0.7970381195401451,0.5943410527046983,,0.8095893456191726,-0.11025755314158911,0.8246069121295075,0.5891847625923265,0.7139500767518552,0.8666589881198217,-0.09490193591070563,0.8188664490196504,0.891206308779957,0.8515576156088638,0.4564164643856433,0.7009504374647326,0.7526580344760548,0.880483511147263,0.9215145243566975,0.6917851069107647,0.748798244969355,0.8344332978694183,0.5509174561814978,0.6818276086937164,-0.2817989762170731,-0.011563549358046701,-0.12809102768078484,0.3590351392982124,0.7168865187182317,0.7808574524255931,0.8697883130454493,0.11379248426797892,-0.007463440926774145,0.9148995420966896,0.6191752928217641,0.4907400066826466,-0.4718012534522838,0.8931315204128081,0.8597629198305282,0.8350751878234665,0.773116465102097,0.9059143218725905,0.712410344112652,0.7562603444271517,0.8716439372897666,0.3359973408054569,0.6415822366773026
FIGR_HELOCUSDT,0.47291228268240515,0.42500546882028734,0.580683632057412,0.28542576270880377,0.005823348352638387,0.061641591358177816,-0.6273644500028869,0.2399447619223481,0.4210771326250842,-0.06944431771644852,0.2435033088031918,1.0,0.690784573847536,0.39672529217740216,0.5064131044239636,0.3461401074133743,0.4229796818232413,0.737457880522366,0.7609629814180868,0.02475392081252598,-0.026062438184653248,-0.018017480251046096,-0.3584699021119168,0.15063499561815663,0.4390470528695462,0.4313699621817186,0.774826106014722,0.10262672044985893,0.45102119783050365,0.1745215235619042,0.09734464355527347,0.11578621268336281,0.20615057938980427,0.05113770891903135,-0.34162388210766215,0.6422072303109747,0.4436077531387424,0.25474510642568826,0.7336708875849589,0.5501942593626438,0.10258886332158021,0.49758760223049575,0.2505955843486542,0.059943489155969684,-0.02922462990263788,0.02529979266846401,0.6659453352803391,-0.029143690218031332,0.22753293239733643,0.5255345332625837,-0.22025502544636558,0.3143751584993998,0.8153242219681922,,0.02089105190435123,0.5048381482249453,0.20923861962055118,0.2453506708276271,0.5945691758677248,0.16006571787427762,-0.49049822786544134,0.04317084962924041,0.14828356016326746,0.16377352486538904,0.25097785362035246,-0.23757149801401553,0.3028468944122062,0.27134492361468926,0.03840796527359929,0.6468994740689449,-0.3343248641303034,-0.1037895072986307,0.3771015198247074,0.24531864246297855,0.7272471712666697,0.0412910501066399,0.4727735928522343,0.40888773488035685,0.06508384840893479,-0.160613657288434,0.4218673479747072,0.4431971090553126,0.243456260465646,0.17979198208689331,-0.0431681710341317,-0.6201857189231896,-0.5172259778347869,0.017085594044427152,0.013935924636103807,0.038173361000966376,-0.1949199322080045,0.3390973015792014,0.15677649347640937,0.6679456031216792,0.43451718694188673,0.10044445867742213,-0.04052751406525017
WBTUSDT,0.870824056196862,0.8389547080956427,0.4688313120962337,0.7475539165578777,0.6402115612794409,0.6084438213006981,-0.303916174947979,0.702970688623522,0.8369726633797905,0.5635504270627502,0.7281801998194474,0.690784573847536,1.0,0.8867003639309045,0.8803639686593883,0.1734056213620118,0.835658545197327,0.5552387472052255,0.6246649620383683,0.5990537808565481,0.3039177456374402,0.37866273633590614,-0.11529321548529818,0.6262397548427499,0.8438205703301176,0.8409095384287327,0.4471379906729282,0.4657099310567417,0.865590620542663,0.7122854652649467,0.5051451283524212,0.6519731038276846,0.6821706463174297,0.6117093412398601,-0.17036427028964335,0.34029955141770224,0.22926845087927875,0.7581890869762705,0.5085998874915487,0.8646255606495581,0.009714804357627555,0.7782995995762343,0.3039349871253403,0.5326193536807241,0.3894637619993993,0.5145337156112139,0.5504601703995455,0.454955162211068,0.6902346735711516,0.47773925361506164,0.29690659382564655,0.5806885856830738,0.8402444759730836,,0.5721212402442117,0.37708639777173364,0.6374162955361287,0.42801244226921836,0.8646618811707443,0.633676742872024,-0.5229642994410578,0.5880974272948012,0.6216747942852221,0.6884633711528994,0.3724703354867879,0.27639216164005886,0.531010138623267,0.7779899378102121,0.6322061455536037,0.9208509196378278,0.27097953352479565,0.49763944363099805,0.4341253440328828,0.5803643720319914,0.3046191971202004,0.023422632996838236,0.3997201360640842,0.3557282420778832,0.6042435371399735,0.44477146771309534,0.8368686790051573,0.3959438799426116,0.02168061535509461,0.6786079220487813,0.4891060812753586,-0.07813544921835305,-0.6071787203295331,0.6404126627479229,0.6410551550766823,0.5915448902702559,0.4308615421019872,0.8094894561769994,0.629713288485892,0.9099457784940876,0.8480252943587805,0.390798760997657,0.3704042262505418
WSTETHUSDT,0.8499701273232058,0.9466900835659338,0.22910124764192505,0.907092073682636,0.8434303485654153,0.8503041256664475,0.03421084800733983,0.6729151250157808,0.9457822500416463,0.8105759424995587,0.8706158826496168,0.39672529217740216,0.8867003639309045,1.0,0.8399354850754678,0.05909257152793735,0.9459574621996045,0.267026234254938,0.4182138530876107,0.816529107091671,0.5729471219604674,0.4931943627984699,-0.06920926338900125,0.6919436268497309,0.9461258449031749,0.9448608061502735,0.04190238099983618,0.5073070134339004,0.8611556242845997,0.857862719966878,0.5013671601791547,0.897538352071761,0.8897636099796752,0.8684138397298681,-0.18832339413604138,0.1123956525569603,0.029108536234889206,0.8313432340225598,0.3594206915467959,0.781374648659325,-0.29122874147186634,0.8303579493097644,0.11544607240426165,0.7190564144265851,0.5591682901157464,0.7640158946228274,0.3338613736827046,0.4716445376136066,0.9007833248411669,0.23745129546891477,0.5283060267962537,0.6681065734388079,0.6618193934570213,,0.7889596170411968,0.15864308237431368,0.6957544042477991,0.6231483712855154,0.8716756286851873,0.8714492675302864,-0.2984713712979036,0.8380657972325448,0.8762085855798379,0.8818524909956035,0.6014791104605332,0.46694765973759195,0.7124554674358609,0.8581956078600045,0.8513437595445418,0.7739181045361943,0.6389284370079351,0.7532814597386038,0.5999866366302594,0.7447017528232055,-0.14028734923109396,0.24068619936082009,0.12327625818706286,0.2144181304666992,0.6368127421966252,0.6971412020751168,0.9485922315179943,0.13381021488282235,0.058664805056659844,0.9063566988204509,0.6575212869758101,0.25140470375531604,-0.5516725294909627,0.8280893838453047,0.8437320481535104,0.8498643819067394,0.6361156531574333,0.9393708883771775,0.7109226728786302,0.8035518154517833,0.9491264092420505,0.5881198708780153,0.4737107380373313
WBTCUSDT,0.971707172054024,0.849668100699429,0.27090301303607595,0.7972870837946495,0.7578599084156433,0.7071956021643087,-0.3472706961612357,0.794491292400729,0.8492446941761125,0.725741621649267,0.8183077394076067,0.5064131044239636,0.8803639686593883,0.8399354850754678,1.0,-0.08140334877518295,0.8521680352636953,0.39672173684841905,0.3511737630521667,0.7918716518843777,0.20010529655268192,0.5156951861995004,0.2015799982013313,0.7857191920222011,0.853560922729933,0.8477183989629626,0.23285904227141094,0.5569292781044854,0.9669958546614356,0.8266386951901862,0.738827308523279,0.7239132946963768,0.7245712863117302,0.6836006389020852,-0.16904581275850386,0.1284294634777615,0.10919728763158457,0.9096751608909925,0.1997943107786731,0.8099540644578995,0.028440616219856375,0.6917989667759741,0.2574974213451103,0.6057375617506123,0.6463976896319444,0.5726113666030416,0.476579720953772,0.7323721984281213,0.8105259311114228,0.28612390342752186,0.471316079721747,0.6915430850857176,0.6702818135968515,,0.7431997455990373,0.13862606629511692,0.7140127021412955,0.4799622711993301,0.7644894868199757,0.687681560675903,-0.284766913563958,0.6884377039557099,0.7067018036047937,0.7855832200739392,0.28270348705581944,0.4954239143760134,0.49545114788923483,0.8276467813422418,0.7961900211920154,0.8745206793792116,0.4728074854548972,0.6550375892999852,0.42346873633110843,0.6136276933396017,0.07852561932037033,-0.15251193731970247,0.24045308552457537,0.39461083795910784,0.8373169027513321,0.5680209566144745,0.8447276400743795,0.43696306797954165,-0.160354228945478,0.7365497844006561,0.6654885389109909,0.1548524839286583,-0.6344363329013887,0.7993490518274645,0.7593797245067182,0.6941785268275381,0.5569887063673015,0.8517823586084957,0.7878418633546835,0.9461412970156059,0.8557716478373747,0.315200190480439,0.5280930187385567
BCHUSDT,-0.10918612759342948,0.06793183079203698,0.7811350738387197,0.06993693329432066,-0.0989992336724587,-0.14089220914614906,0.13776915189536754,-0.1975991228541815,0.06285932450628683,-0.20886409442215334,-0.23158819875962225,0.3461401074133743,0.1734056213620118,0.05909257152793735,-0.08140334877518295,1.0,0.044988571323297546,0.1477994714101761,0.7695850370048166,-0.36117090716513706,0.42181439567441886,-0.5715529959016689,-0.8425459579276762,-0.07986289806945564,0.07356532414125716,0.07494774197949657,0.487800856157287,0.35667323427048253,-0.10554124437346953,-0.2324513402065247,-0.2080777672498059,-0.18708868652565458,-0.1736917170736404,-0.13692469094835205,0.1987943105614305,0.7768214613154807,0.6229466361116193,-0.05072823714153195,0.6552154492493703,0.01612244845929847,0.30282538159464983,0.16787090126985632,0.01271884159043181,-0.32040769309416495,-0.4652882201596758,-0.19967064026101966,-0.1809218798611691,-0.5379983124662314,-0.0937324214968637,0.4699637740519324,0.02010987417699127,-0.45779421411004834,0.18510832005520286,,-0.14625050930244263,0.7900521470473614,-0.39511931964062824,-0.23878253862103188,0.32818268749008106,-0.16349163774976713,-0.6518492527405718,-0.14557233363380556,-0.21188313895278663,-0.115393039348753,0.14624059413916504,-0.6468573222455287,-0.221564129705977,-0.06893246958638467,-0.337711664463549,0.1431018384317507,-0.3967430836201695,-0.2720884910526686,-0.16635899496058265,-0.0456143473558046,0.4569362881916094,0.5940375459001511,0.7335125279653049,-0.32680108636300187,-0.3303066491390073,-0.20973939054779525,0.07575093035603032,-0.10460867212017982,0.08402243845196995,-0.15660116283322134,-0.0023916335230990795,-0.6316720360312393,-0.1809836286626971,-0.24201629059218313,-0.10157095520249065,-0.15526493529211452,-0.3404790709230506,-0.0330670385306349,-0.24110556369989097,-0.0061928834301798056,0.07549097278683928,0.5855695998465361,-0.6075635247209618
WBETHUSDT,0.8626205052478767,0.9507398245872989,0.21619039187669417,0.8963865873514092,0.835810217538123,0.8371099181615203,0.0011865690947203355,0.6827594275053351,0.949537923573005,0.799083675273539,0.8781711558805692,0.4229796818232413,0.835658545197327,0.9459574621996045,0.8521680352636953,0.044988571323297546,1.0,0.23644611620963285,0.419026996811655,0.8187474959065018,0.5411120060820706,0.48883835631377576,-0.05692348596464027,0.6797424490551864,0.9513038411298729,0.9484044564834687,0.050515976518132964,0.5015683095625716,0.8725789547611337,0.865133141296995,0.49759924722165955,0.8948335909284957,0.8866575537719582,0.860450427827452,-0.23299595208953036,0.1173810763693666,0.02179218844730237,0.8291083614436197,0.3592611155828827,0.7931966308083985,-0.30527388829522606,0.8459086706463445,0.09592179325297819,0.7287235297077331,0.5793666957521998,0.7501329228569728,0.3707620556733545,0.47616548821121957,0.9018574663675458,0.2193989129603357,0.5248166191628998,0.6991665041017019,0.6844298437418684,,0.7940511009467606,0.14496341097172757,0.7056985287375721,0.622362805928577,0.8723727025825763,0.8675427260188526,-0.2803007248370926,0.8242988700020242,0.8793937266646495,0.8730429809684594,0.5907103854528278,0.4765420901326214,0.7275380957913221,0.8649840873298515,0.850730003870822,0.777277112058932,0.6335413743382989,0.7536909374470574,0.6092856667427455,0.7389881137152685,-0.12852973158368483,0.21803383430391843,0.1089134896457524,0.2601595214988005,0.6373277226223966,0.6946637869730874,0.9517627191070962,0.135982360577608,0.057106741943429545,0.9076256840087978,0.6488666151819849,0.24564178482183296,-0.5812970209543183,0.8284190106967083,0.8371754696982747,0.8368084078055108,0.6292279027925699,0.9427345465753161,0.6996364941539363,0.8233070211028245,0.9528227190601422,0.5624654379333629,0.469917765273152
USDSUSDT,0.3491484579985901,0.27841724081577857,0.5280364307346631,0.30553913743814964,-0.05215622162576318,0.16981329844938878,-0.5221037310295942,0.1804117193678924,0.2814497122543094,-0.02813101291711333,0.1742599780636148,0.737457880522366,0.5552387472052255,0.267026234254938,0.39672173684841905,0.1477994714101761,0.23644611620963285,1.0,0.5623908190597943,-0.011703653371190842,0.04061144699673603,0.36417987532365487,-0.18867665461373007,0.2637484022644944,0.27568003781882705,0.2945196863930648,0.7856070553414564,-0.23908708734927187,0.32882385905007594,0.06415339064065116,0.1546659247300655,0.11052418086370691,0.2704859373288782,0.06654918246781541,0.16434504161258426,0.3253767854970764,0.3441446017988935,0.18744969064676897,0.6634539532454221,0.497876903559956,0.25241152807883327,0.18719940653944522,0.774816418321767,-0.025296564918427872,-0.30467186193683543,0.22396518544925537,0.5256064140150701,0.09309396194778216,0.09623535820785115,0.8215952857224078,-0.557974791893709,0.09857154137392081,0.6627056999225582,,-0.24748067956519856,0.4560928601764744,0.2961506377567286,0.3904626882304368,0.46577284711026073,0.1950330906253121,-0.6209989517221387,0.15617365289155655,0.06613420618436369,0.22585447465781916,0.3155150681930142,-0.21432352900461554,0.21827972097961681,0.12695683663853102,0.051217672895294386,0.6905310148511462,-0.38491382846753763,-0.22516520287801817,0.38894067175581915,0.3028224132461424,0.7390385437749546,-0.06263035435591306,0.4434450982339646,0.04716609105002339,0.10826853445308016,-0.27934234012749926,0.2830248900284479,0.7296612167374509,0.4090876268635381,0.11696887944319762,-0.1896489873352297,-0.5212725171371446,0.04762852326688669,-0.06873478168568294,-0.057590788617847694,0.13890681647023304,-0.10649304348997303,0.23145108855759436,0.39828709518004474,0.4881949267689743,0.29532606993621824,-0.03765099003262042,0.34694532352672797
BSC-USDUSDT,0.31549546394382627,0.4369439529261033,0.862705159709475,0.36775235313538623,0.11472051227477198,0.12024978559484698,-0.1634777962134063,0.14524026883274346,0.4321442922056974,-0.0053266367668430535,0.14281679713125828,0.7609629814180868,0.6246649620383683,0.4182138530876107,0.3511737630521667,0.7695850370048166,0.419026996811655,0.5623908190597943,1.0,-0.07744261592945798,0.40778968904505253,-0.23687163913653697,-0.7585523642907588,0.15890155460764718,0.4447920354217801,0.4459757555677456,0.7383781693117675,0.33773422682936494,0.31021133455430944,0.10292520830771085,-0.01193203445342242,0.12226986851764661,0.18299187319717852,0.12320891416120826,0.004361000999224178,0.8164680935995583,0.6113645994442278,0.23781847590675634,0.8899499421903644,0.47517733690652814,0.20835323674490316,0.5183348224027126,0.23969639353265332,-0.024017116400009145,-0.27443134823610693,0.06693453411148724,0.28084944672670237,-0.27783763021717117,0.1945555436065305,0.6892713661280692,-0.04169944953132304,-0.045790141438134445,0.6790389775122474,,0.029562434432746275,0.832898152617924,0.018203349219942964,0.07562738328973999,0.6931767418734412,0.1529437174219697,-0.8069627190712753,0.10544758207167441,0.09679393207264916,0.18731499036074617,0.3401720821801056,-0.44248064425934985,0.14953240531671722,0.2709635265080364,-0.03343524382072427,0.6013720260933548,-0.31367567427631815,-0.08799772877549955,0.17217327357000856,0.23708889726997703,0.6616076925196299,0.45000933457394443,0.7634303492100568,-0.012062642193834208,-0.06312988495013057,-0.07201940781958581,0.44198661945586665,0.20079125826263342,0.22117997801703293,0.16893286620871073,0.07354934419279222,-0.6586605261329008,-0.40404389682776504,0.012235031018881464,0.1145347472590751,0.0973761843847761,-0.1514239945371517,0.3325955935177817,0.07583840353809582,0.46524894554923385,0.44878028212862175,0.539941289774133,-0.2764760930182447
LINKUSDT,0.8221921491010333,0.8103314623234673,-0.17812713487655865,0.8105367959983444,0.8969931244332319,0.8709870877125423,0.0658620702903356,0.7205246211753228,0.8120020398317016,0.922543775505778,0.8900696852630131,0.02475392081252598,0.5990537808565481,0.816529107091671,0.7918716518843777,-0.36117090716513706,0.8187474959065018,-0.011703653371190842,-0.07744261592945798,1.0,0.3743225207770764,0.6721457729659507,0.3977119694466975,0.7462439635320477,0.8061702726208052,0.803043433057547,-0.32532755733483393,0.45886453430305957,0.8351432473353616,0.9117516558249623,0.6620581460218762,0.9046378274147499,0.8561416991514864,0.8770132583306194,-0.1697315084427916,-0.3058622810856866,-0.2627857774250038,0.8548777685215029,-0.1412234097719381,0.6192211639062312,-0.32697352424423565,0.6134388807451278,0.027845587995403837,0.7901245609118814,0.8121067706776119,0.7776863397994265,0.20950861414295388,0.7633173809437135,0.8988984489043585,-0.09587571127648072,0.6565985218505581,0.7551487071511218,0.34561387582230635,,0.8907028217513198,-0.2594272183717818,0.7640344217336039,0.5988604981226973,0.5815705640837654,0.8499597472985779,0.09122466807113488,0.8637770857167593,0.890956602578175,0.8809048756030986,0.3963329724701119,0.7750756507761976,0.6321700420440178,0.8238838672360966,0.9742217222799319,0.5683820167172394,0.8701253738885693,0.8939407426344482,0.4996693976297865,0.6738875483234622,-0.48649649321199073,-0.05632054188962132,-0.21485101626856792,0.2571266891739188,0.8283331674511794,0.8179745590114391,0.8082412386708536,0.10389129418938702,-0.15077022971611626,0.8877213673262181,0.7479276548333064,0.6326989803677258,-0.43033487489540256,0.9423944504517556,0.8970391026783147,0.8795720312590463,0.797261634009359,0.8620661573974269,0.7913590044923985,0.6816567507666835,0.807614763931331,0.34299711405920796,0.6815509479991272
LEOUSDT,0.19935665485127518,0.5563443586708009,0.3376847997841079,0.696510872415243,0.5251880774069108,0.6730644864841779,0.621968509455442,0.06738593597637031,0.5576624836166513,0.5464767610570358,0.38388944809363457,-0.026062438184653248,0.3039177456374402,0.5729471219604674,0.20010529655268192,0.42181439567441886,0.5411120060820706,0.04061144699673603,0.40778968904505253,0.3743225207770764,1.0,0.1940311968450143,-0.5382104478860082,0.37950764999385955,0.5431975444480466,0.5622717250834125,-0.12239610435168624,0.28931972824574276,0.22966676087184293,0.3429562114357337,0.05049253589458601,0.6097400391548498,0.6185072611734501,0.653885849688422,0.29853346335711417,0.15229475604528628,0.14431873467457662,0.3701986954554688,0.47914073344175806,0.25137866450998864,-0.2756862126383472,0.4220853321602392,0.13289865851912874,0.30153992933707663,-0.05956636399293053,0.6715351245691109,-0.30186454619887565,-0.13838091025355903,0.5447382765211886,0.33826875313266,0.3048772041762993,-0.021409063835335484,0.16872072071074487,,0.351221861669556,0.35110592947339836,0.16969837045992353,0.499987409096984,0.6050151505965585,0.6370429201238045,-0.41397020010530977,0.677716355011942,0.5521413012887025,0.6135507338844599,0.7863216850478483,-0.019141341136099506,0.41383590508012863,0.3592673623903346,0.42890573095883733,0.3046402516041584,0.4363729815978,0.3906565145384339,0.4437816369566074,0.5806059692696487,-0.2799093856390538,0.8130311979946959,0.1979834261962711,-0.5305215554663995,0.06634361727688891,0.40744320189105154,0.573522897530745,-0.19413054167983948,0.31485529259440215,0.5827145971844323,0.3845167379566082,0.11146492788380821,0.02940340472529622,0.37328765002066616,0.515311323702805,0.679915527251184,0.3454986559652802,0.5252877213511835,0.3824306573049863,0.12390864206962324,0.5586701801144285,0.8792621711770701,0.1400940637528554
