,BTCUSDT,ETHUSDT,USDTUSDT,XRPUSDT,BNBUSDT,SOLUSDT,USDCUSDT,TRXUSDT,STETHUSDT,DOGEUSDT,ADAUSDT,FIGR_HELOCUSDT,WBTUSDT,WSTETHUSDT,WBTCUSDT,BCHUSDT,WBETHUSDT,HYPEUSDT,USDSUSDT,LINKUSDT,BSC-USDUSDT,LEOUSDT,ZECUSDT,XLMUSDT,WETHUSDT,WEETHUSDT,XMRUSDT,USDEUSDT,CBBTCUSDT,LTCUSDT,AVAXUSDT,HBARUSDT,SUIUSDT,SHIBUSDT,DAIUSDT,WLFIUSDT,SUSDEUSDT,CROUSDT,TONUSDT,UNIUSDT,USDT0USDT,SUSDSUSDT,DOTUSDT,PYUSDUSDT,MNTUSDT,MUSDT,CCUSDT,TAOUSDT,AAVEUSDT,USD1USDT,BGBUSDT,NEARUSDT,BUIDLUSDT,OKBUSDT,ICPUSDT,ASTERUSDT,USDFUSDT,ETCUSDT,XAUTUSDT,PIUSDT,ENAUSDT,JITOSOLUSDT,PEPEUSDT,JLPUSDT,RAINUSDT,PUMPUSDT,APTUSDT,ONDOUSDT,HTXUSDT,KCSUSDT,KASUSDT,WLDUSDT,POLUSDT,PAXGUSDT,SYRUPUSDCUSDT,USDTBUSDT,BFUSDUSDT,RETHUSDT,ALGOUSDT,RLUSDUSDT,TRUMPUSDT,QNTUSDT,GTUSDT,ARBUSDT,BNSOLUSDT,WBNBUSDT,USDGUSDT,ATOMUSDT,FILUSDT,VETUSDT,USYCUSDT,HASHUSDT,KHYPEUSDT,FLRUSDT,RSETHUSDT,FBTCUSDT,SKYUSDT
BTCUSDT,1.0,0.7667100671157173,0.1481209253263988,0.7228503509524832,0.6584677631650727,0.5925635830017989,-0.49566975358205,0.751868940989662,0.7701377189303837,0.6683443974909492,0.7764045705044823,0.43451106779186005,0.8144243933444053,0.7650042786326483,0.8223000757897847,-0.1903764194355231,0.7713257471239606,0.48018875419753854,0.3038991296445064,0.7084995398165453,0.24069422296768683,0.05933375478381388,0.32078247336377497,0.7133347974195178,0.7706709618220973,0.7660494440871621,0.47770250318711605,0.12160081803914738,0.8151522130100867,0.7812704424836865,0.5309475070842689,0.6853269518722869,0.6177012870897189,0.4434887383446822,-0.22574247648339021,-0.03866077171225913,-0.006978452887662048,0.8256526796180376,0.6045105019290558,0.747917002101472,0.14234043512140238,0.09110067807099807,0.5976014639622118,0.17577701229324366,0.6397223854199051,0.5947152962901204,0.5372973694156675,0.5535490269035975,0.6974486370568946,0.18655606959288437,0.41327573506242665,0.7494806196606314,,0.6284092327806127,0.5970563825163843,0.5441757335511258,0.023939579058851874,0.7037607868760896,0.464962316981379,-0.10141483803079418,0.4765290030513281,0.5697016672113923,0.6484488238685748,0.6720576392431553,0.2526200916517099,0.49766227696513343,0.5250193154413526,0.6957217417423364,0.7755726266210508,0.5884208114030167,0.3367390523067481,0.4303711447182312,0.6318844268217993,0.4665017176655343,-0.1589787087272128,-0.005644595804534872,0.08238024478825698,0.7534665715349022,0.7277503214162466,0.4447745861238708,0.5676536828005506,0.24426566448331657,0.5201991135416292,0.6782451687238372,0.5643826860866731,0.6560613674706893,-0.03377484964379518,0.18192192834963794,0.5009199539406598,0.7884810974929117,-0.5475686873734117,0.1456001119676985,0.4726189669338896,0.6876238505260739,0.7647865197944818,0.8070022450270243,0.4676766668023075
ETHUSDT,0.7667100671157173,1.0,0.08459466505116907,0.8748309833339494,0.736594826899499,0.7683232229897696,-0.20720915509076332,0.6453485305732372,0.9393991768900969,0.7784897430998153,0.8679517972270769,0.3410570860158741,0.8444522767443782,0.9371878936333639,0.7639672495498637,-0.11472033548658271,0.9410070849162091,0.48986099073657813,0.23084660349341996,0.7846552977996859,0.3543987517438636,0.45339059794667674,0.03877548250301918,0.6279133566482384,0.9392040441795106,0.9349140817824501,0.3910741021399006,0.03178157772334893,0.7699350089498344,0.8549562186127292,0.7563193250690099,0.4533786096418878,0.8618686785853692,0.7099074939034568,-0.43137177561413015,0.0713302947225179,-0.03583113243847375,0.7998529008848534,0.819793545273902,0.775839300144593,0.3023173768181422,-0.19925332701580092,0.7140564597391468,0.03167751642860484,0.6085402452894892,0.5239337699406366,0.7215893775451694,0.41367824709296674,0.8438492321418148,0.10401411956347083,0.4286979701627742,0.8363919374275187,,0.6888841118522082,0.6826330222147267,0.6451704529303766,-0.006078629807971001,0.8991667071561569,0.6634567066471767,-0.08562290513245427,0.7612267666768171,0.7457060129521342,0.8751161336546271,0.8079318970739738,0.6169286676065276,0.7740513440541013,0.4819744859404424,0.801934715049243,0.8341870962113894,0.5765561371108822,0.5549868975692617,0.5860090242859475,0.7246069364976409,0.7130612990236923,0.11833121254953774,-0.08924064076925904,-0.06415956053500502,0.9258341651321473,0.5819802619081269,0.18010994519464738,0.6346631996471562,0.3560349111400871,0.5572091106750863,0.8960251114101448,0.7436153447257451,0.7355139812969136,0.10640510210723131,0.19381122620350769,0.5763620010170714,0.9310417952471732,-0.5798752170653136,0.193585977984353,0.45557406487611757,0.6511600166982342,0.9306564421154767,0.7648151996339679,0.3681010166036471
USDTUSDT,0.1481209253263988,0.08459466505116907,1.0,0.1648323488014989,-0.2845905817670882,-0.16486736460369877,-0.640847971156238,-0.17263239111833784,0.08527211630495518,-0.3449955479165421,-0.16428291503818895,0.6807600948965757,0.3994026567640068,0.07173052095507296,0.19460660662454313,0.7629421310803236,0.07036206084924541,-0.2970612582525768,0.5398193923882805,-0.33683361306870163,0.8389231607339753,0.05812587498472427,-0.5564081996013384,0.1509970734714329,0.09461430662022263,0.1013848119194232,0.21168111840914347,0.6498902832789534,0.13237636770367983,-0.26668416156685926,-0.2980820157912931,0.136017983595882,-0.19647869179793853,-0.3717820261910323,0.24125480252765175,0.5958370909375964,0.752536532598768,0.08848806160700591,0.0112625233580872,0.12121068429987478,0.6974206832109232,0.4382620928603089,-0.41858117138626766,0.39729455690031423,-0.38353930009331005,0.2456377133909982,-0.16996390133985131,-0.32625435932539504,-0.02292670404733871,0.751587279190059,-0.3363781215232627,-0.28126437140772087,,-0.26304026041910344,-0.36043497312059103,0.3251813630767398,0.9264028904798907,0.3908609292073951,0.07909779585875201,-0.604390653152669,-0.2722814390081159,-0.1716707856705717,-0.24626883954983275,-0.07181156426959528,0.17356548451623197,-0.1936428820092446,-0.6554570214172674,-0.34631994457746085,-0.15561198861630457,0.2982559742986164,-0.07494262270239001,-0.6345910933664363,-0.4778013295866416,0.14350187348769172,0.22239286917971535,0.5319863716239631,0.8294449619156072,0.09151817421506425,-0.18726323876172182,0.5509475548925776,-0.48684905541045814,-0.24827326183429613,-0.27345069027346114,-0.22126037543552218,-0.18828234084575995,-0.28152179760313284,0.18268713735509426,-0.8094774570458357,-0.6651979692830329,-0.01812198955095516,-0.20122755258315822,-0.18059579306212886,-0.31560646882453625,0.057572696330566414,0.0977193905586925,0.3059681982507348,-0.4463128415245861
XRPUSDT,0.7228503509524832,0.8748309833339494,0.1648323488014989,1.0,0.6963102483674353,0.8618711326274624,-0.18059150800293405,0.4754296735651741,0.881287760946156,0.8289058086293627,0.8040817821729861,0.33470318668432897,0.7401740000556147,0.8876215099458582,0.7264908430665156,-0.11612692936456026,0.8759139775236622,0.5902289366121088,0.3000007409371017,0.7753149734029169,0.2704894087962763,0.5989046509456343,0.08288476322617981,0.799139152504349,0.8693289414471148,0.8788098519630935,0.3545235478255902,-0.007615938273308824,0.7297226683755621,0.747164332107253,0.7117403494343835,0.6044983227415902,0.8595484850273812,0.652566807083676,-0.09758350523809135,-0.0276892073100044,0.05053155883415222,0.8465279988129614,0.5750362133331032,0.6016234767387074,0.299883355864248,-0.049046122918730575,0.5695224574226818,0.2473949261875738,0.5106866666809736,0.3085302549489299,0.8474796435218993,0.4051193432450188,0.8829211993918067,0.2584172144406454,0.3494811037768793,0.6494694982693928,,0.6114342572518833,0.5434913065484049,0.4463734571682685,0.0269670606211759,0.8346466496108643,0.8322923903987778,-0.09207207027500318,0.7339308216206064,0.8439157938406939,0.8480739847392548,0.883244531059553,0.7617507607255622,0.6665207280825127,0.39132989289028997,0.7902290708419147,0.6729994448194939,0.5349092091356547,0.5733690447322628,0.5769833587970626,0.6444624663337335,0.8123697943914553,0.21458077656600905,-0.16935653907125572,-0.00983157878708261,0.8717807254767753,0.5892963595882565,0.35350536068706656,0.5397592653179912,0.3006971673207994,0.4971874007531013,0.8522190733980581,0.8315119794491858,0.6895303753926005,0.1738470712443734,0.1820471997869448,0.4707823866585129,0.8734205335047658,-0.32645046408842765,-0.013582584172864105,0.5479616426771408,0.8327390808241312,0.8705933858083128,0.6853753238141842,0.39276640332606705
BNBUSDT,0.6584677631650727,0.736594826899499,-0.2845905817670882,0.6963102483674353,1.0,0.8882480801739777,-0.022641780088912867,0.663741147256647,0.7397781159255472,0.825771448327722,0.8156779625947836,0.09299225824567406,0.5557556565237081,0.7449627221790556,0.6371489551125874,-0.43093234746959497,0.745976297979943,0.5537143546560898,0.00447486951126606,0.8302260787143075,-0.10470071147287319,0.2546227614796272,0.4033748257642179,0.5888805073766303,0.7344741849599326,0.7289954738238873,0.3549054403090174,-0.2509871074264138,0.6666442122336618,0.84596808075621,0.6934119650399264,0.5069596740594006,0.7438828833262412,0.6478241170797464,-0.3336500707015909,-0.27616887293949194,-0.32609939376151936,0.7245230643057792,0.5994875039074099,0.5848002402764455,-0.0958665761371794,-0.16497076424081308,0.7572247543787528,-0.08822745049265102,0.744832325901147,0.34762955725385203,0.6772726268486017,0.544602188896282,0.7437938579698938,-0.18366056878400774,0.5731651167003259,0.8091187026500996,,0.7322879508902175,0.6649042623764171,0.33679585986078325,-0.3756221180526522,0.5507322845870513,0.5172129473028475,0.19659199636308908,0.6488778174527996,0.6933858281597558,0.806653532418938,0.7228896345009782,0.36094693150246754,0.6399613074829041,0.7275292631760061,0.8275167199418717,0.7732308481027461,0.3656467893147874,0.4127939061912903,0.7580759584691367,0.8334355342015577,0.5067705891051502,-0.06348867953784332,-0.3336409717996099,-0.33574448519736366,0.7244741617050993,0.666080373392167,0.05116871575124596,0.7757695458657835,0.3469559776318505,0.6005478365949711,0.8130886750764442,0.6958668779005174,0.7609110431354459,-0.03396909770157581,0.5322323040256424,0.738042995437808,0.7898025655458258,-0.4191912259090986,0.1605231794802288,0.5392521058249387,0.6102035064411202,0.7261818635740399,0.5706416418058566,0.5577286909540008
SOLUSDT,0.5925635830017989,0.7683232229897696,-0.16486736460369877,0.8618711326274624,0.8882480801739777,1.0,0.04563649202979174,0.47419013449706837,0.7742720411559839,0.8738944501197938,0.7766661666066057,0.04175770003071919,0.5479009938816766,0.7844309666993856,0.5838406823127422,-0.3876529410477306,0.7735146953008474,0.6854167365941942,0.12210452595931008,0.8127359659302158,-0.02297986301670183,0.5572046883613035,0.24459663504838305,0.6842195316828864,0.7578997385579949,0.7672857147871921,0.17835802785580077,-0.19425128659061294,0.6029153516717859,0.7530546217095183,0.7702542907112302,0.4890258334477906,0.8864619863456986,0.7627690725547421,-0.14942419845562466,-0.19961952045928483,-0.1899232219888532,0.7353460997405532,0.505148198864565,0.5180887267957589,0.058628542778616594,-0.24281446842427465,0.6357998395298269,0.17404952380895544,0.5394082444224686,0.18659675851745874,0.8544456847009013,0.5026553537322968,0.8022537262570677,0.032906679569902404,0.3487807748810527,0.6656717594127326,,0.5969698457424472,0.6569937654160636,0.3225337472078658,-0.2809818281912896,0.646750008604926,0.7646535051203007,0.07693611400758207,0.8100557377601426,0.8489961809463072,0.8552198006612963,0.8450513132367158,0.6768944809601828,0.6806607887295414,0.5484784792560965,0.8412015973173923,0.6436573030766838,0.4151685286183394,0.597100447834019,0.7138216583538378,0.709790320515326,0.7127012510599027,0.11745386450607594,-0.2952059537776814,-0.27698814081162776,0.7634284496875212,0.6030966775641886,0.18113425502654168,0.6001587917869339,0.38625835782831236,0.5274753960123357,0.8518619044566116,0.8409622949708838,0.700938717023803,0.11466744721481749,0.4045188814774203,0.6562518474226415,0.7970234091281689,-0.16103998878961218,0.06670823075398777,0.651102474816576,0.7732620777604302,0.761315187888361,0.5113705979732773,0.5148551390824104
USDCUSDT,-0.49566975358205,-0.20720915509076332,-0.640847971156238,-0.18059150800293405,-0.022641780088912867,0.04563649202979174,1.0,-0.39475637350116083,-0.20678594129520309,0.02356173604270791,-0.10834661553983845,-0.47020429243308953,-0.5891764455104092,-0.1873222496868023,-0.5277056834489933,-0.16731659517725492,-0.20295421475207623,-0.0025546426161102503,-0.4342499805002193,-0.05504924895247967,-0.4716412839311997,0.44722971513404647,-0.12200052744107977,-0.44948162640062406,-0.21943430941536576,-0.2126990645081104,-0.43179123385374946,-0.5989417588536962,-0.46710069512325153,-0.11801521545605659,0.11382849898792743,-0.5923339541948384,0.07567865682974698,0.1453112025579728,-0.03942004295795955,-0.4233657508745322,-0.5362178023742128,-0.4678585758853487,-0.09630046478356517,-0.39783938452827083,-0.20111772592241425,-0.3335208381201568,0.15629069659969025,-0.42973557780287186,-0.11983708853173945,-0.44744514429669496,0.1939439941193595,-0.38662730355807906,-0.11239956104751286,-0.4945257774018073,0.0444159036742839,-0.1108472682507937,,-0.05805217515624793,-0.10394204266398781,-0.3892359759513407,-0.5006099099398639,-0.3333868942947116,0.05492330590947952,0.39616560142556156,0.11541653840252296,0.0651794790252849,0.12042688416284375,-0.08382730175046094,0.2745218454815299,0.2278494962360832,0.13820282186706254,-0.01719012981155732,-0.19747187753948398,-0.5065660265166337,-0.01652739152370651,0.37332320510325706,0.13563337109663598,0.08382231671553637,0.3431440552118045,-0.5337894524182012,-0.6719875301819276,-0.19614771240944573,-0.46991331349138643,-0.7686393817359881,0.22020663477685373,-0.10945020179501415,-0.05421520151019273,0.09445249178200889,0.07865080378868286,-0.025055520353432992,0.19449318516632821,0.482576455308742,0.20037771311990382,-0.16366625152815958,0.3741085292732222,-0.13522424010843442,-0.035073924847294595,-0.3468572410462994,-0.21971767368213233,-0.594622903413812,-0.029092126192491047
TRXUSDT,0.751868940989662,0.6453485305732372,-0.17263239111833784,0.4754296735651741,0.663741147256647,0.47419013449706837,-0.39475637350116083,1.0,0.7177289607222037,0.6193673247346017,0.7767685622577066,0.2664055714333397,0.7075043298519804,0.6393316412211202,0.7420520386202548,-0.45709720003487986,0.6553072985986899,0.5524655958632759,0.1955278804765357,0.7032758349760474,-0.0007005896849637508,-0.20990526007991606,0.5430146252300461,0.518929334562131,0.6484747714115078,0.6390947196699424,0.2922621027365681,0.03333202582546475,0.7446953633500235,0.8293549205401697,0.5259566043782135,0.5413777233963563,0.5642636605051907,0.4510177313993461,-0.3506194943605109,-0.23839781520258968,-0.31127788133192386,0.6680689397627366,0.6221988636868644,0.8168026404092047,-0.0824274987715653,-0.023551159002012316,0.741200600456624,0.09226874506669135,0.6939410152396732,0.7120804458167728,0.43936064131849106,0.6574879447726459,0.5220870419805022,-0.014547084330423824,0.38708353014345503,0.8545589499039221,,0.6056421244085105,0.7710378564271112,0.551411600446566,-0.23849285447454052,0.5105422595620528,0.24783863143726062,0.011322173278478849,0.436711472794835,0.4516790169474525,0.5890382298713271,0.5422835039661689,-0.03102195030740987,0.5180616051336429,0.7599945979523826,0.703439090058198,0.841660633902756,0.532093079582481,0.2419336501821688,0.4847412842650347,0.7003789264370593,0.2532920485824048,-0.40812087383046025,-0.024824180667067392,-0.15160917103441154,0.6264745225622116,0.753608579337208,0.3108812202971947,0.6733636220013816,0.22427218959308035,0.5666424248618119,0.6369585184577101,0.45506837567897274,0.6615363673427896,-0.11389802872436659,0.4048542437560972,0.7258406783250358,0.710101934335963,-0.4937050359521751,0.28833319856775347,0.5615842990407238,0.5388391419849489,0.6424298341407438,0.7175476612961197,0.6369702739388512
STETHUSDT,0.7701377189303837,0.9393991768900969,0.08527211630495518,0.881287760946156,0.7397781159255472,0.7742720411559839,-0.20678594129520309,0.7177289607222037,1.0,0.7832562484874366,0.872336910215298,0.346676621155086,0.8456226990802298,0.9394020746667906,0.767580614201741,-0.11761192578114225,0.9426914359267606,0.49954894314453296,0.23768898525213444,0.7880748894130504,0.35125819794364416,0.45653044196835574,0.04469562760506542,0.6357210932492797,0.9405855184211476,0.936908218550037,0.387437330913763,0.03047051637882878,0.7735362526296138,0.8573087344757456,0.7575415948498433,0.46017866238910415,0.8655615950879084,0.7082345637727274,-0.41903137178071115,0.060684491358613216,-0.03922220241801981,0.8032169632223741,0.8160023274482503,0.7777392536713423,0.30385361138977063,-0.19033382629240264,0.7171432809214112,0.041868171902947574,0.6080644342890071,0.5255733497647342,0.7313866197386747,0.4145525216488096,0.8469986530267195,0.1120547762860973,0.4257763652190929,0.8364877322890475,,0.6887791579097043,0.6833864722563125,0.6433320169699086,-0.005872655931929984,0.9000259073647429,0.6714341082183548,-0.08719872675444985,0.7608150413407327,0.751736142243895,0.8781859711950146,0.8136815391220001,0.6219174480124625,0.7764145373469842,0.48646775610834203,0.8057314201876452,0.8354413141533356,0.5787172021629624,0.5541231802642488,0.5887242136783265,0.7271417326770344,0.7193623551668146,0.11863740488918734,-0.09301525875491479,-0.06492131842559543,0.9278051346714121,0.5847341288640054,0.18879854241916078,0.6385363310511094,0.3490535327769628,0.5587244230515078,0.8995737707957819,0.7493338689792416,0.7384077024382948,0.11164147318810351,0.19872707500640652,0.5791818228585985,0.9341307563832739,-0.5722009606859367,0.18551534546844153,0.46471015455985476,0.660356265171717,0.9324521339746249,0.7665716682915195,0.3756719440981129
DOGEUSDT,0.6683443974909492,0.7784897430998153,-0.3449955479165421,0.8289058086293627,0.825771448327722,0.8738944501197938,0.02356173604270791,0.6193673247346017,0.7832562484874366,1.0,0.846279185124098,-0.07271459944319622,0.5247544533010047,0.7935598596735819,0.6464521802956633,-0.5721200697093108,0.7880765365487944,0.6934283309480691,-0.032179866624630155,0.9466713403152729,-0.21832940402072953,0.39490788356109574,0.4781970155135894,0.7397812165971657,0.7708011652842826,0.7708203891444918,0.34086858565983214,-0.3199306486223699,0.6782152257961189,0.8747407397219948,0.8094404791268124,0.6202863979415998,0.874062149942193,0.8099808666498242,-0.2627574677580894,-0.29000632799597453,-0.3014563784791282,0.839098603322949,0.5208241139080206,0.5163342242481234,-0.18161981594819968,-0.2725148862450277,0.7303658130140381,0.01375826178571985,0.7760303418568719,0.170011317829677,0.8056015837080175,0.693278797118336,0.8553806266950739,-0.1966964321446893,0.5823025480858122,0.7900015766215805,,0.7668871001277063,0.7305786371562625,0.24337798692507306,-0.490511257736627,0.558579045378159,0.6720830280263176,0.25817261483646875,0.8187200183034188,0.8576124015038364,0.8982008051225694,0.8624801238636858,0.4947404762877076,0.6439809229042216,0.7442311046770842,0.9490825108402698,0.7443781263956666,0.3822217504574822,0.5784883623971322,0.8697824732366399,0.8738417062511108,0.5992350786461673,-0.02988402458088982,-0.39955980311500716,-0.39609224207927884,0.767652989434487,0.7869030978176172,0.11047559533887719,0.7536695783675019,0.5107732943009213,0.6464468853425916,0.8833768338356964,0.854634919809578,0.8190378555558999,-0.05156620011381939,0.5834557826306125,0.8028497612720885,0.830967243957952,-0.279885096678076,0.15289121863865163,0.678666248436772,0.7915549085562967,0.7679289589283227,0.5494876057544418,0.6341300282853222
ADAUSDT,0.7764045705044823,0.8679517972270769,-0.16428291503818895,0.8040817821729861,0.8156779625947836,0.7766661666066057,-0.10834661553983845,0.7767685622577066,0.872336910215298,0.846279185124098,1.0,0.2962054224898893,0.7468274981930931,0.8747103182119552,0.7636750915258425,-0.35741392920258214,0.8760122521034412,0.6551542991399248,0.19646780010630222,0.8607808562065993,0.07376008303769724,0.30031728371685035,0.33553622630502294,0.637241481270296,0.8653424885528173,0.8647261138196495,0.2919555953928208,-0.12159200473708809,0.7831012117748689,0.9364349116248957,0.7562401775195703,0.5087222810388781,0.8520865453557924,0.6663029503756476,-0.3229423379531951,-0.27326649876920145,-0.3184190266104588,0.7700736213056848,0.7452694990222296,0.7964634240756002,0.10129569354665442,-0.10272380649941286,0.8654654729143774,0.05091385062430663,0.7090307426924094,0.5761083333983951,0.7947330933908114,0.5085649497473201,0.7967706817231887,0.011689844592607712,0.47013941626120237,0.9124111045392471,,0.7291071687357059,0.767113636506866,0.5451381303080522,-0.23319921620482909,0.7344346081497081,0.6191999805731293,0.04176357731035305,0.6949856661829013,0.756953951744495,0.8874208299968888,0.8063984218225212,0.46600400212360926,0.7908329656682451,0.7496710693384503,0.8779086696775168,0.897860810024543,0.5181137594424337,0.4413109272506047,0.7201947836359968,0.8576282932772933,0.6401071585331894,-0.04764862577975759,-0.23825633477513206,-0.26504970225141095,0.8565768949200604,0.666840031617758,0.17806000219344922,0.8201798360877125,0.243477570391162,0.6316318226805243,0.919930946589685,0.757323552144999,0.810787520126816,0.08866501099662812,0.47977302919555015,0.7774093841184031,0.9196173766789844,-0.46117839119899406,0.1440220862844122,0.6272429158340666,0.6863538803232617,0.8601589623332695,0.7161111945687738,0.6059160315739169
FIGR_HELOCUSDT,0.43451106779186005,0.3410570860158741,0.6807600948965757,0.33470318668432897,0.09299225824567406,0.04175770003071919,-0.47020429243308953,0.2664055714333397,0.346676621155086,-0.07271459944319622,0.2962054224898893,1.0,0.5930462735559708,0.3385401781692562,0.46393334334247327,0.5700477875328068,0.33441090056875183,0.03013306751526511,0.6502903561936448,-0.027142305120175424,0.6881583841384755,0.020146732222087176,-0.24445023169427185,0.24530101278659638,0.3487837796344577,0.35922168561389317,0.18060659529041856,0.4362131957385507,0.4306429387016639,0.1745864252252023,-0.09064355841261904,0.22077927451819135,0.04371393320990928,-0.34262864274778254,0.23514352089604676,0.013170233542723684,0.2253981680416877,0.20120457588523574,0.32723164317219955,0.5172423981089322,0.696113361871816,0.6828686835057461,0.18538011234588733,0.31622859747350396,-0.05674596438351317,0.7104558565966772,0.218592456171726,-0.3192643393362921,0.16757359418507656,0.7030840916794947,-0.11351925501630279,0.18178774629381672,,0.04368959137872065,-0.08558654904124618,0.5032059016851749,0.7245096513278624,0.5240493236236616,0.22150014649269867,-0.501917242695718,-0.24682901376867805,0.03465597355736015,0.0940039937934359,0.14838508471072182,0.2022544839576503,0.23660765400899963,-0.06657533582742577,-0.027731433376007357,0.30590552526615333,0.38097877377319844,-0.21585257432653643,-0.2545207815614743,0.01168108230204287,0.34769831268474666,0.12395500443865104,0.24282971626242267,0.5013416516639793,0.3482309349761668,-0.06311099909032886,0.4919360206710465,0.14965102562482152,-0.5755069349005945,0.012254234319905095,0.17036455749869395,0.026780656907683796,0.09166150367875382,0.34553070283643084,-0.29106269774774457,-0.19656320186592985,0.331998062842006,-0.35188298059707995,-0.2943325691451693,-0.009123275948337076,0.17908907932594567,0.34924252478185414,0.5221443119613705,-0.02313896539287613
WBTUSDT,0.8144243933444053,0.8444522767443782,0.3994026567640068,0.7401740000556147,0.5557556565237081,0.5479009938816766,-0.5891764455104092,0.7075043298519804,0.8456226990802298,0.5247544533010047,0.7468274981930931,0.5930462735559708,1.0,0.863336738595186,0.8828745413215477,0.06184813522275952,0.8440952926117703,0.400848358698527,0.48061012856527213,0.5764512091914819,0.6038046572099686,0.16686232619929314,-0.013092778882991433,0.6029062552143317,0.8508547203959144,0.8474400060726881,0.3733788677456671,0.3721298430789476,0.8039856929830754,0.7191786475347315,0.534608368529571,0.4956225927331309,0.6564209384340493,0.45643436294992107,-0.3297289375773407,0.2382726417534727,0.17545547803173153,0.7468142342516821,0.7689575642299484,0.8942573749403524,0.4687671647835469,0.013530765707998904,0.5431408401735822,0.2693929572332835,0.4334729888020617,0.7631469742573831,0.5012182672100092,0.3849718048751786,0.6550694885359136,0.40914732777135104,0.18899102898465406,0.7298369973269919,,0.49415859031226467,0.6148994487630068,0.8107434492163643,0.3143987152793563,0.9182092109817312,0.49493982742385717,-0.3522401871340511,0.5232165357634193,0.5209585615114121,0.6260099913138985,0.6403914161218017,0.3962003845428116,0.5967109442880884,0.2995038248538549,0.59318378254992,0.7754016198869487,0.7241543420138724,0.4083988132637919,0.21977051433567152,0.46987692976703715,0.5600536881280108,-0.041421202257027986,0.24186854650695597,0.26828207911907487,0.8314217676738693,0.5607734062048916,0.4902885061741436,0.3971240790257612,0.20044495522898204,0.4303949004265911,0.676296247798377,0.5142743723426205,0.5557641390121804,0.10174308755253725,-0.10537082014120831,0.36177724188648663,0.8191370516906968,-0.616215181771419,0.20471361679002065,0.3780494005836357,0.6043196852165597,0.8461571551670161,0.8835451012448574,0.2880910294407054
WSTETHUSDT,0.7650042786326483,0.9371878936333639,0.07173052095507296,0.8876215099458582,0.7449627221790556,0.7844309666993856,-0.1873222496868023,0.6393316412211202,0.9394020746667906,0.7935598596735819,0.8747103182119552,0.3385401781692562,0.863336738595186,1.0,0.8650729398495998,-0.12723793633214453,0.9406133305604947,0.5094965325355725,0.2315613931101553,0.7945071591044988,0.3332625289665804,0.46978320106596116,0.05313410593647592,0.6409661141972637,0.937811597114247,0.9348189570470178,0.38200115331375734,0.012828689648102638,0.7692053057313369,0.8581309917464282,0.7619558839773379,0.46291109366887456,0.8711486238035296,0.7113422958085551,-0.40526254361075964,0.040973138498808646,-0.05125759679131842,0.8030432717264985,0.8059649469338893,0.7664239380691789,0.29518315474248596,-0.18762702317607943,0.7211081728338733,0.041983335148016616,0.6103182189060535,0.5104701053455527,0.746069339958381,0.4130740322360861,0.8522763259827489,0.10626112953410757,0.4304329309505575,0.8332590036828003,,0.6917178341812725,0.6800732623696272,0.6269764911892748,-0.019801899090615197,0.89211374825586,0.6826506756689542,-0.07582310053169303,0.764238544696847,0.7623948622829889,0.8851637872052447,0.8208732802311898,0.6326799287355778,0.779434483308479,0.4947768851185835,0.8122709851275439,0.8314404933209674,0.5688324075032739,0.5549275013085098,0.6033446211066132,0.7349907692717449,0.7273495896145767,0.12594088767159034,-0.11215814608580474,-0.07960751746158787,0.9260969321426445,0.583814506473538,0.18307083525204773,0.6477233126313033,0.34556156411842337,0.5610026616093079,0.9053887711686616,0.7598379297220179,0.7432274788913626,0.11641827267545667,0.2156676873612003,0.5859910027449862,0.9343027589268729,-0.5569400729005834,0.17359563206443,0.4738117686370633,0.6675667257196166,0.9300254559885033,0.7562365340391066,0.3838483987473946
WBTCUSDT,0.8223000757897847,0.7639672495498637,0.19460660662454313,0.7264908430665156,0.6371489551125874,0.5838406823127422,-0.5277056834489933,0.7420520386202548,0.767580614201741,0.6464521802956633,0.7636750915258425,0.46393334334247327,0.8828745413215477,0.8650729398495998,1.0,-0.1609957928236272,0.7678081480591912,0.478776793725299,0.34102128675294696,0.6859034262170753,0.27941652679286566,0.06002562263046322,0.2961986399733012,0.7184131743707036,0.7678713337399735,0.7645132315065277,0.4650276100443631,0.16112360883771615,0.8156684046342195,0.7615919829983198,0.5150776381646681,0.6867650559879238,0.6096780608894228,0.4254089934799232,-0.20155618936972108,-0.014355281673366901,0.02699431325780411,0.8218434638900399,0.5967088194715948,0.7567311257505478,0.1789521122754252,0.11026811536272257,0.5729589537147319,0.2177156915395196,0.6056137736321272,0.6093694804186159,0.5320822806376251,0.5402520990193612,0.6862965350544322,0.23743843933565256,0.3733417387750067,0.7288802913182372,,0.6000257685010708,0.5864786091090851,0.5630577907530461,0.06991989093169686,0.7190283157990149,0.4708943969633409,-0.1403566265413858,0.464552065380019,0.5606297471483462,0.630161489441487,0.6665480885671758,0.2614362184828096,0.4872835162900503,0.49045958087932484,0.6754403267853789,0.7616053065824263,0.6077472096689448,0.33539305208421555,0.39010105759451746,0.597837548482079,0.4728342659844256,-0.15442462714477986,0.02962294773604151,0.12312536872625772,0.7512902420689858,0.7164338899762815,0.484531254743314,0.5326769506971529,0.22712395293488535,0.5014729668947886,0.6624553525597026,0.5540495546940376,0.6345192091456742,-0.01826773633338054,0.13948704548230612,0.4700903163761377,0.7814255373366562,-0.5359974143987246,0.13600368440038776,0.47008957759797587,0.694785564001145,0.7631351884171306,0.8169404946499281,0.45254249184646295
BCHUSDT,-0.1903764194355231,-0.11472033548658271,0.7629421310803236,-0.11612692936456026,-0.43093234746959497,-0.3876529410477306,-0.16731659517725492,-0.45709720003487986,-0.11761192578114225,-0.5721200697093108,-0.35741392920258214,0.5700477875328068,0.06184813522275952,-0.12723793633214453,-0.1609957928236272,1.0,-0.12863397777631708,-0.6222068718463488,0.26569286670030684,-0.5633984522726416,0.7666577727336585,0.17522280691398032,-0.8201320478087327,-0.2998399520159555,-0.10159793961555504,-0.10271606980884201,0.11093767086848377,0.4113335134995209,-0.1929469221627612,-0.4530338728165185,-0.4253231005255853,-0.3361230004431043,-0.387262142056781,-0.5095892601720712,0.08644098325634385,0.5378721801737908,0.5721670049591803,-0.3096756121213579,0.011811186102964168,-0.1424770723181557,0.6909128808812507,0.34888247548307616,-0.4305567350248075,-0.06475278650227997,-0.5009449908237048,0.07528972787036736,-0.3263698672670654,-0.7634053062374924,-0.21793163338631033,0.4375107287524859,-0.2591201000413356,-0.4119284371884072,,-0.3377989939113883,-0.6239654720656888,0.1488009219404896,0.8440054832526647,0.17772141859470486,-0.11585929380851769,-0.4310103971528417,-0.43869638459430454,-0.38200076286538176,-0.34461997154078383,-0.33422275663062034,0.16798483549594467,-0.1710679808638822,-0.7426712260553295,-0.574524060867041,-0.32197689159421344,-0.056497709688779034,-0.2673821945226768,-0.6102821355524733,-0.5225183603463025,0.04168806800570628,0.45354066297715123,0.3338828180377614,0.6046033422201403,-0.10328725073969584,-0.6373261787256911,-0.009438380563936432,-0.43763811122218677,-0.4228825049863832,-0.4064492741393494,-0.32824843341272564,-0.3842382366898765,-0.4223402302433943,0.25758873294134627,-0.7152941985748779,-0.7690720143604087,-0.21941704295493575,-0.22521686591175474,-0.23828549346239014,-0.6536801236944795,-0.41552717676399453,-0.10935300384956702,-0.03686420640056695,-0.7017375826553507
WBETHUSDT,0.7713257471239606,0.9410070849162091,0.07036206084924541,0.8759139775236622,0.745976297979943,0.7735146953008474,-0.20295421475207623,0.6553072985986899,0.9426914359267606,0.7880765365487944,0.8760122521034412,0.33441090056875183,0.8440952926117703,0.9406133305604947,0.7678081480591912,-0.12863397777631708,1.0,0.4971327486594797,0.22432325719761512,0.7949969036400503,0.3418806174983232,0.4490102900780704,0.052459116222498485,0.6310306134538151,0.9424291407636638,0.9379039058629663,0.39332183082332867,0.022707415550546128,0.774697102753689,0.8650825494359041,0.7632507886156435,0.45805784728631305,0.8672096268473879,0.7167773921630464,-0.43670485001480014,0.060744809527131155,-0.04799469376253782,0.8049142724283812,0.8233773595510975,0.7795315486996107,0.29058072851062333,-0.2031903926763233,0.7250045571648999,0.02586178499068528,0.6209319324728173,0.5256016747966235,0.7260569618384344,0.42401092930518564,0.8484556588008766,0.09269780425272638,0.43865809553712565,0.8466597827471478,,0.6984004067167496,0.6920099768790657,0.6433106263146573,-0.020755841839345254,0.896556943216766,0.6632032302316153,-0.07598809121415723,0.7664212629783052,0.7508377191966844,0.8822696012337395,0.812693750416573,0.6121551654948888,0.7788427213537974,0.49733577231015097,0.8119139837500032,0.8428036941986755,0.5760736396274563,0.5564816632719267,0.5986539763598233,0.7370784165567068,0.7117451054502975,0.11126625836333826,-0.09736644464883905,-0.07605241145023536,0.928871545124107,0.5916453105853298,0.1755055895939783,0.6471849946035443,0.36099118522058865,0.5657579388828287,0.9030537294911163,0.7490134659769151,0.7448553844997271,0.10161343449393512,0.2085475601309247,0.5904291766226826,0.936376908424589,-0.5822710139001098,0.19755934847229795,0.46337265969207525,0.6547344814061037,0.933733004976552,0.7667162973302492,0.3793634694617692
HYPEUSDT,0.48018875419753854,0.48986099073657813,-0.2970612582525768,0.5902289366121088,0.5537143546560898,0.6854167365941942,-0.0025546426161102503,0.5524655958632759,0.49954894314453296,0.6934283309480691,0.6551542991399248,0.03013306751526511,0.400848358698527,0.5094965325355725,0.478776793725299,-0.6222068718463488,0.4971327486594797,1.0,0.4716947243797839,0.6494737674785103,-0.25031251785414044,0.20978735899870143,0.5335454492861479,0.5811392146774571,0.4717922719606215,0.49503769218546584,-0.21589769610674506,-0.12213436025960836,0.4848724271249001,0.6184132628839032,0.5830636699076833,0.4472649986316098,0.7163435172082016,0.5400879120415801,0.16418099099636238,-0.5246470757843124,-0.4118930260434959,0.5071053430616982,0.24588395379419506,0.5453437839546524,-0.0714068218771852,-0.06663749506429222,0.599740070599979,0.5206094957445275,0.3373259698660291,0.32298271963099573,0.7865615886246016,0.5641240454945424,0.47632480356110785,0.2055920020963044,-0.006947224494132948,0.5417269429124824,,0.3165989978575091,0.7201630709003749,0.2687567025677948,-0.3612366080985691,0.3604136531570489,0.5941295393254336,-0.004567511986871396,0.5782083972824509,0.6733142602250096,0.6039094072205546,0.6611141418159457,0.36951497755183776,0.5371967332902413,0.6609267211973213,0.7059345594592835,0.5318243150106509,0.40911640478352024,0.38528566075576254,0.5298492600662867,0.5451222276490311,0.4900107247991375,-0.19688911489029393,-0.19258699155026263,-0.3271665532918746,0.488282982316482,0.5886367811935712,0.4186814425407223,0.5009583612054441,0.11737458824811614,0.43075616123514177,0.6371340419866747,0.6616264300884883,0.5383716789277442,0.15266851484061222,0.5085828567447044,0.724446566788788,0.5763610967563435,0.21956454935041428,0.0028708407398482984,0.8712953769804219,0.7552679456032448,0.49119323760708256,0.38063337893802585,0.7444270279399314
USDSUSDT,0.3038991296445064,0.23084660349341996,0.5398193923882805,0.3000007409371017,0.00447486951126606,0.12210452595931008,-0.4342499805002193,0.1955278804765357,0.23768898525213444,-0.032179866624630155,0.19646780010630222,0.6502903561936448,0.48061012856527213,0.2315613931101553,0.34102128675294696,0.26569286670030684,0.22432325719761512,0.4716947243797839,1.0,-0.030032638110286572,0.5046956254873981,0.04750206472551479,-0.13255490197098146,0.27117863179888285,0.22738765811075337,0.24998683376354336,-0.16118496440647462,0.46414098549458715,0.29498087397482226,0.07827611444560653,-0.010023497499432151,0.19135181594734207,0.15315032920340896,-0.1418119309524792,0.3529656913799686,0.015208198540285423,0.20357318996350637,0.15322985227269678,0.13180470606319464,0.453981604658138,0.5560892154999321,0.41067033164795946,0.05945006029372028,0.6465023802939004,-0.23586070946687832,0.528689021745467,0.2736918177240351,-0.08479245687315287,0.07169998191488443,0.7711380015055203,-0.4244684567531382,0.0594123982171586,,-0.15975002448223094,0.10898934934717924,0.45017662323084734,0.5499157146671825,0.4184831288504393,0.2886041009813737,-0.5392925117518108,-0.04400684048391427,0.11296951181850207,0.044225700039388624,0.18126200197042308,0.2393170741006345,0.1740215283967972,-0.09987754808766794,0.012056513426310365,0.15824707469316374,0.4238721699356513,-0.010430974586607678,-0.2951916476724523,-0.12991363741749554,0.31460484097746244,0.0001855714236376007,0.3368281848399234,0.42159313046759,0.23791302788295285,0.03107886735835753,0.6457517052700759,-0.08283769388574357,-0.37285852597551855,-0.03844652245749515,0.1118821267382741,0.09634016820294417,-0.002996047428926077,0.3232981371543114,-0.3015737981732105,-0.10251357911824278,0.22344928922788643,0.054641669622149246,-0.18999697677731234,0.24877396285204686,0.3284574803421716,0.24391127364999252,0.37951919750454094,0.10164703076019574
LINKUSDT,0.7084995398165453,0.7846552977996859,-0.33683361306870163,0.7753149734029169,0.8302260787143075,0.8127359659302158,-0.05504924895247967,0.7032758349760474,0.7880748894130504,0.9466713403152729,0.8607808562065993,-0.027142305120175424,0.5764512091914819,0.7945071591044988,0.6859034262170753,-0.5633984522726416,0.7949969036400503,0.6494737674785103,-0.030032638110286572,1.0,-0.1836633178919428,0.2783202367997915,0.5000822905110018,0.7055142587512252,0.7803686547796245,0.7752843263719158,0.38725411080260225,-0.2770848926609341,0.715319298140731,0.9055711322514741,0.7844355373384969,0.6188519292283903,0.8337225114109109,0.7774084445937348,-0.3450176398791425,-0.2616953805347514,-0.3102894982150149,0.8401629717398724,0.5814042115082034,0.5846525750896372,-0.1888293090471774,-0.25901395574760294,0.761822288916046,-0.035185232016504926,0.8194967313444071,0.27302633279470734,0.731516401278154,0.7142212949358037,0.8269456299007455,-0.2207988341357118,0.6131452366735646,0.8461097885366979,,0.7904991954615148,0.7590869924145298,0.3098424628585826,-0.47323481667042794,0.56678990353737,0.5845939014320896,0.24479282278007025,0.7748738741921448,0.7944050273477852,0.8726327814887087,0.8184967524050818,0.38792310371963196,0.6372693456540153,0.7762205023425329,0.934944232738223,0.7997481151701691,0.41032381667727214,0.5321894876922337,0.8392561787637959,0.8868154364619181,0.5315647814718494,-0.10501664457803409,-0.34911339299343963,-0.369473227439992,0.7704671022109544,0.811677956148365,0.10774956212698036,0.7773069116829655,0.504558499055122,0.6623511603874899,0.8661913863592543,0.794270829109042,0.8254468103540439,-0.09580178910133658,0.5706794041924593,0.816182605945904,0.8381429334959618,-0.3837343393062109,0.21289900030521097,0.6414004324089468,0.739948046460653,0.7740926435282884,0.6034604251755847,0.6349880932827349
