,BTCUSDT,ETHUSDT,USDTUSDT,XRPUSDT,BNBUSDT,SOLUSDT,USDCUSDT,TRXUSDT,STETHUSDT,DOGEUSDT,ADAUSDT,FIGR_HELOCUSDT,WBTUSDT,WSTETHUSDT,WBTCUSDT,BCHUSDT,WBETHUSDT,USDSUSDT,HYPEUSDT,LINKUSDT,BSC-USDUSDT,LEOUSDT,ZECUSDT,XLMUSDT,WETHUSDT,WEETHUSDT,USDEUSDT,XMRUSDT,LTCUSDT,CBBTCUSDT,HBARUSDT,AVAXUSDT,SUIUSDT,SHIBUSDT,WLFIUSDT,DAIUSDT,SUSDEUSDT,CROUSDT,USDT0USDT,UNIUSDT,SUSDSUSDT,TONUSDT,PYUSDUSDT,DOTUSDT,MNTUSDT,CCUSDT,MUSDT,TAOUSDT,USD1USDT,AAVEUSDT,BGBUSDT,NEARUSDT,ASTERUSDT,BUIDLUSDT,ICPUSDT,OKBUSDT,USDFUSDT,ETCUSDT,XAUTUSDT,ENAUSDT,PIUSDT,JITOSOLUSDT,PEPEUSDT,JLPUSDT,RAINUSDT,APTUSDT,PUMPUSDT,HTXUSDT,ONDOUSDT,KCSUSDT,WLDUSDT,HASHUSDT,POLUSDT,PAXGUSDT,SYRUPUSDCUSDT,KASUSDT,USDTBUSDT,BFUSDUSDT,QNTUSDT,ALGOUSDT,RETHUSDT,TRUMPUSDT,RLUSDUSDT,USDGUSDT,ARBUSDT,WBNBUSDT,FILUSDT,GTUSDT,BNSOLUSDT,USYCUSDT,ATOMUSDT,VETUSDT,FLRUSDT,KHYPEUSDT,RSETHUSDT,FBTCUSDT,XDCUSDT
BTCUSDT,1.0,0.8674446210758064,0.17003193136922443,0.8004159380600026,0.828505761119346,0.701047238672467,-0.5310371814004103,0.8629883185344945,0.8698183837098306,0.7305834388606862,0.8817536271881137,0.4752964494043663,0.8965256403661339,0.8662384595394247,0.9964108531237497,-0.2119736624847369,0.870847837589733,0.3926828935982759,0.5576429120989513,0.8019487881397508,0.25921199735242184,0.07578004026454123,0.3490159302152122,0.8195668136521816,0.8719577423462362,0.8716663147759887,0.16209011677046414,0.5471251803138275,0.867677922477183,0.9981489958831153,0.7665323146211578,0.6427832512194219,0.6719565214513523,0.48003387211659665,-0.0310040343835762,-0.24385554213293478,-0.0012539173691879135,0.9096736139582143,0.16895228571535226,0.826266471575252,0.0689688740893639,0.6807030244253106,0.19573043066983142,0.66935584057119,0.7236278203791049,0.5949620318199833,0.6542117263551437,0.6086197174624046,0.20797566922165459,0.8158066536977752,0.4687873879426932,0.8232327769551876,0.6447113902726977,,0.6567285241011451,0.767916415183969,0.030468781480187817,0.769832139311038,0.5581473193146467,0.5270798443634791,-0.1478972875188784,0.6835173935340095,0.7284601615307477,0.7984611482517845,0.28560084053433743,0.5687833968916167,0.5701986086459228,0.886392059606008,0.7804260298233408,0.8435537205791861,0.4818357478270112,0.23413403996192583,0.6881473248062111,0.5421564263209043,-0.21730973721291502,0.4612120876983627,-0.009570785962777,0.10966281357725391,0.2890857291511083,0.7978777107496973,0.862483252406284,0.6244158785401441,0.42620020919959095,-0.06074666693367943,0.7467416132805421,0.8269997297959847,0.5417513464602528,0.8170300799334467,0.6840128376407315,-0.6078185038586384,0.20221559056543698,0.8909912123419075,0.7769229897521907,0.5602203665658245,0.871390132923959,0.9636354156892697,0.22676741151741295
ETHUSDT,0.8674446210758064,1.0,0.09153068530583264,0.8990809630783192,0.8636485916954693,0.8450332074843264,-0.20558802649803803,0.689097199044521,0.9869940606700636,0.7915172560346537,0.9177619100842985,0.3462763510658173,0.8646964848097844,0.9871387367953395,0.8613616111729822,-0.11732630424607227,0.9882738520524433,0.27928585940618117,0.529880291588815,0.826443262654754,0.3507233546523797,0.48566835773444506,0.03547928288666771,0.6708974788722397,0.9884345142595221,0.9894979925293836,0.0411017350484445,0.41598157532371477,0.8840542112410323,0.877293687507358,0.4711530288963326,0.8533210373366428,0.8715979965886828,0.7134189729939903,0.07798981569753188,-0.43609405478303404,-0.03308803311260736,0.8187351971829625,0.3336122830899152,0.7985577391297304,-0.13052887947049857,0.8605342626361305,0.033168360045285894,0.7472919755500519,0.6407435689640093,0.7422731171761686,0.5364434534173167,0.4223296789420337,0.10804531487526556,0.9174664180370818,0.4518289339861617,0.8558275134487425,0.710587321496709,,0.6991814976053794,0.7840308105514386,-0.00260047458767692,0.9138008201494533,0.7370546799855806,0.7781606312203184,-0.11405383391632876,0.8320612343539998,0.9144008854386594,0.8929262510226242,0.6378470420293221,0.4860305111839724,0.8275490113336494,0.8878609011060595,0.8373830615395782,0.7704748828143675,0.6114041642704223,0.2857044861242541,0.7362111377546859,0.7666691982607531,0.1602570207223829,0.7046570801788574,-0.11636623540496333,-0.07128418969138317,0.38642701797915124,0.5926332447589082,0.9860823967688648,0.65127100676649,0.15991189698761202,0.16841395950192856,0.918374409703339,0.8642093264256085,0.5826193602328341,0.8174422699445532,0.8382462109074333,-0.5978199435273359,0.20325039607651588,0.9787744028800688,0.683095631311493,0.5030386535505172,0.9865676699215568,0.850114453720792,0.5162736987604252
USDTUSDT,0.17003193136922443,0.09153068530583264,1.0,0.1702907542281937,-0.32547137056654346,-0.17267793839974774,-0.623417342147318,-0.18531127116225282,0.09196227004917623,-0.34381897815101364,-0.1716305788826963,0.6875883433600701,0.4063615626570994,0.07813074329687279,0.22126742789362436,0.7975102475159527,0.07618554360385278,0.6605301727723805,-0.31732298085567834,-0.3482693285801593,0.8130076689331208,0.0672609452579196,-0.5676227504884778,0.16517446074446504,0.10167613571277093,0.10946117149495078,0.7934593820273039,0.2242534785379191,-0.2738465223274965,0.1533120786284828,0.14171378537242252,-0.32550873820049475,-0.19601869114098283,-0.36739673427734937,0.5883378000821763,0.24302119050435272,0.8440985534695918,0.09234373522598475,0.762648037173605,0.12283401628577655,0.2805513901343597,0.012090722140966874,0.4057896456926794,-0.4372968567251864,-0.39879215983992383,-0.17437733754420262,0.24839750583691847,-0.33007937711873675,0.7714126448437335,-0.018324790118126304,-0.34823783052292445,-0.28787276361528596,0.34902120195465813,,-0.3712201577300957,-0.2911682623421493,0.8968106292701014,0.39350794187094335,0.09165744978462378,-0.2743698387351615,-0.799034111154386,-0.18190794065892615,-0.252240748683073,-0.0718936040285263,0.17903731199745912,-0.6674885778708829,-0.20425264060754295,-0.16500899432304905,-0.35527246937814705,0.40344851351853095,-0.6534953958500247,-0.2794120015241035,-0.48060067649047006,0.1553119429206181,0.30140633400991845,-0.08092480674606957,0.7015992855658786,0.9441501533879259,-0.2633631456451069,-0.1889545645982793,0.1005254301006485,-0.49984181245786385,0.4944713007905711,0.29809803646590954,-0.2233027107282655,-0.32219314569725244,-0.6712892602837601,-0.3868403247954309,-0.20227901732722048,-0.20263000228771147,-0.8584466467079573,-0.017124484039102265,0.06210780957697381,-0.34380694951179047,0.10627798536654326,0.3415075529153691,0.361685865160565
XRPUSDT,0.8004159380600026,0.8990809630783192,0.1702907542281937,1.0,0.7994152589432234,0.9249914727790104,-0.17204066063755868,0.4973395859167953,0.9040616498141817,0.8227369718979972,0.83095666089684,0.33234997266955096,0.7403234747567597,0.9127698599209891,0.8014941316735219,-0.11572469995973286,0.8980874353259796,0.36108340670180955,0.6250475423221581,0.7978677367438984,0.25843502188877954,0.6207999988382624,0.08063460544876895,0.8331990711148353,0.8931843197224573,0.9080203186529374,-0.005531718233168856,0.36681762241761406,0.755098057166407,0.8135675947216094,0.6122984127779579,0.7857556671791133,0.8473489303574048,0.6389445019521248,-0.025501857340753484,-0.09571146521299151,0.0627649673372953,0.8448799688003064,0.32389515075454506,0.6058261002465183,-0.03454063817826217,0.5896244622149344,0.2489796635544692,0.583987835860356,0.5264876107318922,0.8490903457837622,0.30878170467590016,0.40364152394360175,0.2618035898599623,0.9367637513341831,0.35941554933945585,0.6493547679865289,0.47721402747549385,,0.5429946087594761,0.6812525894983035,0.026478853198328194,0.826614769913592,0.8987094415453819,0.7284232617682288,-0.1161492938858458,0.919288454026251,0.8646255839812076,0.9532891883813525,0.7636710599360066,0.38629895962702787,0.6962529497620236,0.7002885455592063,0.8063909297822486,0.7016705755348256,0.5884070935976933,-0.02744234048059787,0.6415386375563499,0.8490800008117635,0.28097673398476225,0.7112158351210428,-0.21141083850660816,-0.013661030826964928,0.3150823323834343,0.5857758769041634,0.906883080069681,0.5421618769262501,0.3117629179120231,0.27413860109553756,0.85275057997217,0.7936506515049266,0.4668306051255231,0.7177818480504743,0.9152109188307828,-0.32686405303434596,0.19026657997559276,0.8963906620411273,0.8502985993383739,0.5928889345410085,0.9013227221338813,0.7459933400784099,0.636466620915474
BNBUSDT,0.828505761119346,0.8636485916954693,-0.32547137056654346,0.7994152589432234,1.0,0.870459389636232,-0.026003283671709936,0.7870878677970874,0.8658602404408153,0.9360354133516773,0.9597353077438111,0.10054189444691966,0.6320524866572925,0.8742277904458075,0.7988988231140403,-0.5007377876454783,0.8727706015480992,0.00015537810256952247,0.6669210265210651,0.9744458382946887,-0.11022820740876818,0.3104470039737472,0.4553856285609183,0.7019664378774814,0.8611319553333352,0.8596139709671063,-0.34075560134814686,0.42281767302820394,0.9734709418319634,0.844963462796981,0.5877403830396679,0.871651158731426,0.8386267137169198,0.7265540940852704,-0.29617957830167047,-0.3746377915409081,-0.39699611537465784,0.8273313667916542,-0.1161794714218834,0.6663057973215496,-0.11859474981827361,0.6989970879864553,-0.10081378659975691,0.8808277249969012,0.8737770581559806,0.7768929725852695,0.3896701912461369,0.6201207557983797,-0.21214328946625935,0.9023942038186137,0.6738805905041936,0.9205760779679169,0.4095720558419003,,0.7573375770874886,0.9284184856961263,-0.40481152720589325,0.6238816287814347,0.6438100192191117,0.7421128462778739,0.2986083615570176,0.8631172868636762,0.939558061274245,0.8909091784185523,0.4208007580359725,0.8191492144583963,0.7609721485876983,0.9149100584230692,0.9626888376090328,0.5424163103498426,0.8818463767043218,0.2647092161303746,0.9427041873244805,0.6105667248239879,-0.08338303532334977,0.587290623828217,-0.48963286603874884,-0.428072523423377,0.4228225326335219,0.7560478430167333,0.8595508685507847,0.8865225633638513,0.04695448468119247,-0.0608889966556657,0.9281755679439881,0.995319451680705,0.8308617886996127,0.9799868231566261,0.8750286529018942,-0.48061525722483744,0.6294714460260934,0.9246314115986429,0.7148875874131361,0.6630403150465458,0.8574904565994209,0.7045363179708385,0.2910151278541809
SOLUSDT,0.701047238672467,0.8450332074843264,-0.17267793839974774,0.9249914727790104,0.870459389636232,1.0,0.049811607771661784,0.5261071951676172,0.8499898369212335,0.9282358831831575,0.8566179223938147,0.039760192488710724,0.5847589618873873,0.8633241914598897,0.6883059504141567,-0.41879880553191423,0.8486424246375032,0.1590813987963456,0.7753344458359182,0.8944137454659166,-0.022209661366997983,0.6236594811026733,0.2562459124026881,0.7655216346589487,0.8333263183216837,0.8485072896108333,-0.24252083872816765,0.20106047451733078,0.811737357743792,0.7182962707735482,0.530960178944377,0.9102917707148146,0.9348689528112554,0.7997922762864023,-0.20154246198326956,-0.15577686397553853,-0.2073750147154789,0.7863249742058668,0.07165778324396553,0.5537320394024887,-0.17017271660749636,0.5520682942041167,0.18815046559116078,0.6934717245612448,0.5934141390998504,0.9155817902084539,0.19240971682802516,0.535337162100931,0.03716859091941603,0.9129636353886981,0.3843227024684644,0.7085871976688173,0.36384822558805663,,0.699543131415771,0.7115000912733906,-0.28365563062316945,0.6854833117994007,0.8874435692408941,0.8623245517825945,0.1160276799514236,0.991470788958963,0.9329442626553925,0.977449678074409,0.7301053540544957,0.5757994631464639,0.7592250909603036,0.7133767101947405,0.9177578845859787,0.583811192450652,0.7782370208021586,0.09243524398259936,0.7535005615189126,0.8003554051491144,0.17498607706690963,0.7969380492062837,-0.39738543279431005,-0.33572571611609764,0.435903248561499,0.6404971930110278,0.8500861684454505,0.641396008205193,0.17102178741837804,0.19765536672553408,0.9110877591796734,0.8622973955072244,0.6930771374319513,0.8138229049464469,0.9922435623920614,-0.16963962348880235,0.44951743261932814,0.8744289013210266,0.8465723563154269,0.7524049234967525,0.8435678853730129,0.5946862878776885,0.4896955508426171
USDCUSDT,-0.5310371814004103,-0.20558802649803803,-0.623417342147318,-0.17204066063755868,-0.026003283671709936,0.049811607771661784,1.0,-0.40723366760798807,-0.20485765015082064,0.022668387487720106,-0.111554368776254,-0.4579135858645432,-0.5718775960730665,-0.18591263139764083,-0.56306606848756,-0.16135903187605907,-0.20109914452751776,-0.49896073080735687,-0.00450547585830657,-0.05540574780104441,-0.4340629586028829,0.4521670135961478,-0.12253639661179251,-0.448498192926832,-0.21772724098140064,-0.21209244144962572,-0.6876497744071925,-0.42561974174797923,-0.11931189730661622,-0.5038697672975162,-0.5778153917541147,0.12224692189547051,0.0713099688075592,0.1380783212699802,-0.39158210150773315,-0.03550063018942337,-0.5550528806199304,-0.44947926264061194,-0.20554413991664608,-0.3944333586998814,-0.20795216279136877,-0.09854758537244204,-0.41620610863518165,0.14912219239708194,-0.12141688160060217,0.1866341989500011,-0.44613545884852845,-0.373627341595549,-0.48120217263035875,-0.11208924175831937,0.04470629903695232,-0.11282633755384004,-0.4122555619607551,,-0.1064090961074271,-0.06233766111665936,-0.45820857720785874,-0.3192576341976589,0.062054457119765635,0.11279068819356475,0.5083813761955787,0.07121440672481347,0.11823323640928253,-0.085031368718625,0.26995155049487063,0.12539302061499188,0.227611732615888,-0.20361968112133344,-0.01797681665624824,-0.637158648861181,0.36659076712372274,-0.19485581221560813,0.12695153718327795,0.08829446212633327,0.42927918099246826,-0.012107870749211094,-0.6573222055889753,-0.7316022836751142,-0.10687941037257871,-0.4533401316930473,-0.19665025063463445,0.20880835770593045,-0.6514124821619027,0.2924740462421426,0.08962078752427399,-0.02872979837979758,0.187180071793007,-0.07488628817005949,0.08613491367897042,0.3671813514931221,0.4837860742328825,-0.163692053244676,-0.33973149680688597,-0.03841059740490809,-0.21944983577874705,-0.6255290779287805,0.12953467948131456
TRXUSDT,0.8629883185344945,0.689097199044521,-0.18531127116225282,0.4973395859167953,0.7870878677970874,0.5261071951676172,-0.40723366760798807,1.0,0.6898050597292968,0.6394667247912417,0.83659047730245,0.2773024466402766,0.7377596754032755,0.6832986547056659,0.8489202001345134,-0.4934825452735396,0.6987764162978759,0.22641515228613532,0.6077768591016522,0.752600042262641,0.005637478136123415,-0.22553774030392457,0.5677482110734909,0.5597269205969715,0.6928244056477146,0.6865014041797891,0.03665507509265475,0.3161035436687827,0.8747599298499139,0.861011220357672,0.5729178128206563,0.5968749983017637,0.5822857593787002,0.46218255529843544,-0.232780328079703,-0.36209475773061683,-0.36250891159681453,0.6960248596680677,-0.09814014966403826,0.8586063659093456,-0.00490471122920459,0.6647451171430414,0.09675055219859476,0.7905500142212595,0.7433004273483774,0.46340153453726346,0.7494036364934705,0.6869957570401654,-0.018060465169328202,0.5732887810051024,0.4151052123874209,0.8937940532228935,0.6282397104296175,,0.8111305062579942,0.6967781001337551,-0.23387031636866318,0.5293230872475811,0.27947421582445425,0.4600587330775707,0.005404483489006072,0.5069530722001743,0.6257510071971512,0.604567369445545,-0.029223096649116383,0.7904591647467507,0.5624029845866306,0.9140924201832161,0.7461008672864576,0.7137118160735197,0.5131382204842261,0.4555273809972401,0.7224041662908194,0.2781125585872914,-0.5549625883610084,0.30248115329265374,-0.04638571787951798,-0.16602918441626252,0.2535095074835941,0.7847289894698803,0.6759487692135303,0.706194806140965,0.2757609042364399,-0.20251267760850125,0.6641497018066351,0.7853682535322394,0.7489123420868541,0.8331447730530824,0.5159708495620762,-0.5236480415916411,0.434977058651144,0.759640699152464,0.576119126103162,0.6301841151950799,0.6904195037805513,0.807889055341164,-0.21562738791399982
STETHUSDT,0.8698183837098306,0.9869940606700636,0.09196227004917623,0.9040616498141817,0.8658602404408153,0.8499898369212335,-0.20485765015082064,0.6898050597292968,1.0,0.7949557376956752,0.9208643258790162,0.35151832338495825,0.8644249237087013,0.9877254027778114,0.8639398062587952,-0.12026628951553023,0.9883023959778098,0.28707607546470354,0.5394906321499641,0.8285973748190959,0.3470061703123155,0.4879531344022436,0.04159200562882735,0.677951948356911,0.9881451010884675,0.9898593502045423,0.03932150453190998,0.4113356464267695,0.8850240414988223,0.8798739223453587,0.4773489903848318,0.8531372659788119,0.8738207770066927,0.7104729559247757,0.0671266545810859,-0.4228619346096291,-0.037071831918372225,0.8207062274788649,0.3346354934340202,0.7992525944460803,-0.12436203598897141,0.8550972559639716,0.04358014602021824,0.7493578149538954,0.6391481973196176,0.7510886148372884,0.5373894268340584,0.4225073579905224,0.11614249982954891,0.9191866788083312,0.4479434631552897,0.8545429082124841,0.7074746854740441,,0.6988642872471248,0.7825088630809042,-0.002453023701247691,0.9130788862113033,0.7444405389256182,0.7763476436675532,-0.11611846717776336,0.8372150414888503,0.9160007712985703,0.8976257797087848,0.6417394273896182,0.48994559294569295,0.8286731653359456,0.8877410677366091,0.8398885263340242,0.7719403301421732,0.613170689258406,0.27341577116144805,0.7375631079755817,0.7719710329337206,0.16008728447896486,0.7021188471605158,-0.12125285574326242,-0.07202450289094743,0.3782022223046453,0.5944380165359666,0.9864296479881993,0.6542544344954389,0.167417379265935,0.1762015509837643,0.9204337805894802,0.8660845038827203,0.5845750676833561,0.818164004473342,0.8431092119870516,-0.5889224147792309,0.20823886853070173,0.980330305500061,0.6914623180434374,0.5123004136972226,0.9867239223493746,0.850585101708313,0.515551402144226
DOGEUSDT,0.7305834388606862,0.7915172560346537,-0.34381897815101364,0.8227369718979972,0.9360354133516773,0.9282358831831575,0.022668387487720106,0.6394667247912417,0.7949557376956752,1.0,0.8647750988772585,-0.07519380037655933,0.5183914760077962,0.8074462426796968,0.7041485510099453,-0.5780560440431739,0.7995059197384348,-0.039561310538716005,0.72594254850368,0.9637140530544894,-0.20519515793787396,0.4087042218698782,0.47076533672820636,0.7633182506339553,0.7835994631636107,0.7880745236112501,-0.37685476384302224,0.3502621720675768,0.8743351756264753,0.7466591491997834,0.6224711842972659,0.8824726894476731,0.853883593346177,0.7860919687415722,-0.27417561626408876,-0.25600888040974734,-0.3193527819905758,0.8296185798263688,-0.19147269310311826,0.5121199393447997,-0.17341411003474913,0.5273294639003576,0.014165985102364866,0.7393592035646847,0.7904980235277647,0.8005678583457536,0.16377197542836716,0.6845840900681834,-0.19643423475251418,0.8983009948164724,0.5926944562289611,0.7811753444674785,0.2563251830991012,,0.7236140322885677,0.8436185392331447,-0.46122772308483184,0.5481745625643172,0.7206961588792448,0.8077265796284842,0.3394348384252334,0.9241840524760925,0.9067002926302826,0.9208296572784279,0.4943382854286526,0.7295593845387475,0.6649649923275499,0.7654045326759505,0.9579317129063828,0.49354153163183107,0.8774611292712547,0.2170575424741837,0.8591234333962126,0.6224275920017454,-0.031370026975256246,0.7090726470904628,-0.5063011535064312,-0.4412590094179892,0.5330423135602775,0.7748278028504735,0.7898442304570097,0.7488144812560126,0.0945194872211231,-0.07734085829808805,0.8748178042422116,0.9304138606241794,0.7869171051952124,0.9173573078926947,0.9304582511708772,-0.2776959140510505,0.6016292051060941,0.8438801663108411,0.8015844418640505,0.7255065286268922,0.7863998253195382,0.5897671188443435,0.3445633306237307
ADAUSDT,0.8817536271881137,0.9177619100842985,-0.1716305788826963,0.83095666089684,0.9597353077438111,0.8566179223938147,-0.111554368776254,0.83659047730245,0.9208643258790162,0.8647750988772585,1.0,0.3035766561149183,0.7689609992523954,0.9256938429529668,0.8643218027789356,-0.3781309937244113,0.9245417088251469,0.23189044351257937,0.7131982225738496,0.9112788314343506,0.07715246608384872,0.32319929276676657,0.34400954120985516,0.6820335509278045,0.9151031536957763,0.9195773728788637,-0.15195596110731055,0.3119751103288586,0.9752133470727018,0.8958509162791777,0.5312357153904783,0.8547419233876924,0.8677331546274594,0.6737999253926497,-0.2669279139543227,-0.32851642923807245,-0.3591360980089621,0.7923470635796483,0.11007913317129507,0.8258171901518317,-0.06254852381784656,0.7869505149656677,0.05279201981391484,0.9130415901517747,0.750640490782132,0.8246641054367698,0.5961455285780972,0.5232082975274305,0.011028005895544191,0.8688475559398043,0.49803924119314613,0.9412285121119495,0.6083787806607333,,0.7939616820694082,0.8322326080087582,-0.22625044004536057,0.7513484398560489,0.69060705413695,0.7168804881840515,0.0526439149693714,0.846340203373025,0.9325877161193386,0.8935886659258547,0.48555080810986223,0.7674944328930985,0.8506552356039336,0.9625065431148085,0.9214669358839698,0.6908361929191557,0.7555910729430864,0.22304832813414638,0.8764993015742879,0.6921347658538871,-0.06574406987397174,0.5578847767363344,-0.32182535141414154,-0.30157886705054165,0.2685442660670168,0.6840885021579401,0.9160928292774132,0.8497699850087232,0.15540519610366144,0.13201738307697422,0.9487561914559042,0.9556362524172411,0.792777551914809,0.9256933848348313,0.8554298444684363,-0.4803537332912847,0.5125049679397381,0.9724648113636789,0.7239953072172908,0.6966678464852393,0.9157941758212762,0.7981456754587982,0.2639778668624899
FIGR_HELOCUSDT,0.4752964494043663,0.3462763510658173,0.6875883433600701,0.33234997266955096,0.10054189444691966,0.039760192488710724,-0.4579135858645432,0.2773024466402766,0.35151832338495825,-0.07519380037655933,0.3035766561149183,1.0,0.5909668122711126,0.34401682695190317,0.5061509406505569,0.5810920108529262,0.3390295519508441,0.7636411943958172,0.028996378376140653,-0.03141164563880084,0.6609721120391229,0.018317444884876265,-0.24430990594098592,0.24999530995051758,0.35441778611046626,0.3670984217515995,0.5166521810158821,0.18431587547326525,0.17438440041432998,0.4744677319708096,0.2215089982416102,-0.1060558979794005,0.042085755208730674,-0.33624119786243406,0.015972540455225233,0.23309830683765162,0.23823273088689986,0.1980624308267778,0.7411738433125385,0.520467460387126,0.44610376626606774,0.33367480921493003,0.31688079060118873,0.18760243404557791,-0.06186708781584257,0.2199231495745429,0.7184458653507672,-0.319031032082657,0.7075001821139154,0.17225729737958828,-0.117964933145439,0.18084676933853996,0.5473105245750794,,-0.08528665538940702,0.04308565229046106,0.6924540996832763,0.5179278977318429,0.23570955252733453,-0.2434471826170023,-0.6687227803599982,0.03196129883806365,0.09322526407367604,0.154098114575624,0.2019171392466797,-0.06617321235688685,0.24472391633350976,0.3165383846614362,-0.03186779340339636,0.4879686829345673,-0.2620056860906712,-0.41527996381761567,0.007567187267171868,0.3610752535043347,0.14608699850095083,-0.2735225737753109,0.30266419899147723,0.5728159026399448,-0.5996537409043629,-0.06383622669537625,0.3573275913432495,0.14934549762116814,0.4256664578904254,0.5190227937773724,0.16809427891064405,0.0987901132805939,-0.19834139862388206,0.006374289541520817,0.02361875348521016,-0.35622190766798967,-0.308431018168707,0.3379349676789409,0.18103781717459855,-0.013318359695685468,0.35693433623389087,0.5616932062177731,0.1937629766628744
WBTUSDT,0.8965256403661339,0.8646964848097844,0.4063615626570994,0.7403234747567597,0.6320524866572925,0.5847589618873873,-0.5718775960730665,0.7377596754032755,0.8644249237087013,0.5183914760077962,0.7689609992523954,0.5909668122711126,1.0,0.8533287187228439,0.9124298017023184,0.06422221739780194,0.8626213974696832,0.564921920770495,0.4213735701967264,0.5900098176681281,0.581626799000483,0.1750935482011124,-0.0160088017242762,0.6250750713272879,0.8713281901951805,0.8726905436692357,0.44399447802040687,0.3857233868135552,0.7243125135222324,0.8913142502415423,0.5010523492437492,0.5844479404748923,0.6467095564530574,0.44660888022386636,0.23848876664411098,-0.3248680650804642,0.19208579470454532,0.7438972881658497,0.5010502416342664,0.8989636091607494,0.01309563265971567,0.786521652624554,0.2708176242764805,0.5528053367477913,0.44305954520821234,0.5030284720753058,0.7673495570437177,0.38308417951966134,0.4124548128054522,0.6915453587624355,0.1934131618880134,0.7281566669781718,0.8754214191252528,,0.6153904716201861,0.5452732932587033,0.30338717279399186,0.9094185742724237,0.5344980116613899,0.5223981265606437,-0.46763762853606405,0.5635729115205312,0.6363294102126175,0.686899893110763,0.3995551336045275,0.2939229148467961,0.6207547081311471,0.8044066521874301,0.6019244515593489,0.9393204064305877,0.2214925001023095,0.3017211315702429,0.4628810409046896,0.5860864474346366,-0.05406499312193095,0.500638258602793,0.3061866546050128,0.3092815858654552,0.2139398377141029,0.5566266856139981,0.8611758971292988,0.39594173930512677,0.4255720223339827,0.15023622035889223,0.6745870256589941,0.633152487722487,0.35442282716453044,0.6094192339312916,0.5619948285145665,-0.6210931923782643,-0.11610038129597465,0.8384301128777681,0.616943959352135,0.40533553757423174,0.8725109692300305,0.9557128901542652,0.2871588498305397
WSTETHUSDT,0.8662384595394247,0.9871387367953395,0.07813074329687279,0.9127698599209891,0.8742277904458075,0.8633241914598897,-0.18591263139764083,0.6832986547056659,0.9877254027778114,0.8074462426796968,0.9256938429529668,0.34401682695190317,0.8533287187228439,1.0,0.8633505656507866,-0.13062310786376422,0.9885864622724511,0.2805922633377056,0.5517051470309499,0.8374868722221264,0.33004357392838746,0.5031608628837099,0.05038897503673043,0.6853068759005977,0.9876914352548718,0.9901210461417432,0.017885259996662805,0.4065952792560067,0.8880911740142589,0.8771896810801953,0.48137759948833575,0.8603603252454058,0.8816032147305801,0.7153225367090971,0.04744450727140349,-0.4099003543549537,-0.05045391242272905,0.8225589581798493,0.3260109386940078,0.7895221327457531,-0.12306457701161407,0.8466429539974604,0.043819623134509704,0.7554750096483196,0.6431850159749405,0.7680044382625264,0.5230436552432354,0.42202976674142073,0.11046664921691447,0.9272556402558888,0.45396522665547884,0.8533382281729347,0.690925152158773,,0.6971242103667662,0.7879074212403825,-0.016179035746859267,0.9072402687957646,0.7586676177199542,0.781625682429102,-0.10077743357914992,0.8512603430657137,0.9255732145081687,0.907882426628061,0.6543015593264727,0.4996705209336525,0.8339898213859311,0.885681923601282,0.8488661755275478,0.7608207728829577,0.6300303727220079,0.25598794875592884,0.7475070442245582,0.7823869429101313,0.17025449314686153,0.7050379298908568,-0.14648722208869025,-0.08946782616344344,0.3752559168101104,0.594961434180413,0.987097863294265,0.6654231287239575,0.1628416395063801,0.18452035744566128,0.9286961027504222,0.8740514194249103,0.5930574956885939,0.8238391045417265,0.8571213054149145,-0.5744892973683559,0.22710922431449584,0.9829471789856995,0.7007017673514898,0.5237569629791875,0.9866320505453485,0.8412681355029675,0.5242955647712096
WBTCUSDT,0.9964108531237497,0.8613616111729822,0.22126742789362436,0.8014941316735219,0.7988988231140403,0.6883059504141567,-0.56306606848756,0.8489202001345134,0.8639398062587952,0.7041485510099453,0.8643218027789356,0.5061509406505569,0.9124298017023184,0.8633505656507866,1.0,-0.1781287071488729,0.8638787198751453,0.4403464137379154,0.5541903370053857,0.7736302961148858,0.298896725272985,0.07603400605568127,0.32085248486350015,0.8224906044527077,0.8657851519153953,0.866911066748821,0.2135493340576185,0.5306623306518269,0.8428678177799497,0.995446412839828,0.7653832062040778,0.621439792023309,0.6608775943820486,0.4588117187913253,-0.0052830253974099255,-0.21671685258957177,0.03941679663993561,0.9022445965527129,0.21159320068345175,0.8334692798948976,0.08207524536503265,0.6696486145519548,0.24143093515942443,0.6394274814232535,0.6825274564894126,0.5870702819281095,0.6686375428225569,0.5918776397016745,0.26383739842824755,0.7999316840347025,0.42196601822528884,0.7977963868792922,0.6649661124122519,,0.6428640688889989,0.7306304035560784,0.07847865992878031,0.7837568088643825,0.5630271294160634,0.5118919678526531,-0.2037974497954457,0.6702955348458599,0.7054070297873729,0.7891713756675386,0.2940553794556859,0.5291103074081849,0.5564014321136912,0.8674558903668511,0.7550160849208675,0.868605525444575,0.43503948073121274,0.21772424584788944,0.6486441602449795,0.5473351989023718,-0.21016161459324198,0.45772955946616606,0.04047997556974408,0.15958967150690978,0.2680005723687577,0.782697340000385,0.857040660306882,0.5836198689389296,0.4633209336711889,-0.03393744937143412,0.726801042278735,0.7970756248669826,0.5063832481923289,0.7849638487461182,0.6691599756343923,-0.5928236419989492,0.15289844655558182,0.8799640436831662,0.7821212563872834,0.5554119310353322,0.8665228971974274,0.9723476511546378,0.22840518116671432
BCHUSDT,-0.2119736624847369,-0.11732630424607227,0.7975102475159527,-0.11572469995973286,-0.5007377876454783,-0.41879880553191423,-0.16135903187605907,-0.4934825452735396,-0.12026628951553023,-0.5780560440431739,-0.3781309937244113,0.5810920108529262,0.06422221739780194,-0.13062310786376422,-0.1781287071488729,1.0,-0.13217990988596529,0.3325857627081478,-0.6733127026612641,-0.5905233829858799,0.7503958480537903,0.191306650338195,-0.8436285853162522,-0.3132553527795281,-0.10377814178774494,-0.10540678051138797,0.5092295091079795,0.12024054991650583,-0.4699330548944932,-0.21647829811516575,-0.34617999398258015,-0.47240742800574137,-0.3907793199444643,-0.5092289312714684,0.5366135045871616,0.08850073167430188,0.6507995299074082,-0.3134252465982311,0.7629103373848565,-0.1490577860968879,0.2246392865689259,0.012672077077610203,-0.06562148770977595,-0.45443708880445066,-0.526873802888611,-0.33688005035794844,0.07407797207180182,-0.7800917946981747,0.4543427494749651,-0.23002416985769006,-0.2705780156988669,-0.4251114628108164,0.15751880200773627,,-0.646200777549911,-0.37941650992635073,0.8253004559225346,0.18109956410055478,-0.12249031772362248,-0.4462500612860436,-0.57320964234139,-0.41784034816799115,-0.35753953329654464,-0.3621214172011137,0.1750967552361853,-0.7632279938887687,-0.18224971725122732,-0.3445004871027268,-0.5973448693834396,-0.06692038706815587,-0.6347844842489468,-0.367283338677243,-0.5312135630051541,0.048032389246631245,0.6035783004040092,-0.3242772638936184,0.4480786992301248,0.69382803402988,-0.4529733532706056,-0.6496846677920934,-0.1059460758805451,-0.4540632088602595,-0.003995625067053894,0.41835716552293534,-0.33534388966878165,-0.49134220730779804,-0.7839700871885917,-0.586635361599041,-0.42469936759404875,-0.2295031697881043,-0.7661841411178522,-0.22905666417240397,-0.43157076671690775,-0.7218646724996092,-0.11216479112837527,-0.03693400274949587,0.4483039868888103
WBETHUSDT,0.870847837589733,0.9882738520524433,0.07618554360385278,0.8980874353259796,0.8727706015480992,0.8486424246375032,-0.20109914452751776,0.6987764162978759,0.9883023959778098,0.7995059197384348,0.9245417088251469,0.3390295519508441,0.8626213974696832,0.9885864622724511,0.8638787198751453,-0.13217990988596529,1.0,0.2705365865342923,0.5367200963962453,0.8355657102590366,0.33763071458314703,0.4794403089297705,0.04976542619639744,0.6725117427764536,0.9896783552485904,0.9904986627018948,0.029574037247332537,0.4171948614361029,0.892918279866122,0.8808752354521295,0.4749067482484103,0.8590896858588338,0.8751886338647106,0.7187195077784345,0.06690849056634957,-0.44072703583949074,-0.04742223469063756,0.8220542777297012,0.31977197234357546,0.8010806087960008,-0.13269733862255353,0.8626566131962043,0.02704948417914302,0.7576214610477779,0.652548988744502,0.7454108448167948,0.5376213367826832,0.43206281108383177,0.09602358158731637,0.9202188016772257,0.4612627823379761,0.8649268364797683,0.7075545003790551,,0.707767794688407,0.7930886408390989,-0.01712682095474931,0.9092231310615592,0.734810155651367,0.7816832910716435,-0.10123957346947914,0.8356803986611718,0.9199024135972768,0.8960207198321711,0.6312645982989843,0.5012486845831331,0.8310487234244769,0.8954758908910941,0.84603385764411,0.7679444275735984,0.623303335128858,0.2916447518064501,0.7475357296375735,0.7633403039940553,0.14982469098028026,0.7043294441758938,-0.12722070037078045,-0.08483206742862942,0.39070753516846823,0.6013318153028719,0.9871321343232491,0.6632078619113989,0.15537501506632942,0.15998348305820295,0.9237107958128241,0.8732970530666854,0.5960360561409462,0.828012280682512,0.8422125045355,-0.5992728261803756,0.2188453224690918,0.9823629271641391,0.685219039936248,0.5106650908598783,0.987659861273459,0.8504258734348151,0.5077988263549179
USDSUSDT,0.3926828935982759,0.27928585940618117,0.6605301727723805,0.36108340670180955,0.00015537810256952247,0.1590813987963456,-0.49896073080735687,0.22641515228613532,0.28707607546470354,-0.039561310538716005,0.23189044351257937,0.7636411943958172,0.564921920770495,0.2805922633377056,0.4403464137379154,0.3325857627081478,0.2705365865342923,1.0,0.34756813252207186,-0.04069616276346169,0.5809735893154477,0.07532990415776893,-0.16916483102778898,0.3386902221796508,0.27506691190723515,0.3046365926271669,0.6655212293820885,-0.18951186332396058,0.08309925299249614,0.3839906167840912,0.23140263124184623,-0.013584977052425829,0.17713476147226634,-0.16382754561126545,0.034905317630979996,0.42131377234445266,0.28278128064028124,0.18263175479049024,0.7121097502455997,0.5294135266251595,0.31781885729861675,0.15207002884203186,0.7738996641581232,0.055607042887913245,-0.29653106802973345,0.32374072257741127,0.615484389622322,-0.10385848127559656,0.9266653105915695,0.09405938956030546,-0.5173479391730426,0.05652916506105684,0.565529336694878,,0.11698674197331327,-0.2144940930658172,0.6327316312118133,0.49182319238260347,0.38031574388022404,-0.04576147407659693,-0.840406172577434,0.14967746803744905,0.05139147037327515,0.23390723404062136,0.2964977869958763,-0.13758687593439856,0.20889092818232446,0.1831294521396013,0.009847467063865337,0.6547253070905344,-0.3613391404707128,-0.33472223499812914,-0.16499814072867933,0.3990951222862587,0.01818190591848285,-0.0016528237942735058,0.517030750362479,0.5737697313215554,-0.45347218476924406,0.03196659597286165,0.29169498878509065,-0.11460007161321174,0.6682162529873356,0.593515422597878,0.12759447427478934,-0.010297023503204543,-0.1362828271971602,-0.07179996995278883,0.12929924753596725,0.0717733192886964,-0.3884867686245813,0.26756421688593623,0.40231132745733494,0.31347350818630154,0.2974377650583946,0.4834487227239509,0.02941172805417706
HYPEUSDT,0.5576429120989513,0.529880291588815,-0.31732298085567834,0.6250475423221581,0.6669210265210651,0.7753344458359182,-0.00450547585830657,0.6077768591016522,0.5394906321499641,0.72594254850368,0.7131982225738496,0.028996378376140653,0.4213735701967264,0.5517051470309499,0.5541903370053857,-0.6733127026612641,0.5367200963962453,0.34756813252207186,1.0,0.6998176386703103,-0.2504504972142756,0.2330255294329661,0.5619071607085748,0.6382290740302297,0.5103109940809527,0.5386191086576894,-0.15463517523707052,-0.23342822206770078,0.6582514003504905,0.5672416243125912,0.47861748939440485,0.675721842954383,0.7468601755808734,0.5593930459507012,-0.5334040080073854,0.17410710562191017,-0.4727667570357053,0.5344159953185579,-0.08165667921968751,0.5774090719257946,-0.04168662461520513,0.26345093299073796,0.5538807385404653,0.6463579545114934,0.3640952623858313,0.835244840294516,0.33912616327646705,0.5945223083361911,0.21915550661396865,0.5323504315149064,-0.008016253342545257,0.570245646570408,0.30515376366223257,,0.7625219089874173,0.36874208969432254,-0.3615208610908214,0.37715844073348176,0.6793191226021632,0.610495524625159,-0.00807943068811503,0.7723439259845857,0.649690378288236,0.7512508488183219,0.39493150426132295,0.6918916165999998,0.5909948418902555,0.5819629599073963,0.7589417323207028,0.5599353216149444,0.5691585075768548,0.007458679250121035,0.5692786056638965,0.5432548536683708,-0.26330693203115707,0.5013899577350344,-0.26427093331612617,-0.38559418961687464,0.13438155861508147,0.6182561062986407,0.5342924658911363,0.5295027350163817,0.3844241188822661,0.24367060610852725,0.6723592411192432,0.6494780276140518,0.7568575754622818,0.6467882928530012,0.7666886789890842,0.23565706465509587,0.558011221659958,0.6234300328726299,0.8160995537354547,0.9938840397455591,0.5350276434681411,0.43309500247470567,-0.0973695010928134
LINKUSDT,0.8019487881397508,0.826443262654754,-0.3482693285801593,0.7978677367438984,0.9744458382946887,0.8944137454659166,-0.05540574780104441,0.752600042262641,0.8285973748190959,0.9637140530544894,0.9112788314343506,-0.03141164563880084,0.5900098176681281,0.8374868722221264,0.7736302961148858,-0.5905233829858799,0.8355657102590366,-0.04069616276346169,0.6998176386703103,1.0,-0.17789846247595315,0.30052903162077144,0.5103592130120942,0.7540725783371828,0.8218783841920443,0.821153029782921,-0.33889554504090785,0.4122685049725284,0.9379039518369295,0.8154888686258897,0.6436961990532395,0.8854781018123176,0.8442868085143895,0.7822352667240903,-0.2547069708460634,-0.34890055401087655,-0.3419759760972106,0.860939171332643,-0.20722197917247964,0.6010254689248912,-0.16947365770942793,0.6100124415362688,-0.03594609057422767,0.7987361717011574,0.8648159133861455,0.753795234410699,0.2761434651913387,0.7311504948979782,-0.22906235026782623,0.8997239051908513,0.6468816383303223,0.8671424412408729,0.34001386477503853,,0.7795397493278305,0.9005292337340266,-0.4607355611031683,0.5765707793458721,0.6504048876191388,0.7934338355672323,0.33250255454494987,0.886798615138433,0.9128664522855225,0.905150431949157,0.4031838586721285,0.7887251015989984,0.6815688073057584,0.8521293803871909,0.977633476813873,0.5475079332130832,0.8772478415892644,0.3166853656319516,0.9029409151284777,0.5729414399857072,-0.13198859060296506,0.6755173248583294,-0.46027795726988135,-0.4249413765109797,0.5469393431790818,0.8284670481172746,0.8211044319508464,0.8001743010895687,0.094225973850373,-0.15251119604000657,0.8888162524553804,0.970824827481268,0.8285246752828023,0.9721325282312488,0.895750281221297,-0.39574234653502527,0.6088755145530316,0.8819347671994662,0.776966320785608,0.7099636815411945,0.8211164689933484,0.670471233880025,0.2714349279229334
