,BTCUSDT,ETHUSDT,USDTUSDT,XRPUSDT,BNBUSDT,SOLUSDT,USDCUSDT,TRXUSDT,STETHUSDT,DOGEUSDT,ADAUSDT,FIGR_HELOCUSDT,WBTUSDT,WSTETHUSDT,WBTCUSDT,BCHUSDT,WBETHUSDT,LINKUSDT,USDSUSDT,ZECUSDT,BSC-USDUSDT,HYPEUSDT,LEOUSDT,XLMUSDT,WETHUSDT,WEETHUSDT,USDEUSDT,XMRUSDT,LTCUSDT,CBBTCUSDT,HBARUSDT,AVAXUSDT,SUIUSDT,SHIBUSDT,DAIUSDT,SUSDEUSDT,WLFIUSDT,CROUSDT,UNIUSDT,TONUSDT,DOTUSDT,USDT0USDT,SUSDSUSDT,PYUSDUSDT,MNTUSDT,MUSDT,CCUSDT,TAOUSDT,AAVEUSDT,USD1USDT,NEARUSDT,BGBUSDT,ASTERUSDT,BUIDLUSDT,ICPUSDT,OKBUSDT,ETCUSDT,USDFUSDT,XAUTUSDT,PIUSDT,PEPEUSDT,JITOSOLUSDT,ENAUSDT,JLPUSDT,RAINUSDT,APTUSDT,PUMPUSDT,HTXUSDT,ONDOUSDT,KCSUSDT,WLDUSDT,POLUSDT,PAXGUSDT,USDTBUSDT,BFUSDUSDT,SYRUPUSDCUSDT,ALGOUSDT,TRUMPUSDT,RETHUSDT,ARBUSDT,HASHUSDT,ATOMUSDT,BNSOLUSDT,KASUSDT,FILUSDT,VETUSDT,WBNBUSDT,USDGUSDT,USYCUSDT,GTUSDT,QNTUSDT,RLUSDUSDT,FLRUSDT,RSETHUSDT,FBTCUSDT,LBTCUSDT,XDCUSDT
BTCUSDT,1.0,0.691862287107916,0.23104796510901895,0.5859783498671999,0.6597205528529465,0.4758281201880118,-0.311741370669459,0.8082647703662781,0.6947850802119702,0.5841372640387689,0.7239602091624795,0.4307554524933192,0.3557988084742816,0.6874855677969997,0.8594717732978278,-0.07227138187559422,0.6942999743125996,0.6749175086824768,0.026152414755408488,0.35272499003458946,0.2716436022232188,0.44815738271119154,0.11237152043011224,0.6941649558135718,0.6930712729474509,0.6857860809438245,0.20728970909030547,0.5522667391287103,0.7042317444200628,0.8619498697573578,0.7454513075306853,0.5332582309149824,0.5086073946921187,0.5119348125681846,-0.15324326966312618,0.1289943540927208,0.09557328100178832,0.6753255176038844,0.7191305850067495,0.5638258757754473,0.5378211543451832,0.036481238036173994,0.0782108905470442,0.16792974711412526,0.6647841811939357,0.4849468582764937,0.41124605651814616,0.7437673684838233,0.6332881532104309,0.19377798476154315,0.6120060683149422,0.4726583826997515,0.4633616413711764,,0.4839150854717814,0.6878740198493654,0.5801876387485038,0.09394440079321884,0.30097111936165283,-0.18945801789584155,0.5161975092128668,0.46929072288100104,0.5161522411128128,0.5750461366703558,0.01415402431833707,0.5344483260609432,0.3399420492162499,0.7567349951742958,0.662357994957697,0.7316945406609529,0.41274496773923247,0.5888244030343598,0.23743203064352025,0.08594939605325275,0.2595835583756952,-0.27190830261375243,0.8187455450566701,0.5542455111854022,0.6878462730219799,0.5575269565066409,0.45101373287783525,0.21842993242561903,0.4712239944000093,0.4326472633663768,0.5024067063482875,0.6830714239411962,0.6679727379901803,-0.35792548208315367,-0.6259808220227645,0.7337314864197287,0.6663855017472283,0.35848048727268667,0.6229441837847715,0.6970108621901525,0.8440709633275689,0.8730750741863677,0.17843814574390082
ETHUSDT,0.691862287107916,1.0,0.31895876618703806,0.4998156699624132,0.6662647655688329,0.5235085740656786,-0.008574262933895047,0.6598547173144085,0.6596636848640101,0.5973228321003096,0.6467974886653179,0.33445348103199873,0.49341323640696455,0.6576054839892973,0.6829038441460318,0.13344074370028522,0.6562425921057654,0.6149789745277242,-0.21192662323237832,0.16873411313827524,0.3908150440191974,0.2645378398171228,0.33377455254905886,0.5648540418736099,0.6579233381306631,0.6498521673661637,0.135692146606165,0.4954000477227905,0.6990053878325521,0.6998866641488639,0.5396429536848937,0.4798058186729219,0.46039750487508346,0.5254234012339138,-0.12618779174600614,0.2211684285309743,0.14693268569701873,0.6594956393442442,0.6443069228131748,0.5945043454638115,0.5656509914790341,0.10497487739438308,0.06735365293993402,0.013179408277914409,0.5268487910495959,0.359013747670145,0.31299800000680167,0.6005546381645154,0.5941167659294703,0.17828784775243975,0.4973427932197822,0.45039983217270796,0.562190215637573,,0.2847202229765622,0.6274642228090505,0.5746815196970774,0.16350356155926846,0.29364652620214127,-0.18126317962453545,0.4852274535682244,0.5204227267668645,0.5223460614494874,0.5773328114951579,0.005045007970257725,0.5364235917100608,0.4069542679776903,0.6940569759141136,0.5885526447210988,0.6426374041763848,0.4688437233107512,0.6171220000368128,0.21630195968606605,0.019076350141005775,0.33267723147721157,-0.057330861754610614,0.6668815689632298,0.6310271909960974,0.6554645214997455,0.5601287025476529,0.34155298464293066,0.2761807345007435,0.5235849777190762,0.33448843176014337,0.44396737908745854,0.6394228730024777,0.6741696365291268,-0.44405084785855986,-0.6318618805721381,0.6623148869277459,0.6040836866832122,0.13351165996547887,0.3937985644800393,0.6627708866157265,0.6565727105425644,0.6812033644144116,0.2964677373908491
USDTUSDT,0.23104796510901895,0.31895876618703806,1.0,0.3844712514086535,0.19472020507168347,0.3627189032117497,0.019136585219025323,-0.029999661203544595,0.32011581843771697,0.23908363785498357,0.03048588881302823,0.5432373080376567,0.6554570124581023,0.32107951939173135,0.26084758989874124,0.83817953784803,0.2985127211270214,0.04912311334810361,-0.2752974155972597,-0.4958366636905002,0.9134640062902426,-0.2987300496219853,0.6222064501141837,0.4019614119652134,0.31884770256570444,0.3239830306963234,0.6829734386470462,0.3392802407867768,0.18238882272497048,0.23234830454975924,0.2902653360790612,-0.08080593340476823,0.028974214342110918,0.10310060053019335,0.39092251710600967,0.8897805955776227,0.7892802498933057,0.5173848548181551,0.2436627447512175,0.19599450310625452,-0.08410784360338436,0.673359155374005,0.35786301113927727,0.3264767600590635,-0.29878331964335997,-0.02977375580460137,-0.17846149555348886,0.1313528917215024,0.26254615441109663,0.7454251523347666,-0.2713359428237585,-0.10234310950201143,0.6215756489173089,,-0.4375562197293975,-0.02817924390627812,0.5090362268855063,0.8038241627795062,0.25971787275523667,-0.5986941346415766,-0.029851386317316778,0.3603057545438044,0.15512011202588852,0.3567427172590331,0.03342261173513683,-0.1931901425550609,0.03643001279377474,0.07550198681289984,-0.009919955108073149,0.5715655883552049,-0.10385468325710709,0.021805829340205196,0.11565153922929702,0.5692695255820763,0.9782880394102335,0.41729701580283846,0.19513386068587313,0.03195494364876595,0.3256569521257983,0.09235924507431353,-0.29849954498426606,-0.4383968128656781,0.3447914628488762,0.08833633789475635,-0.3248862395173656,0.21677224049927243,0.192234397591442,-0.42195453330427796,-0.40337406892027006,-0.02142786079859943,0.24248881382719387,0.29670507787305744,0.06962744174255216,0.33658687969141426,0.2898397170799999,0.29863293862918916,0.5508390380558172
XRPUSDT,0.5859783498671999,0.4998156699624132,0.3844712514086535,1.0,0.5590320806818077,0.43915975023864323,-0.037426911369239306,0.5422921536204015,0.5032288814610845,0.5252793149243505,0.4937571042648317,0.15766988608173507,0.32061993546529094,0.5054280624258991,0.582839035695093,0.061892819597548915,0.4958168476778543,0.5167525126209827,-0.09880965803140801,0.21794164778075426,0.22890911051489213,0.3038844638016577,0.2357582794200222,0.6112042363432432,0.49596144061120234,0.49622116005731687,0.09818739219569265,0.4996222737979882,0.5215762368673944,0.5925187409654217,0.6225744301165194,0.3835770799631582,0.3652515422818936,0.41957208343678465,0.13325265438659856,0.19639053543326812,0.07581507602999157,0.5742895322895744,0.45472325243822276,0.336778411620966,0.35584723775951405,-0.015682748846767906,0.1336732873586845,0.18610013359210636,0.4179042803773369,0.11221064803736878,0.3253143613200914,0.5836708578062815,0.4928749846235078,0.2212534073175759,0.28079047275411084,0.41600249726215055,0.3041171757875044,,0.24217411899482455,0.5161933514488442,0.42619099802638977,0.15753446265909232,0.22706139287413757,-0.20580156526153234,0.3580119550143376,0.4379152710859838,0.40031690166781,0.49318144290469107,0.0007628504500189647,0.38503624743173176,0.16982435704305113,0.526570537520818,0.5019729162290021,0.5337859443758713,0.3671618487863291,0.47137571019973395,0.10027548118888893,-0.014729640880618261,0.320580799219361,-0.08297464966121613,0.6511044665358849,0.4641270794781193,0.5002657032523938,0.40750250559020507,0.08805277571964094,0.21663980682991266,0.4359987269598238,0.31841454893069804,0.38685223957086184,0.4940446089469906,0.5611903030963378,-0.3805388793682881,-0.3904060757686705,0.5600678589057955,0.599173080192602,0.24475722169899464,0.4978677687391639,0.5058805045635608,0.5229472243384783,0.587091885562702,0.28826481738258936
BNBUSDT,0.6597205528529465,0.6662647655688329,0.19472020507168347,0.5590320806818077,1.0,0.6573714845968283,0.2976589194964259,0.707444115413271,0.6699695029819188,0.7845027593252306,0.7166262082706276,-0.026065098109941558,0.4923662123186903,0.6787800183927678,0.6358425169613128,0.030066379653462174,0.6638221659271759,0.759181624844957,-0.37266102370084303,0.32649544627142557,0.19622747776563215,0.3983027607189567,0.4452837184927556,0.6614232394371639,0.6590501167964625,0.6559029879756463,-0.16706154703123746,0.5484832212189088,0.7980303839179392,0.6795773701329973,0.6158809140090857,0.5972066979871129,0.5437502068531317,0.6729747366815012,0.0532460935088963,0.10582760579211939,-0.11775950261415516,0.7273635029540877,0.5840400463209706,0.5427896395091463,0.6829024704288493,-0.1679679996519636,0.04528454011499799,-0.02328936757050077,0.6204905354783652,0.10767646670347303,0.4708454785545584,0.7277200225610672,0.6635839015011692,0.06375374295645037,0.46448315603458223,0.6334943949290783,0.44800204983720743,,0.3147908640965541,0.7596996589817275,0.5103304598551571,0.014621886113942977,0.3092683338712153,-0.07387626291115429,0.5756332808533062,0.6602943534614248,0.6273966943291125,0.686616814058558,-0.009715168300450773,0.7357078047895227,0.4114744816415555,0.7559222101321699,0.7373120622521768,0.5613350773218789,0.7157504107502166,0.8041715879649268,0.14997846637129938,-0.2977693690640579,0.2313668208190289,-0.030236249121166174,0.7862100830179548,0.8467636557291144,0.6659017224899149,0.6559136135423754,0.16840610114285687,0.5991919649498103,0.6650812533288335,0.36797605718722376,0.6692868074634786,0.6826583973257848,0.8451839904861126,-0.559757431748299,-0.5078730788822796,0.823786956696665,0.7659652191292617,0.001136454320869397,0.4769815426891296,0.6692184725893404,0.5227647830364854,0.6104383367993581,0.3762254916731339
SOLUSDT,0.4758281201880118,0.5235085740656786,0.3627189032117497,0.43915975023864323,0.6573714845968283,1.0,0.286716795628186,0.3786082536400478,0.5291030470369793,0.7282436117351347,0.5252663228234538,0.016095206113792847,0.7181326468242378,0.5415246967550658,0.46104137372502607,0.116935442362317,0.5208242972067993,0.6444725850180261,-0.5614047243721418,0.33354383820279965,0.2966168050114408,0.35126071204013093,0.6401445547389183,0.6239479913402034,0.5145253078860217,0.5161586131115612,-0.051716220080595884,0.2633902855943498,0.6778934179292774,0.49243541757671255,0.5566453610065257,0.38954533025707616,0.4225499183651177,0.5487590127590397,0.18783390206229839,0.3677620663589331,-0.05103803092664763,0.7541233695397113,0.3901127158302598,0.32403370930544423,0.518596583313149,-0.09214706770284077,0.14591493053310745,0.10254000395746131,0.3799333889968192,0.03547866826045402,0.2856126241184508,0.7094765590039939,0.6023823325708609,0.2124216043955585,0.2906239444989556,0.27253986720679707,0.5878334232140964,,-0.009910373540234467,0.472936054891084,0.41489219710055386,0.05117294687597634,0.5289076530190014,0.023512935503804986,0.43405503661784545,0.7235844091859921,0.5812192394271019,0.695522361433557,-0.007937827660360677,0.651020650141365,0.42033291396767364,0.4570171485452251,0.5795637123495062,0.5209930326681462,0.6135122846619787,0.636553096334168,0.3038716322538883,-0.18280267240538572,0.3666675594242574,0.06642022195366422,0.6675981199894439,0.654364627830763,0.5251259536109547,0.5329837132164151,-0.010702689256445281,0.483831870020344,0.7212455189699082,0.28507320437756406,0.3404990680038135,0.5205200474177116,0.6600222790312732,-0.6401967431094796,-0.409528350828193,0.5560422210193695,0.5690815415883984,0.11825667707451189,0.36592778266423787,0.5310874630468815,0.3567511128293805,0.4502307151841836,0.32467816305246233
USDCUSDT,-0.311741370669459,-0.008574262933895047,0.019136585219025323,-0.037426911369239306,0.2976589194964259,0.286716795628186,1.0,-0.12728726104433685,-0.007836462884058653,0.3056677287431697,-0.002832504744603342,-0.6466009974794036,0.24740102644062717,0.01629083254986706,-0.3411240611785082,0.2583819953105706,-0.01886489154273377,0.1060214946079269,-0.6116978760632158,-0.14764217301708124,-0.011327979255456663,-0.11196531789979983,0.5602341213404368,-0.07303912522322109,-0.02188272610303763,-0.014474453373617175,-0.5033935498017895,-0.001961241314135986,0.15995175971248557,-0.2794749881139512,-0.2557235396452105,0.10475160540368361,0.06527280967419671,0.2638355668359368,0.3378354018857523,-0.0019579279681289485,-0.2637159213643343,0.07950397028592106,-0.13959278208938744,0.034992907639019646,0.24793204819214495,-0.20540577287733228,-0.04562161683207223,-0.2733885085069212,-0.13615014015296062,-0.5439728736437613,0.0880281770072565,-0.07127198646719624,0.029983125125335602,-0.12271125525374453,-0.2480484864744539,0.2263933720933645,0.04843602728156,,-0.2589877116441649,0.0922862717074124,-0.045206874953611226,-0.025199639528248795,-0.017333197465771465,0.0637071135049729,0.08730029432593217,0.3001655659949692,0.18034444178355083,0.17726543860575106,-0.033537114686135086,0.28993000726658613,0.13708869288538056,0.038023940756726236,0.10076712998855485,-0.20767651045184637,0.44222719587124043,0.3333987072988034,-0.15744729574960628,-0.5180213994113722,0.03267134017439816,0.417204930287104,-0.07976237387293961,0.4723601888339465,-0.002308864529796131,0.16716453479106166,-0.43729825228402686,0.5509583877816178,0.3042869262905809,-0.10980513145807178,0.2709458376259106,0.02351159202173633,0.29146275583169745,-0.30083332733253504,0.16718520112404928,0.1375427546557434,0.12912454497515577,-0.5716607990293366,-0.2634517632746776,-0.010408926265190879,-0.4833975313433996,-0.39780133083191305,0.3459837074320338
TRXUSDT,0.8082647703662781,0.6598547173144085,-0.029999661203544595,0.5422921536204015,0.707444115413271,0.3786082536400478,-0.12728726104433685,1.0,0.6622536587576744,0.5453762883983638,0.7861789921343756,0.24371437410799,0.12376449579094248,0.6556268224656178,0.7989139168696826,-0.2299922531543215,0.6625767061416177,0.653332839631239,0.19215366981398377,0.3556256450661108,0.07849357558685409,0.6021477989275751,-0.04305602968900039,0.5507377726919783,0.6565029383727267,0.6543528946745859,0.051083036519012685,0.466086237273793,0.7057722210015913,0.8124473900983648,0.5612299783593693,0.6552770931220787,0.583248088310709,0.572944623145688,-0.14634305472670833,-0.23064886916834226,-0.1749629248156863,0.4800617684008851,0.8292220007767784,0.6410687877062989,0.6749888520572372,-0.04712600539468689,-0.05664755975711207,0.17209119977320342,0.6465637703394126,0.5301593030058853,0.5927034149723197,0.6462372465561639,0.5007297465207836,0.10098145974099461,0.6628622802575086,0.5305746521386595,0.3183858458667266,,0.7687811884290421,0.7088166990399013,0.5303957381100523,-0.018903908633846,0.09199130545541821,-0.28091234110389957,0.5547623363013473,0.3708376838022147,0.5134200522016593,0.48199183599467343,0.009754764243848546,0.6221811728509244,0.36276882592921456,0.8923741846631823,0.7066420650025204,0.6613313255248553,0.4527236893616624,0.6424729119964729,0.0765248428281698,-0.030179751419749275,0.022446529493620616,-0.3761206909353479,0.751273940138006,0.6621727049685379,0.6557971678595864,0.597043047953052,0.5035565371168722,0.4037119577009165,0.3780344904417684,0.41665324775987833,0.8111550463941013,0.69383908033233,0.711970714032577,-0.15137983252444417,-0.41106054456601643,0.8308288694122651,0.5794155287510576,0.2056780744094033,0.6102892365628834,0.6620956717430742,0.7588261694683047,0.8041360025701546,0.07085412469707585
STETHUSDT,0.6947850802119702,0.6596636848640101,0.32011581843771697,0.5032288814610845,0.6699695029819188,0.5291030470369793,-0.007836462884058653,0.6622536587576744,1.0,0.6027748631795338,0.6498348917633463,0.3321043182887579,0.4973413659544942,0.6597000874561975,0.6858663811107908,0.13014613861350072,0.6580577961573314,0.6196599514477815,-0.21376500518675956,0.1755673207934373,0.3893411108438894,0.27268159044958523,0.33712445035601024,0.5714314613924187,0.6595266954313085,0.651716287668965,0.13533101019176658,0.49379807535605696,0.7025915045790647,0.7028643119501111,0.5461240208301797,0.4822823656960361,0.46378586032882374,0.5289334505182116,-0.11959007273552391,0.22253584237427715,0.14224463808246782,0.6645990066899363,0.6460394397380272,0.5924943748293683,0.5678713653639916,0.10166171708710518,0.06941183674806956,0.02026716993810987,0.527900971990758,0.3579236561127485,0.3173432328197334,0.608380677519054,0.5973350692396914,0.18218530633665192,0.4977873205268778,0.4487909989272494,0.5642205917662382,,0.2860533398139042,0.6282543538203189,0.5754938691613775,0.1619984246314488,0.29906725464597006,-0.18121269460613013,0.4873598482143488,0.5261095537172243,0.5264023319897836,0.5826806440805768,0.005080671139295469,0.5415504316186684,0.4082614477025344,0.6954093136034578,0.5931256390355583,0.6467058924927029,0.4725131868133048,0.6201637095636534,0.2186609469917486,0.01782407190429851,0.3342253148223208,-0.05987542149148685,0.6733555680648341,0.6336819417101726,0.6573325504917037,0.5628262012820605,0.3381906164841562,0.28063639820898056,0.5291391963140545,0.3373797572119891,0.44712949221477555,0.6417721280615502,0.6777620194196814,-0.44731601654342196,-0.6291240843286904,0.6655259930599646,0.6069949346373903,0.1388302183108886,0.40037230458917616,0.6647084428618798,0.6579944777709003,0.6844281605827519,0.2960440377601964
DOGEUSDT,0.5841372640387689,0.5973228321003096,0.23908363785498357,0.5252793149243505,0.7845027593252306,0.7282436117351347,0.3056677287431697,0.5453762883983638,0.6027748631795338,1.0,0.6424443476356916,-0.08352892812054429,0.6101754666410211,0.6157408798977497,0.5610453838549562,0.007814625569111349,0.5960102850425991,0.7588240229466675,-0.507815291202121,0.4268902627559153,0.1724759376319808,0.4262273526794818,0.5535327708918135,0.7007002248792752,0.5880829604451651,0.5876239165843592,-0.1884969195328061,0.4271222699554629,0.7648093021795601,0.6037980552348766,0.6606846363625645,0.5171827884255521,0.5016358489926549,0.6395694163064758,0.14895156133866527,0.22326172833153615,-0.15347742772156364,0.7827647620779681,0.45066554504451234,0.39316573401760907,0.6138305592653145,-0.23312586715442585,0.10100919904456508,0.03478113039163547,0.5653641808002378,0.011803020970021554,0.41144588096540946,0.7936295534436281,0.6766135711667224,0.09246759797130213,0.3901883511206445,0.5004318294175426,0.4794174917051963,,0.15169727851718554,0.6616458500911575,0.4339096224293828,-0.03596214082119154,0.46040265443457024,0.05262943067116295,0.5327898478048017,0.7349965846454859,0.6329329030696916,0.7301757273975483,-0.012668111628941728,0.749945270010451,0.40879056052756974,0.6056304678013097,0.7077218355272689,0.5213574474725199,0.7308753354692119,0.7643679251348207,0.24194813974168353,-0.3274499289046505,0.26281336088932905,-0.0019671519440410804,0.7902349627934785,0.785488799592772,0.598002074916902,0.6147524293488978,0.048962178248551064,0.616323415797355,0.7362085539092825,0.3500668617568538,0.5343835245694526,0.6117888040490692,0.7882160224619428,-0.6479181487929441,-0.4484925108633707,0.7314876552648336,0.7298680224125056,0.06870507152673083,0.4766098374772909,0.601879069634137,0.43170736424674483,0.5380359473502584,0.3531168819031252
ADAUSDT,0.7239602091624795,0.6467974886653179,0.03048588881302823,0.4937571042648317,0.7166262082706276,0.5252663228234538,-0.002832504744603342,0.7861789921343756,0.6498348917633463,0.6424443476356916,1.0,0.17365874666272782,0.3779622986376224,0.6487897302422022,0.7051525674551544,-0.18222561189042383,0.652093985738483,0.7183211429826791,-0.1517917574433207,0.43516466236345963,0.11367035861867465,0.5158614481586171,0.198563994093532,0.5542970558020167,0.643990577109728,0.6371562958891697,-0.06974917998983973,0.3797169628182653,0.763307303690891,0.7328113527566714,0.5541001973051543,0.5968878232824707,0.5531428392727253,0.595654918524499,-0.1977063809091693,-0.055236368778357255,-0.1751623772837744,0.6071032868450892,0.6804566477316345,0.584812298466983,0.7016647003878334,-0.13212328786302752,-0.030799745226335457,0.007829010331163493,0.6816244840320688,0.43157991010196145,0.47057718165357093,0.7110965091921555,0.5968842703329076,0.008418403057198974,0.6624357582248429,0.48448642409302733,0.4603695358357073,,0.5023338094714304,0.6993862596309186,0.48253785928776866,-0.10909920359911639,0.30424550066993106,-0.015716425931758253,0.5773185908698036,0.523432784649379,0.5829465757407287,0.5830293998335804,-0.0035852745234215304,0.7343736002947774,0.4775241477559629,0.7719901608989328,0.712785962269484,0.5830749324946501,0.5937816141217208,0.7133057689371682,0.23520393927485625,-0.16753327793791262,0.04947137542161461,-0.2483820041429318,0.7428970960114049,0.7249930532298652,0.6424720982300374,0.6303613294309892,0.4573169482358663,0.5133842125538162,0.5307172966488133,0.37486232076318493,0.6559332883973632,0.6693161672560125,0.7245816424831494,-0.3691851385649965,-0.5169392403136486,0.7796874147946752,0.5945157958513122,0.11462947681423884,0.4865948116028087,0.6481277237779391,0.650411181517696,0.695680277222265,0.11546166700106096
FIGR_HELOCUSDT,0.4307554524933192,0.33445348103199873,0.5432373080376567,0.15766988608173507,-0.026065098109941558,0.016095206113792847,-0.6466009974794036,0.24371437410799,0.3321043182887579,-0.08352892812054429,0.17365874666272782,1.0,0.3094549296304413,0.30829028631287275,0.4655491133902152,0.37229282701491745,0.33199338942806966,-0.015123081806273295,0.26076018939490936,-0.3124475770116883,0.714799110453589,-0.11979279962024163,-0.007349169637328091,0.1243936774046649,0.3477555587052991,0.33823728521146124,0.8370142298855093,0.11079827102466522,0.14411623616480765,0.4089890653869348,0.12529949138990037,-0.015360754713479505,0.07161660553274676,-0.03841679791818639,-0.322540199515273,0.43895259273793547,0.6942282739317647,0.22084115448511263,0.511576112826381,0.4134715659607235,0.020284705144143943,0.7430950961558093,0.1234863562777976,0.22625823990435953,-0.04019671560867409,0.7295879621693525,-0.16087104459251375,0.04231390276085191,0.1417609096994331,0.49607176495525657,0.2591720758273243,-0.24913432517522327,0.5986147256708881,,0.06967158554184799,-0.025825198917286775,0.4869517113011654,0.5123267293885821,0.13834047453486076,-0.4637055451382334,0.031080922448710028,0.0009717839776762444,0.05538768229376953,0.09362977499959214,0.048320862875981814,-0.18778428315303725,0.19344548703547026,0.22308904980938457,-0.0296008705476192,0.5934284114172793,-0.33672317639859595,-0.11453882825921495,0.25017266763728946,0.8009715198425726,0.506853784613729,-0.06198936354306801,0.0960176003394555,-0.16276972278533125,0.3306096962598619,0.07892536080307985,0.46677675657609546,-0.6090512052319326,-0.004193452174413386,0.1140430904958524,-0.2670255628364328,0.2452738585843314,-0.018192543109517862,0.02791535924381881,-0.5391448637483055,-0.029851646011861493,-0.06252649248487778,0.42732253300420414,0.059188499035476363,0.3447920376166684,0.6362281767560662,0.5265287084022489,0.013880976399812629
WBTUSDT,0.3557988084742816,0.49341323640696455,0.6554570124581023,0.32061993546529094,0.4923662123186903,0.7181326468242378,0.24740102644062717,0.12376449579094248,0.4973413659544942,0.6101754666410211,0.3779622986376224,0.3094549296304413,1.0,0.5058234817731012,0.35224607333597346,0.4327455223736445,0.48805720031242333,0.4820789204310032,-0.7215452946650694,0.06311994258024986,0.6486468412466948,0.07504919320963095,0.8438286437252324,0.4803440027989682,0.4896218688346432,0.4870762540169534,0.22145197687038953,0.10490482467557381,0.6006141529598082,0.3680051189144856,0.35888426575935223,0.1971845861246983,0.3008016323861106,0.4261700621439836,0.0924973556222856,0.6973338540731439,0.2822355962728204,0.7659997511028211,0.3483655144276308,0.3538573151314348,0.4135501410403409,0.24651942248714137,0.20234554648327543,0.05136483884510789,0.13963893952106401,0.14843570025226802,0.010694749485355749,0.5323759137822704,0.5523312082697286,0.37840030024986754,0.19902714712181543,-0.013863872786998337,0.8809606815542669,,-0.3258365141903943,0.24951398782523587,0.4839305913701198,0.2664506165865676,0.6452646301003704,-0.026336674980188008,0.3185508795346105,0.7243225080382806,0.5260374339988447,0.6657844410921888,0.009178215140688027,0.4841792174306494,0.5128869788588896,0.2809881615402746,0.3770590836410501,0.561330920912509,0.44498408220064994,0.4812378901728607,0.445996475244356,0.09405593748304424,0.612577032135196,0.26766285951452906,0.45399237569598067,0.49806803682700285,0.49517885209311296,0.4520441302380349,0.001544482734812071,0.21388988822787197,0.7186988924276927,0.1801629905963435,-0.02195452298170821,0.4396891816403005,0.4976084593122745,-0.6909991920636358,-0.5538206980959816,0.30033652611592265,0.3595610342239207,0.11190067348473315,0.09917037489698714,0.5047768113037142,0.31750366047086614,0.35479123096799364,0.37009886322154567
WSTETHUSDT,0.6874855677969997,0.6576054839892973,0.32107951939173135,0.5054280624258991,0.6787800183927678,0.5415246967550658,0.01629083254986706,0.6556268224656178,0.6597000874561975,0.6157408798977497,0.6487897302422022,0.30829028631287275,0.5058234817731012,1.0,0.6778008463351284,0.13139654341256,0.6557700617765216,0.6264729821197492,-0.23295293472225936,0.1823060532893426,0.38293677704002743,0.2764196531091772,0.35414243519809857,0.5787505806339159,0.6569161009747861,0.6495654057130166,0.11860447577042758,0.4942568384263587,0.7066661597375494,0.6964224291839065,0.5507394484161872,0.48422169216711264,0.46560836422700363,0.5364329704803655,-0.1007483464669399,0.22616939079408782,0.13029467539596296,0.6723555133558707,0.6361075728461494,0.5838078117988428,0.5705942551953979,0.08716238169826844,0.07244544693143348,0.020198744084085337,0.5265307167982701,0.334721783646937,0.3218747191321273,0.6159366858434837,0.6017856549430278,0.18040925138662914,0.48760388377038855,0.4543797160056763,0.5613192932683906,,0.2756549520168705,0.6307745952967394,0.5705285974594385,0.15736825024660864,0.30553757635926987,-0.1740097301800463,0.4893741824094898,0.5390856195494363,0.532618342166312,0.5918613630248282,0.003997499020673894,0.5513326069725799,0.40756094604436566,0.6918365147628392,0.5987180350090414,0.6409500237658099,0.4873020383054876,0.6293532663102069,0.21677374135551888,-0.0005636464128192906,0.33609605622837413,-0.051007917456938154,0.6786861780801304,0.6446601548245225,0.6555232183727799,0.566286254473685,0.3178339734495682,0.29845539216931194,0.5419861902334718,0.3372063043180782,0.4525490648443744,0.6410537285362652,0.6862828479702271,-0.46074221682507993,-0.6202192590287718,0.6697328156523654,0.6158433204854701,0.13146408505344806,0.4022304326970152,0.6626873834233638,0.6438741132602249,0.6749853775434385,0.305527595122847
WBTCUSDT,0.8594717732978278,0.6829038441460318,0.26084758989874124,0.582839035695093,0.6358425169613128,0.46104137372502607,-0.3411240611785082,0.7989139168696826,0.6858663811107908,0.5610453838549562,0.7051525674551544,0.4655491133902152,0.35224607333597346,0.6778008463351284,1.0,-0.05126500364376083,0.6845994652073293,0.648493410881427,0.05650828453081675,0.3270159034043384,0.298639988086791,0.4428705494217141,0.10385553221354829,0.6931444108912359,0.684148667362184,0.6778789616118228,0.2574207297959703,0.5420111374251685,0.6814940898233256,0.8576553503282911,0.7432624157328273,0.5132774335345356,0.49607817320604514,0.49101842939820173,-0.13133361054268874,0.15072009604167308,0.12669429934766074,0.6657621890579706,0.7238160073117613,0.552783646837742,0.5090708108071734,0.07629435605326344,0.09256051231392722,0.20939488807608955,0.6269641143930923,0.49649982138443044,0.3994645607521159,0.7291542934275581,0.6149118032691917,0.23741373797358217,0.58859875918036,0.43626146292073265,0.46922195721576626,,0.47802196759434307,0.6550168861335831,0.5868070337774073,0.13011027932744323,0.29546873110858735,-0.23043120426622188,0.4934214356997408,0.4538607533125933,0.49860315196573984,0.5624512583893394,0.016829198597284944,0.49714543652676657,0.32208323874097544,0.7406790476668726,0.6384803747237314,0.7491119652219858,0.37096305239857197,0.5542138864347521,0.2331690958423666,0.13684995301711791,0.290137833098998,-0.27286011677285393,0.8061565773996503,0.5172532935516362,0.6791817647871496,0.5366175014980392,0.43852124048784014,0.17086667530902092,0.4547226286509044,0.4295704553383595,0.4756307920869251,0.6706204766344014,0.6434763965737179,-0.3389826734510485,-0.6124569147886177,0.7065550864551721,0.6437728606166176,0.39245950904615795,0.6268004657582222,0.6889925612370311,0.850881501660777,0.8783563923602608,0.1748802845608419
BCHUSDT,-0.07227138187559422,0.13344074370028522,0.83817953784803,0.061892819597548915,0.030066379653462174,0.116935442362317,0.2583819953105706,-0.2299922531543215,0.13014613861350072,0.007814625569111349,-0.18222561189042383,0.37229282701491745,0.4327455223736445,0.13139654341256,-0.05126500364376083,1.0,0.2132869129597698,-0.20030107863649277,-0.28880279642868684,-0.8064791394529064,0.8534935701903754,-0.6542198758889527,0.5415978141740605,0.03418716920678458,0.13731944786242337,0.13639804766560729,0.5111052514441204,0.3301592890935439,-0.03195969552977108,-0.06561043587994939,-0.11309666535978745,-0.20600313504740075,-0.14942379443853382,-0.04222380293661802,0.253457021655483,0.7394401116389583,0.8313923864411521,0.20796967210249517,0.042525699052169845,0.18367260049204284,-0.1880395289600773,0.6958760924009568,0.23967899500267878,-0.014061624011264477,-0.4444088989179553,-0.19643851327431147,-0.33876543096820766,-0.2875267791051811,0.036255888045634184,0.5111712975444264,-0.4273816893120028,-0.02495029658431978,0.4148616527028838,,-0.5507136487217439,-0.11986299072477265,0.3578582135886173,0.8029823904372173,-0.03780074122095896,-0.5610434337059718,-0.161802099499539,0.11475982413735489,-0.04446093121322367,0.08781930145863809,0.021311550822501694,-0.3943692827203073,-0.061755993223301685,-0.05917831341107296,-0.24244309990708227,0.24142983014260588,-0.19970035470996714,-0.10174137280631075,-0.08300877512864539,0.45106240496520394,0.8301254506484148,0.6055321517685277,-0.1766929283813676,-0.03968252040202655,0.14002664338336648,-0.05790938293691819,-0.3365439341983606,-0.48469394147515205,0.10557293981329094,-0.1000676742791598,-0.39765988288560217,0.02951478916330452,0.028434178955303764,-0.27162969439442436,-0.3283767218311639,-0.19382678994077177,0.0734127264113115,-0.08791112166497835,-0.2941856578949463,0.1443553767728846,-0.0020751765391838323,-0.03951934775202546,0.5943867232364792
WBETHUSDT,0.6942999743125996,0.6562425921057654,0.2985127211270214,0.4958168476778543,0.6638221659271759,0.5208242972067993,-0.01886489154273377,0.6625767061416177,0.6580577961573314,0.5960102850425991,0.652093985738483,0.33199338942806966,0.48805720031242333,0.6557700617765216,0.6845994652073293,0.2132869129597698,1.0,0.6206380569222927,-0.21030923353182537,0.1882353598298756,0.37333011320439374,0.2747333187883144,0.32198639364155324,0.5601643375669261,0.6565193760308393,0.647980402568371,0.12337844404984057,0.4857800919545526,0.701759180549401,0.7020502782643461,0.5392234645310606,0.4835349122170867,0.4630491149951236,0.5254616108606062,-0.14533468855440668,0.2061249720375149,0.13106932890879014,0.6557528903201391,0.6429114978522987,0.594157603334364,0.5723853247006074,0.08994623191219991,0.05961811703983038,0.003567794093965601,0.5422137894016433,0.37055321822397186,0.31543785576581496,0.60632989486147,0.5958414145051262,0.16008821576259083,0.5142680411988035,0.45031568395257837,0.5583737525820073,,0.29406988993932426,0.6317800166306121,0.5668372884809422,0.14119047934125245,0.29850368810332195,-0.15949281952406147,0.4908427460635496,0.5177700868754771,0.5242072127366623,0.5751496830552497,0.004445588134408844,0.5477569774076997,0.4143773605714633,0.6948122856571965,0.5936220499608822,0.6354894490366355,0.47477781372609473,0.6206131288201785,0.22458794787125944,0.0083948379727603,0.3107647340522665,-0.070766471363623,0.6687151564925948,0.6323150747305288,0.6535468613091421,0.5628796811412689,0.35900088769950605,0.2866432667708249,0.5213234239436272,0.33557268525430056,0.4478603136633186,0.6394628801143064,0.6720819277892227,-0.4400976126447786,-0.6336496972647968,0.6654961743493499,0.6005095659666697,0.13216298697011508,0.3945332992523218,0.660768499658901,0.659070931226562,0.6823096903256333,0.2802829949421164
LINKUSDT,0.6749175086824768,0.6149789745277242,0.04912311334810361,0.5167525126209827,0.759181624844957,0.6444725850180261,0.1060214946079269,0.653332839631239,0.6196599514477815,0.7588240229466675,0.7183211429826791,-0.015123081806273295,0.4820789204310032,0.6264729821197492,0.648493410881427,-0.20030107863649277,0.6206380569222927,1.0,-0.3666651466668614,0.564993502561327,0.03390551026372807,0.5108224096964676,0.34492362923241,0.6627414100416394,0.6097062305307313,0.6034683390835487,-0.23014185266502424,0.4138531200349449,0.7834083736847371,0.6889360100231099,0.6788857312488475,0.5720660431204039,0.5338624428615315,0.6258334823931124,-0.07961707836476162,0.04947971612180189,-0.23988854575883375,0.7231480456061941,0.5069758942544272,0.44530012126873475,0.6669137924383902,-0.31499516942336286,0.021777710482396143,-0.037705803335306536,0.7371315720420376,0.1960675436864918,0.4505442842880952,0.8263833953270925,0.685938939006611,-0.05847338014534907,0.5847799952749207,0.5439645899520493,0.41812908836522433,,0.32781077631661665,0.7363256627621659,0.4055435737574755,-0.1953241047794261,0.43484386309891737,0.17125533898633555,0.5881542001378974,0.6484218120469577,0.6249354011480321,0.6755272302748802,-0.013158850111874289,0.8030452033653954,0.4463280654068445,0.6728038780067233,0.7543029042013597,0.5011483727442715,0.7269451669385122,0.7751259700684067,0.2829169696429417,-0.35196253899159763,0.06647785449431967,-0.17139815486624546,0.8202977398492003,0.7707148483136277,0.6120345360908159,0.6355105816830735,0.2847134067564,0.6352250536642673,0.6538410331579324,0.3820622858416225,0.5969533980875913,0.6405590988604434,0.7668800737415943,-0.5482765003391195,-0.5070452566876328,0.7870071128435896,0.713816613658347,0.09500241775919029,0.5213463171614715,0.6157531657803147,0.546345164594793,0.6254967438450505,0.19772147426190081
USDSUSDT,0.026152414755408488,-0.21192662323237832,-0.2752974155972597,-0.09880965803140801,-0.37266102370084303,-0.5614047243721418,-0.6116978760632158,0.19215366981398377,-0.21376500518675956,-0.507815291202121,-0.1517917574433207,0.26076018939490936,-0.7215452946650694,-0.23295293472225936,0.05650828453081675,-0.28880279642868684,-0.21030923353182537,-0.3666651466668614,1.0,-0.0980288331521387,-0.2254415997955989,0.15250407614099357,-0.7857967092355417,-0.2027786426398824,-0.20804564996279495,-0.19988318709057992,0.3454144866542964,-0.07802196394440584,-0.398631484529232,0.001993979689870696,-0.10163643805337544,-0.09795036475624691,-0.12414334738711384,-0.32634172929606037,-0.03220112868441923,-0.4381431236442399,-0.0043579677962269124,-0.5063882674320465,0.11283465067339551,-0.11596586969471084,-0.3115008786739585,0.17393044653509895,-0.061944794571579344,0.3994739113099502,-0.18251506314902866,0.3149547863630713,0.08229193761049694,-0.285951677801777,-0.4058009799389676,0.126928027215499,-0.03652208259751935,-0.19698559089675702,-0.45118649098637786,,0.5088620686114732,-0.25137298292310123,-0.1166650834657106,0.07115218948812188,-0.46616864227323396,-0.4037712625922672,-0.23798921984239177,-0.5759584314752867,-0.370483817684011,-0.45839490612810285,0.01998306968661627,-0.4585354823793441,-0.36765731186975614,-0.03556773337022636,-0.24791915800642186,-0.008489690562131067,-0.579924325897074,-0.4660883591208401,-0.28373447575364713,0.4271285257353178,-0.22921858450404084,-0.4187494744058294,-0.19141664421516835,-0.5071558073774279,-0.21371162361132445,-0.31308360249783257,0.18485094214412917,-0.4719633323361216,-0.5780500215199712,-0.011460115444500226,0.03890533870395756,-0.19173668791854356,-0.3786676949471098,0.6745804191345999,0.35853047940422716,-0.1912437991156229,-0.3274495528965336,0.34513634085975475,0.17461340019831423,-0.2115269257989804,0.14983876768209486,0.10696204716039918,-0.38087007805805334
ZECUSDT,0.35272499003458946,0.16873411313827524,-0.4958366636905002,0.21794164778075426,0.32649544627142557,0.33354383820279965,-0.14764217301708124,0.3556256450661108,0.1755673207934373,0.4268902627559153,0.43516466236345963,-0.3124475770116883,0.06311994258024986,0.1823060532893426,0.3270159034043384,-0.8064791394529064,0.1882353598298756,0.564993502561327,-0.0980288331521387,1.0,-0.6096019344910472,0.7744838043630186,-0.09779629850529328,0.3996553969750246,0.16085677645152918,0.16207424816970042,-0.4717173303861128,-0.11668575429098998,0.39976495916950877,0.35437943459524174,0.521735437209621,0.3679792216815517,0.3493411999435768,0.32616050472674285,-0.08901562305206265,-0.35795665577577696,-0.7320062905134684,0.30586405216457524,0.11229188488345043,-0.05561095468201625,0.3978425586531075,-0.711089745457676,-0.08595515416821645,0.09317758596024531,0.6411085990927176,0.14022697580606702,0.4288527040713474,0.7242642608674184,0.35721324639183355,-0.3254375616570891,0.5221753113386011,0.16839350185955415,-0.04679203856777402,,0.4056487836356575,0.37395238106282963,-0.10208212353873759,-0.6972695490238783,0.41273554863476897,0.5812119755613093,0.3779627373710467,0.3405958697111555,0.3666043019080413,0.34795820388261406,-0.019131261995326856,0.6991723859249238,0.255336976415471,0.24839075990862097,0.5442771207569504,0.08074916018297633,0.5244755961239177,0.4310978269837395,0.29769078374550845,-0.50621676094626,-0.4898293015757193,-0.49640700295706985,0.5857586034298037,0.35759395518420256,0.16393972363498985,0.3309113556139352,0.24642213540600966,0.6697968394836665,0.3452675341956567,0.27110463772224425,0.45716046519264486,0.252319344279947,0.33001630108907076,-0.1841541015086701,0.030950239417477172,0.4629132334221846,0.3057691756140874,0.22104337699717339,0.5211571054071928,0.1638494585360389,0.22089554630951252,0.3123323524385867,-0.32725014429948607
