,BTCUSDT,ETHUSDT,USDTUSDT,XRPUSDT,BNBUSDT,USDCUSDT,SOLUSDT,TRXUSDT,STETHUSDT,DOGEUSDT,ADAUSDT,FIGR_HELOCUSDT,WBTUSDT,WSTETHUSDT,BCHUSDT,WBTCUSDT,WBETHUSDT,ZECUSDT,USDSUSDT,BSC-USDUSDT,LINKUSDT,LEOUSDT,HYPEUSDT,XLMUSDT,WETHUSDT,USDEUSDT,WEETHUSDT,XMRUSDT,CBBTCUSDT,LTCUSDT,HBARUSDT,AVAXUSDT,SUIUSDT,SHIBUSDT,DAIUSDT,SUSDEUSDT,WLFIUSDT,CROUSDT,USDT0USDT,UNIUSDT,SUSDSUSDT,DOTUSDT,TONUSDT,PYUSDUSDT,MUSDT,MNTUSDT,CCUSDT,TAOUSDT,USD1USDT,AAVEUSDT,BGBUSDT,NEARUSDT,BUIDLUSDT,ASTERUSDT,ICPUSDT,OKBUSDT,USDFUSDT,ETCUSDT,XAUTUSDT,PIUSDT,JITOSOLUSDT,JLPUSDT,ENAUSDT,PEPEUSDT,APTUSDT,HTXUSDT,PUMPUSDT,ONDOUSDT,KCSUSDT,WLDUSDT,POLUSDT,PAXGUSDT,USDTBUSDT,BFUSDUSDT,SYRUPUSDCUSDT,TRUMPUSDT,ALGOUSDT,HASHUSDT,RETHUSDT,ATOMUSDT,USYCUSDT,FILUSDT,WBNBUSDT,GTUSDT,RLUSDUSDT,USDGUSDT,ARBUSDT,BNSOLUSDT,VETUSDT,QNTUSDT,KASUSDT,FLRUSDT,FBTCUSDT,LBTCUSDT,RSETHUSDT,KHYPEUSDT,SKYUSDT
BTCUSDT,1.0,0.9126201174958919,0.251038692673138,0.9040506669778982,0.7727642154705956,-0.3183439818167235,0.6022783780356151,0.8551734684822789,0.9145073520888445,0.6965331231198156,0.8962803398085525,0.4650113654127742,0.3889198424223842,0.9065301265311329,-0.0760609601130995,0.9975689208736497,0.9169046983363861,0.38625142403137946,0.02256410287320187,0.2911293108053921,0.811738764376434,0.12997101433920139,0.4872532608009209,0.8001493908250621,0.9133282295852571,0.22952242258119301,0.9150434828726239,0.5974418578021663,0.9985269761375309,0.8210936760480798,0.8065669801211621,0.8019175023841024,0.8347735605796964,0.7296365731447144,-0.1523973206719698,0.15036247361754285,0.10499423252206973,0.7650936651365239,0.03992888136509595,0.8137608013911878,0.15726588059935132,0.6512054818654118,0.7083004303122461,0.1838926809978754,0.520815212778529,0.7172584409948141,0.5849586307968374,0.79830045527643,0.22000450624036103,0.8083666336354979,0.5067676205010698,0.7141387823334407,,0.50443821225605,0.5528551030421954,0.7796422546076014,0.11383384060554053,0.7909264215246079,0.33534420934765496,-0.2006939739322309,0.5871708118976963,0.7355663865984177,0.7212307623983575,0.7627338319090978,0.5758367206170943,0.8665171609627824,0.45318123846464176,0.8206504130455923,0.8254838667015792,0.48017161412513965,0.6890596157859181,0.3641157562614526,0.09269599057352204,0.2754433207224423,-0.26699084316730537,0.5998219082124234,0.8909738518844306,0.49265794284787595,0.8645671368009767,0.2301422039611944,-0.7154882793416777,0.5421486181574265,0.7610951123581666,0.8270645913034523,0.3733577202703946,-0.4479260371589012,0.7683521504145279,0.58395904775987,0.8993227162636129,0.7417266083052775,0.8846245603743652,0.7654282080838957,0.9464941831614242,0.9793086836307411,0.8673776892724313,0.5061768423707371,0.601721145382072
ETHUSDT,0.9126201174958919,1.0,0.39664890079129606,0.8814121688395756,0.890163776114425,-0.009062930348620992,0.7585961677011891,0.791424309711434,0.990985993572799,0.8136723464259533,0.9121202606749689,0.411467071409705,0.6157491958991043,0.9897881437053596,0.1712522076225179,0.9025567987671602,0.9890709223261539,0.20953364474390668,-0.27933591287354764,0.47610524943602806,0.8438458792482465,0.43754956076057644,0.32392529054661723,0.7437146517242524,0.9895484751252528,0.17251663465101733,0.9897061724663299,0.6102627234500777,0.9232902525225182,0.9294102462299034,0.6663411350060908,0.822900141052565,0.8629849269741421,0.8559765425147238,-0.14143990626459818,0.2919539074061501,0.18052766958177305,0.8534131149124276,0.1246415125615349,0.8287457209112588,0.15157523117715388,0.7812249479372794,0.8524214663559114,0.016116041788120875,0.4362977223198698,0.6466145522566044,0.5058548741272785,0.7343830589543825,0.23226248331888547,0.8667487564136984,0.5493360534073306,0.6598827447576059,,0.6982792319077934,0.36374828072014276,0.810208311215909,0.21879649477476373,0.8949353523214741,0.3786411915987133,-0.21792623392979807,0.7451975284714597,0.8443780144996984,0.8342405206026534,0.8188505954729689,0.6578190563990493,0.903968391183816,0.6211038683484755,0.831168013756022,0.826002008922937,0.6231025035732265,0.8240388635598247,0.3847366331531269,0.022833810953630303,0.4043405621450724,-0.05505232608273966,0.7780541670441334,0.8265608912152606,0.4209810468655436,0.9397946881181406,0.33109127109918246,-0.7758221182505205,0.542598876348355,0.8755156760406824,0.8495119480857855,0.15682708986492838,-0.6314695070280403,0.881500715513344,0.7420767187408264,0.9602277881892821,0.7671925075988253,0.7828237036896967,0.5509179272394888,0.8380544566557103,0.869683881179979,0.9407381489654918,0.3456495471727193,0.6426956881916231
USDTUSDT,0.251038692673138,0.39664890079129606,1.0,0.41344202545128783,0.21433860424138515,0.015787815111842667,0.43394517599207677,-0.035949419487017235,0.3972384551127149,0.26946942168837185,0.03688078519443149,0.5435973917878291,0.6636316114653729,0.39921584775130264,0.8511917916079526,0.28358103048923766,0.37186158888537024,-0.5049124434947534,-0.2858629603142084,0.8963431916822604,0.05829025537477129,0.6600265898731709,-0.3059612695901816,0.4349671310322773,0.39608093056321697,0.7002279070342131,0.40769983950079064,0.33884497094571814,0.2523218923597782,0.19952830601345026,0.29131841271065134,-0.10896170067322299,0.052523873469075014,0.14303797960609468,0.3586565191944731,0.9250759476481297,0.7507709200397247,0.5464138042660291,0.6309504948476465,0.2549144875705317,0.6274136665922032,-0.09510389562153776,0.2328075966211233,0.32599128311195463,-0.033240455954281316,-0.3008158776027202,-0.23585475413593693,0.13117082779727185,0.7902867022557607,0.31635718323902656,-0.1043008130620792,-0.29570405089333535,,0.6280841752454489,-0.4752427668819739,-0.02934812715681581,0.8500548111279265,0.6519998972673692,0.2868957284361943,-0.6003063974792201,0.4250647168220693,0.4303931747433598,0.20742035031586642,-0.035904184548741946,-0.19633953569076565,0.0790046693170669,0.04941486083678276,-0.009259375581148001,0.599371183662303,-0.11034891983369852,0.025293688044218384,0.185719060303138,0.5906664697406815,0.9631573472382264,0.39446896071370896,0.029756306247931,0.19757530697035794,-0.3112257049743742,0.38293872674619467,-0.43520662440789987,-0.3886023248825856,-0.3345699274852979,0.20364203498326966,-0.023991082470481404,0.28684213363666733,-0.4813876312015798,0.12287325209689993,0.40157268110712413,0.269127141488446,0.2528204144887417,0.18248537594335953,0.08379263875269888,0.30159620580285706,0.31103134576427116,0.3915437318589979,-0.285978426319468,0.017702580017564785
XRPUSDT,0.9040506669778982,0.8814121688395756,0.41344202545128783,1.0,0.873261015335423,-0.05177893556064773,0.7498660186613263,0.7532225275109207,0.8855368744839295,0.8398396001936704,0.812466206823779,0.22664057689049918,0.47311688026012405,0.8912954297332014,0.09931693743316507,0.9010565546468732,0.8752706414569525,0.3153616012848548,-0.1579806793143318,0.32856888428324316,0.8309937872755261,0.3682243552840456,0.4352883464214063,0.9456874533196328,0.8737819161084524,0.14857190700565845,0.885403290181467,0.7193842502466835,0.9141433222449862,0.8101497295278609,0.9005862435776475,0.7697226280441429,0.8033191225560814,0.8014880346550068,0.17648022516926382,0.31162482573962663,0.11564479748013795,0.873196534891578,-0.01706067581954321,0.6777858577878366,0.34102506030288465,0.569920470951494,0.5595829778942599,0.26803049977390153,0.14993209403372312,0.5980232587474696,0.6168768380831272,0.8354309813908197,0.3401665132917319,0.8460121860333537,0.5914865205970465,0.4311155674419908,,0.44226008376348797,0.35569582551552253,0.7786894559631699,0.24316136062084548,0.778515851520496,0.352836567444617,-0.2890573236546302,0.7387089616411316,0.8484643347370127,0.7508901642738844,0.7086332604985932,0.5483619055122424,0.7967125110276311,0.30303841015262156,0.8295974758020108,0.8021015397235532,0.5717953809352825,0.7353656703625981,0.22105274822040288,-0.020013970547578856,0.4601775719247016,-0.09485894767879921,0.665533370734042,0.9444099363846565,0.11339535193826877,0.8397276022473612,0.3001907129526917,-0.5645998748827772,0.5466482265780775,0.8513713157056887,0.8374806816178306,0.33837575403241166,-0.6328688128832856,0.7508255610406527,0.7275358948590757,0.8680855019087477,0.8923416044512716,0.8816287010926357,0.8192912132959054,0.7795261002098289,0.8758144448114523,0.8405035273862873,0.46244576799524945,0.6781214848051782
BNBUSDT,0.7727642154705956,0.890163776114425,0.21433860424138515,0.873261015335423,1.0,0.3113517011234865,0.8440037673996595,0.7578987554614531,0.8932010328082002,0.9491866079116897,0.8989722830327229,-0.02931020316322195,0.5443672692615364,0.906747164653784,0.03601611080919131,0.7461098463585213,0.8878860330984226,0.3623351844514967,-0.430961005515242,0.21383270057448336,0.9258005961080024,0.5147668110812289,0.4382277221601113,0.7721734061157548,0.8795802802040247,-0.18649968218884344,0.8863697643827769,0.601240452791836,0.7962775728420202,0.9436493910965641,0.6752128019141599,0.9115367545617035,0.9050712444793824,0.9745616865862878,0.04979633546337347,0.12565427553616557,-0.11575848409073482,0.8347496739909205,-0.16950222072201473,0.6683657051724089,0.09537617058266759,0.8405337370639001,0.6906736225564202,-0.024688526243810103,0.11302618896802184,0.6782030303867977,0.6800371780535491,0.791358833819356,0.0725241799122477,0.8580646554335749,0.6895333402963807,0.5475722793265292,,0.494095378763129,0.3608303799043926,0.8730757365716608,0.02293497008860275,0.7040479739971336,0.34882008359504585,-0.07633462737414527,0.8377554559423663,0.8903715061809993,0.8892929434934623,0.8625379907135462,0.8051151915663702,0.8773335077676362,0.5567920293033083,0.9263883969730236,0.6408665327503399,0.8460254078555693,0.9558768163396228,0.2295657547468933,-0.3386466657801954,0.24856175984315057,-0.023375149623573753,0.9310787125119062,0.8667731504439995,0.18285651043789822,0.847881517820033,0.6443503952125583,-0.5419866630024824,0.7350773682309185,0.977061772945724,0.9418875366197995,-0.0007056832619776059,-0.7072315559300583,0.9171520678112998,0.8353936189678116,0.9106730776534085,0.86409295291385,0.7605863651644637,0.5924953216677463,0.5925153416309389,0.6924986671659075,0.8436081592465074,0.46224207160847564,0.8096062273955822
USDCUSDT,-0.3183439818167235,-0.009062930348620992,0.015787815111842667,-0.05177893556064773,0.3113517011234865,1.0,0.3197496813481861,-0.11497720834038437,-0.008175857903764037,0.3227866799901334,-0.0006373988785904073,-0.6151746135261258,0.23503759972824684,0.019961614682908496,0.24635528711298707,-0.3491664252985658,-0.021124406157233246,-0.14150143485126793,-0.6027661637912636,-0.011581051128457096,0.11367736532131925,0.5578305603332393,-0.10596670081280435,-0.07516493280472251,-0.02464994186048043,-0.49034520436322043,-0.016203419801438527,-0.0010968713083615615,-0.2851943105071632,0.16694587202250427,-0.2438982466653346,0.14315510393034186,0.0971589133025528,0.3359426456648698,0.28954480745057004,-0.006656831020908782,-0.24094226864562912,0.07806603385864799,-0.18408067827373514,-0.13677877424642354,-0.07621398717769325,0.27088329242806297,0.04208095261446593,-0.26145398038370316,-0.5167753360495395,-0.12838852616294788,0.11406421399585495,-0.06686385015108101,-0.12414421313518403,0.03240750883806708,0.21693131488160322,-0.25499741470210574,,0.04655785509267812,-0.2609104339006901,0.09429045287896029,-0.02546029498251188,-0.05430618478266588,-0.020130769442522085,0.058786417144997855,0.33045860186304,0.19964522922917222,0.223386498234013,0.11513496702478664,0.27942320933890846,0.04264615553442797,0.16293459124485357,0.11220551338698076,-0.20600786660405057,0.4561707712330696,0.34806006169529086,-0.22055924157391368,-0.5078119446775887,0.028568182943137767,0.36722135089460434,0.4555693991182935,-0.07561260808689022,-0.4217523865157665,-0.0018670491864053035,0.5184830064681639,0.2109093731924085,0.265910997887057,0.2956329029356734,0.1402575534841217,-0.5259527342870342,-0.32749966750533777,0.20568314552679595,0.3312671724171354,0.028802974098414234,0.1268443474688769,-0.20125867947726442,-0.2865118531621464,-0.47766617815475915,-0.3929542074592501,-0.010726041164266363,-0.10243426111027698,0.26198178250066345
SOLUSDT,0.6022783780356151,0.7585961677011891,0.43394517599207677,0.7498660186613263,0.8440037673996595,0.3197496813481861,1.0,0.42863574412734345,0.765062110681126,0.9543435780754461,0.7116924077521949,0.018647519193790915,0.8577617534772785,0.7846043046819917,0.14546740429567542,0.5845899634672488,0.7555092880128313,0.39593118556882345,-0.6927151341676078,0.3454125079686754,0.8507345464158692,0.8014732362784207,0.41613863158858466,0.7904870583580126,0.7448304052270852,-0.05937743260113681,0.7568135624501746,0.309236490626548,0.6233115822567133,0.8655980149176518,0.65804259436565,0.6454500454555505,0.7671704449389042,0.862869076540717,0.20392445790876268,0.46003628939206004,-0.050906968040409804,0.9363253935192751,-0.09993854363280273,0.47749502006002104,0.30080514906069045,0.6884857916229895,0.4448582636787398,0.11921282102526423,0.034380521558622965,0.4455525280999573,0.4463015626607465,0.8318027656579392,0.26766898058520977,0.8453343219761137,0.3161905058134142,0.3686042207622441,,0.6996283922309935,-0.02433410477162431,0.5852825595146277,0.06220363604428489,0.6226494159820973,0.6653301008903154,0.03295494123181156,0.9965734865897838,0.9792049269940867,0.8943809048665224,0.7065945397482004,0.7655829594577904,0.5682028012597359,0.6186222810222228,0.7871620623893915,0.6416096937245815,0.7837670100182403,0.81698760022822,0.5328338141060865,-0.218690103603855,0.4292207486612499,0.08342665798150221,0.7723855642829327,0.7934363271759073,-0.023562411440985413,0.7229418829844783,0.5570334531282027,-0.5236044425412926,0.3954734440208084,0.8217520651250808,0.6828365601223435,0.13306802775806387,-0.8660904380346934,0.8078195308511303,0.981981186527254,0.7515264371777356,0.6939472850786043,0.6503682506164806,0.4943794303693256,0.43498833656120284,0.5498744264015928,0.7236421263725027,0.44957052146834664,0.8390419261668517
TRXUSDT,0.8551734684822789,0.791424309711434,-0.035949419487017235,0.7532225275109207,0.7578987554614531,-0.11497720834038437,0.42863574412734345,1.0,0.7925894425357848,0.5897998346053449,0.8907383667274256,0.24031194387864496,0.11911686513685513,0.7858722703672113,-0.23305776785840626,0.8469395525823114,0.7957034364541608,0.3597652086259826,0.1921108946997826,0.07835433314842172,0.7152645306052875,-0.0511935824867806,0.6042355441224718,0.5738985883528388,0.7865473957114136,0.04871819878930987,0.7935934325200984,0.4632518137659757,0.8598396152166213,0.7522447362176277,0.5542516723798921,0.8992208516220551,0.8687834650194447,0.742033125225288,-0.14039205541656913,-0.24112430408039812,-0.16094316003585865,0.49210553956056746,-0.041186360687670086,0.8651996153371445,-0.08100097275125766,0.7510544674417383,0.73765407121656,0.17667257576977458,0.5271926867906456,0.6405571784531046,0.773055411843208,0.6343636752718921,0.09919921598301554,0.5768847287409106,0.524510145511087,0.7094101268025954,,0.3159030521041197,0.8164833720291834,0.7356842454991712,-0.007512945367763564,0.6552078345535063,0.07080693756605326,-0.2773016177224838,0.41557735071882124,0.5555852694391371,0.6498023355683891,0.7444179891928705,0.6180915613240221,0.9410840812427165,0.4381235130312097,0.7996501486363263,0.682737454430286,0.47976270921277353,0.687549938269683,0.07839992619407536,-0.039761501305529266,0.015181896904697102,-0.3480048967014947,0.6608358611257417,0.7480507884700487,0.5132197205603927,0.7516485962737556,0.39612054749192926,-0.5332597684775234,0.8145189047368897,0.743727326391685,0.8610476344232568,0.1963564997931018,-0.17823949552929935,0.7490270068162791,0.4211050522025584,0.8330657491463098,0.5869760904572231,0.7615671182810083,0.6812912605811,0.7794555624617918,0.8262478063577354,0.7515802821418542,0.6050981389415976,0.6296797759389652
STETHUSDT,0.9145073520888445,0.990985993572799,0.3972384551127149,0.8855368744839295,0.8932010328082002,-0.008175857903764037,0.765062110681126,0.7925894425357848,1.0,0.8193528751989065,0.9144384276497138,0.4076926138692586,0.6193094662705466,0.9908011585185976,0.16681199115907822,0.9045265729357783,0.9896665140462364,0.21759626442021568,-0.28112683627996626,0.47332522351355694,0.8484602928021947,0.4409664286495017,0.33340402541039876,0.7507675910698398,0.9898175166815979,0.17170052565567703,0.9904037987120695,0.6069734879838872,0.9252274930063918,0.9321790854958232,0.6728903548016208,0.8253766999118138,0.8674981416603946,0.8598609318407433,-0.13381286836147882,0.2931127062622675,0.17470819907105983,0.8581702519043496,0.12057270866724693,0.8291720369566173,0.15578128754160853,0.7826013565638734,0.8476251500909786,0.024868094220458204,0.43397968812652715,0.6465064498540872,0.5118641463383969,0.7423816709606945,0.23682165992793858,0.869575234218206,0.5461612463013615,0.6590246726427053,,0.6992993528015028,0.3646668261795601,0.8094695195978022,0.21638167172759953,0.8942609954575014,0.38481216812297986,-0.2173656870247778,0.751724639646939,0.8503788373578329,0.838927463352136,0.8206823423962835,0.6627149001213275,0.9037546526030186,0.6217556414879144,0.8358510132070767,0.8294574984737165,0.6266420494166729,0.8263267730083625,0.38809857218882954,0.021191108414516713,0.40535074912827596,-0.05780852587796441,0.7796515212899349,0.832818009725071,0.41580389313531485,0.9404452762370067,0.3357624329570744,-0.7743442828773912,0.5453226590528673,0.8782989128793406,0.8518031521856967,0.16281362459802767,-0.6347425406149982,0.8838467159495129,0.7483364838747492,0.9616818961945309,0.7692381212510944,0.7879101890896671,0.5589665297391446,0.8380581775221169,0.8719293636845586,0.941458898015048,0.35531221561588594,0.6513321454625679
DOGEUSDT,0.6965331231198156,0.8136723464259533,0.26946942168837185,0.8398396001936704,0.9491866079116897,0.3227866799901334,0.9543435780754461,0.5897998346053449,0.8193528751989065,1.0,0.8204080533421234,-0.09336810641620885,0.6862495464362088,0.8386575278360916,0.012909335901912502,0.6701453094005952,0.812773259853703,0.4796731536224876,-0.5918726281724039,0.19045732519834194,0.942644673748437,0.6518577397875134,0.4775452812635875,0.8340881593073418,0.8002369225808023,-0.21249320972730523,0.8097980770701558,0.4746485757952817,0.7200908975447182,0.9201508199820592,0.7357176718718403,0.8057315554186706,0.8542234509540351,0.9450938273762277,0.15042773316318458,0.2648896298523036,-0.15626676594889508,0.9143516046663017,-0.24085100219046218,0.5222086790954842,0.1999494171037038,0.7686317133996268,0.508556102537436,0.0380365179201807,0.00720108064318249,0.6272252109164261,0.6058988935988731,0.8771843132013685,0.10974461510563,0.8919011243635755,0.5519581027320041,0.4677022460286244,,0.5375890736201159,0.17166724174139888,0.772816013298846,-0.041293028575943226,0.6111378188584052,0.5400712641320762,0.06332863715339608,0.9512049083412489,0.9659036751811924,0.9152335036021975,0.8146804168304865,0.8331678137133031,0.7130380278212509,0.565042005638349,0.9053603723297354,0.6050570313256599,0.8791514169039013,0.9244643004948795,0.39336325508806325,-0.37427444685634315,0.28926084679622605,0.00607846877428135,0.8762464705895632,0.8855855767106899,0.04802160187222293,0.7749670540180982,0.6717789146590183,-0.4956495393453132,0.5933850458154528,0.9257901637782114,0.8491789222014949,0.07223325669892246,-0.8279666685807439,0.8762747990690222,0.9423627905650033,0.8312705562826441,0.8376967901842204,0.7440711043881258,0.6046786931127057,0.49686660237514707,0.6200851961261554,0.7720968086938104,0.509597848528471,0.8721072149534268
ADAUSDT,0.8962803398085525,0.9121202606749689,0.03688078519443149,0.812466206823779,0.8989722830327229,-0.0006373988785904073,0.7116924077521949,0.8907383667274256,0.9144384276497138,0.8204080533421234,1.0,0.20033717605389434,0.4428424916774677,0.9146995929849469,-0.2101930172091947,0.8746466935856885,0.9207351546626931,0.5112713712338461,-0.19181439171099599,0.13320309892207488,0.9251163164217248,0.24425050049505218,0.6010840572608256,0.6833751243241626,0.9072587493240972,-0.08215666497874267,0.9087732915448082,0.44004166338686024,0.9074211837622398,0.9532779681930688,0.6431303689283823,0.9605669873935696,0.9708257176404218,0.9091750193776362,-0.211269468962861,-0.05834003076192432,-0.18398939870700504,0.7369548478781628,-0.13965641939378423,0.8235832678318853,-0.053606451866699704,0.9118329222923464,0.7855825762674813,0.010698298860825357,0.49543953656818024,0.788049783851343,0.7167070061591712,0.817702907964481,0.008548106386845684,0.8157960071019201,0.5565485381651244,0.8278152406792398,,0.5370710156271552,0.6136235830722776,0.8488175342457063,-0.12649272287608065,0.7021990172766256,0.36042592570065035,-0.011805766498393058,0.7012364212807024,0.7981658468591054,0.872296682071711,0.9133356869652156,0.849500374373618,0.9460390110478911,0.6831418499427956,0.945714054566397,0.7037224181781393,0.74122608889452,0.8948652450445642,0.38271127584045617,-0.2042006509389424,0.056360758348673254,-0.25946172058697076,0.8420712033872202,0.8656271143747709,0.5350039235427895,0.8642794001331117,0.5835017561087882,-0.6697377417154553,0.7604282095064806,0.8846592318800085,0.9414756346459648,0.1261935059543465,-0.4965705957173358,0.930382946298709,0.7044505910217297,0.9427434656409516,0.7084916736651393,0.816882257319868,0.638128046868808,0.7802081507815192,0.834753914409899,0.8632574875736688,0.6163977852213285,0.7942941277583345
FIGR_HELOCUSDT,0.4650113654127742,0.411467071409705,0.5435973917878291,0.22664057689049918,-0.02931020316322195,-0.6151746135261258,0.018647519193790915,0.24031194387864496,0.4076926138692586,-0.09336810641620885,0.20033717605389434,1.0,0.31234676996494354,0.37907681529628195,0.3775544618715609,0.5034947356634301,0.4088887689782803,-0.3173472653378084,0.27085877736174074,0.7031778980151256,-0.017572274942961662,-0.007489351945223765,-0.12319925819425531,0.133073648383317,0.4274031852521576,0.8571221889700571,0.4209743965863092,0.11119432748698556,0.44148103084220836,0.1562610119075891,0.1256491889254987,-0.02311789740187626,0.10922723648225598,-0.052321563077370827,-0.29238186425652724,0.45427974407165195,0.6614610702868914,0.23200268588225012,0.6983357688662908,0.5412375747186072,0.22107951837594794,0.022068379058591752,0.4874092679939313,0.22866545070039104,0.7336273749874185,-0.040769012519296155,-0.21647394327340036,0.041965580600077476,0.5243429342286969,0.167922632846831,-0.24969825912393678,0.2823883754170494,,0.6052443481835958,0.07404484899429223,-0.027903158107251434,0.5472683231897421,0.6195409551123051,0.14481919970583731,-0.46638856414672886,0.0008856243212851911,0.11118143574886437,0.07169593470686558,0.04219548114551585,-0.18959092279532463,0.23842427781671224,0.2411629504345124,-0.035001212256781905,0.6229635272617029,-0.3659406345926153,-0.12607289899532742,0.3623368348173128,0.8256043130832039,0.49754788764561114,-0.05721823985002118,-0.16501409219270097,0.09685918363039384,0.47796067759392813,0.3867389405474369,-0.6017754642434993,-0.622064976544152,-0.27227986214333616,-0.019840429847357035,-0.03219008525571099,0.41454281905742396,0.03159378253569715,0.10098920692526356,-0.0049681521876216665,0.30095762650403185,-0.06496641144228486,0.21737863573646468,0.06730612926860237,0.6637154516356253,0.54952604497234,0.39929029788885334,-0.12497158765551779,-0.16431709236169023
WBTUSDT,0.3889198424223842,0.6157491958991043,0.6636316114653729,0.47311688026012405,0.5443672692615364,0.23503759972824684,0.8577617534772785,0.11911686513685513,0.6193094662705466,0.6862495464362088,0.4428424916774677,0.31234676996494354,1.0,0.6309732852993999,0.4437382021595432,0.38560375027073057,0.6097405604047393,0.06275236094046475,-0.7555707848780957,0.6416086688757873,0.5473173822634547,0.8988543256828295,0.07675438821110198,0.5220118511777909,0.6103674094287765,0.22988521566409578,0.6151030998854803,0.10517671502898951,0.40210992606783613,0.6595885932956473,0.3626166371230561,0.2856718754855144,0.4741603517000604,0.5780697066242257,0.08846428804758252,0.7301926425082503,0.2706598440338251,0.8127933666654744,0.2326307249997593,0.37007706785055683,0.35558859928475334,0.4747854204143723,0.4227577307568287,0.0498399128725695,0.14827306524076958,0.14057485267305359,0.01705776872805746,0.5350797696958357,0.4054901665628604,0.6633863476287912,-0.015255870357688321,0.2194681873253337,,0.8971545090092994,-0.35599236394915446,0.2662868156666898,0.281371801706102,0.6243956444087707,0.693819431511359,-0.026093633700602505,0.8536134107324921,0.8031591941051303,0.6951730626151195,0.44756421419587306,0.48926078199162204,0.3029119550334637,0.6481881185972441,0.44142666191352725,0.5937831208846442,0.4879977313931567,0.5316564986506115,0.6654795569634905,0.1014255703720629,0.608650709348805,0.2549434297808128,0.5050757870321585,0.4632776741957422,-0.0022077721669208844,0.58565789250191,0.21041135644437328,-0.5857773638105017,-0.025614022514320142,0.5322888262144463,0.3177827789723305,0.10904209080590566,-0.7967887999953462,0.5900960013783617,0.8368138180439806,0.5470578734828235,0.3764049125042842,0.35787959853440693,0.11788222038922683,0.33356720132121354,0.37307779683654907,0.5908131957032643,0.10673429269627462,0.528119464499792
WSTETHUSDT,0.9065301265311329,0.9897881437053596,0.39921584775130264,0.8912954297332014,0.906747164653784,0.019961614682908496,0.7846043046819917,0.7858722703672113,0.9908011585185976,0.8386575278360916,0.9146995929849469,0.37907681529628195,0.6309732852993999,1.0,0.16870574665909355,0.8954903883498626,0.988113498900161,0.2263397126348017,-0.3060956473300163,0.46637656314034864,0.8594855959686283,0.46388028608713416,0.3387419112591143,0.7618673498658063,0.98778354161699,0.15099286020179645,0.9890330240966024,0.6085874889201749,0.9184057823934749,0.9393713355756483,0.6797674176184925,0.8304661397336397,0.8728045219991816,0.8739209228401486,-0.11292116550160557,0.2983262087343951,0.1609744305013608,0.8697805158684445,0.10400025456286449,0.8177286015086429,0.16240920828619684,0.7879077539199122,0.8366589550588107,0.024746955696472932,0.4060338036866595,0.6459616633209794,0.520393818164612,0.7529885520846137,0.23502546800681057,0.8777305627489884,0.5539893802375223,0.646593915444735,,0.6969480319579443,0.35155891516584403,0.8142386387809529,0.2104892097924101,0.8882400179383854,0.3942393661977776,-0.2088650287225113,0.7717831368353345,0.8654955416448917,0.8505530582358988,0.8257459329519952,0.6759914616077418,0.9007038151318422,0.6219181716932162,0.8454046119264826,0.8235276979559165,0.6475641890164543,0.8402494507676618,0.3859046344039871,-0.00193500119974489,0.4084191604570795,-0.047700656236863356,0.7946577469423795,0.8409665600858591,0.39082328314310794,0.939593362038229,0.35794460547841694,-0.7630460388430609,0.5530406213016572,0.8910197974730752,0.8587935943125509,0.15432296677672208,-0.654708845417544,0.8910568642660831,0.7679650549185686,0.9624342567365647,0.7819229752991244,0.7892928941969117,0.5627214334272178,0.8214486312019018,0.8613807866965307,0.9403274246177276,0.36145447607477843,0.668736877252422
BCHUSDT,-0.0760609601130995,0.1712522076225179,0.8511917916079526,0.09931693743316507,0.03601611080919131,0.24635528711298707,0.14546740429567542,-0.23305776785840626,0.16681199115907822,0.012909335901912502,-0.2101930172091947,0.3775544618715609,0.4437382021595432,0.16870574665909355,1.0,-0.05332682188331679,0.14307331684648916,-0.8297040003321997,-0.3022538766064257,0.8476248964434738,-0.22350713220317872,0.5807177056912536,-0.6752616558983373,0.04141122653318451,0.17586948863257976,0.5306682033330238,0.17711761977324889,0.3345442367129785,-0.06888177084521722,-0.0327280309660384,-0.11394265685942526,-0.28793837801142264,-0.22435283656185348,-0.0508696848514636,0.23672526053306409,0.7765289509412254,0.799081780909226,0.22393489423094598,0.6598598038132052,0.04541669734529447,0.423296007915032,-0.21387297032692063,0.22309740806410547,-0.016938860002408823,-0.20103655674258364,-0.451539796165166,-0.4544542889967484,-0.28922342493942566,0.5494259031776925,0.04815755412323167,-0.026016532232499265,-0.47022722915119597,,0.42494000292494505,-0.6015083892278161,-0.12662385800482742,0.8602962366814664,0.46598283978553917,-0.02787502180528535,-0.571291957749957,0.1404564516983853,0.11130929256848662,-0.05328974238124252,-0.22045144635398903,-0.401976418720077,-0.06332822403859381,-0.07379994529494115,-0.28052688368632345,0.2573784554251873,-0.21676348358242406,-0.10999606629323412,-0.10622427483081343,0.4745380306528225,0.827214257313275,0.5749733268085107,-0.04136759179977847,-0.17981545925505177,-0.35174989194350587,0.16858612146122082,-0.48565048314862813,-0.19709332146048417,-0.4103288203651588,0.031464632292344065,-0.20592773647696136,-0.08619316405403837,-0.3126292744543907,-0.07074946236229955,0.1272775153653266,0.04066022915460241,0.07913357441362329,-0.1811819367533065,-0.3367345548763235,-0.0015071804806012726,-0.040877846530985126,0.17180777291868932,-0.6659358600460029,-0.30368229102537797
WBTCUSDT,0.9975689208736497,0.9025567987671602,0.28358103048923766,0.9010565546468732,0.7461098463585213,-0.3491664252985658,0.5845899634672488,0.8469395525823114,0.9045265729357783,0.6701453094005952,0.8746466935856885,0.5034947356634301,0.38560375027073057,0.8954903883498626,-0.05332682188331679,1.0,0.9058445125162702,0.3586767621833937,0.05710392519089402,0.32013734312289455,0.7812991617746756,0.12038789558886231,0.482551204436807,0.8004143878587365,0.9033209762520459,0.2853362781250787,0.9062679694286724,0.5873378088192183,0.9954882299590169,0.7959939635796861,0.8054826374644513,0.773296608534161,0.8158705219375937,0.7010591704759663,-0.1310646306519804,0.17454986214150703,0.1368275171983654,0.7555123013649357,0.08025286703829515,0.8208682040749623,0.18483562026735825,0.6173691051561907,0.6958805922687523,0.22940234296247558,0.5345045926723531,0.6775344901744804,0.5693296342633588,0.7839704962185756,0.27026437329038894,0.7862418497840127,0.46841171007751775,0.6880326836305226,,0.5117197761027855,0.5474351993644526,0.7436286299637115,0.155418338122224,0.8016493007258212,0.3299703884258912,-0.245853946246828,0.5688463999512113,0.7207459571988282,0.6979447919544952,0.7303235284434352,0.5364246847652664,0.8497991513407899,0.4300700976695161,0.792456615963804,0.8467836709414212,0.4321091289036901,0.6495655860185426,0.3584430511466579,0.1497106152300146,0.30827535988996113,-0.26877662244991357,0.5606236372679096,0.8788378180526564,0.47992228377731644,0.8552458189682739,0.17988786210411434,-0.7153819252255122,0.5140541621336135,0.7344440660859938,0.7978177100028168,0.40969965855002455,-0.4249247955786161,0.7408427297814135,0.5644630686497737,0.8846068874073644,0.7177718292477381,0.8801781092851476,0.7717347144967273,0.9559225762442364,0.987096763311341,0.8589751491151193,0.5006389472668354,0.5811145443414932
WBETHUSDT,0.9169046983363861,0.9890709223261539,0.37186158888537024,0.8752706414569525,0.8878860330984226,-0.021124406157233246,0.7555092880128313,0.7957034364541608,0.9896665140462364,0.812773259853703,0.9207351546626931,0.4088887689782803,0.6097405604047393,0.988113498900161,0.14307331684648916,0.9058445125162702,1.0,0.23416397910367998,-0.27752810817966633,0.4554455945359075,0.8526102196015548,0.42268752600508236,0.3371638928519227,0.738329779122169,0.9885301075397165,0.15716562286020647,0.9879426782404238,0.5990535234605526,0.9272223062342538,0.9341582066953472,0.6665469577122816,0.8303533728955947,0.8690063071058074,0.8570037967436255,-0.1629600175923411,0.27304801638549264,0.16208894421668538,0.8494893168271317,0.10738259322628907,0.8279114540023672,0.13477102074841812,0.791582112059343,0.8529127736975222,0.004195136730920693,0.4511342266175923,0.6663661364732578,0.5104774525242631,0.7423018410087447,0.20881281459153078,0.8701961466204678,0.549874523253283,0.6834227328816211,,0.6942994318053479,0.3766845604032433,0.8167540151993161,0.18973037733848433,0.8836298634344475,0.38529072716785845,-0.19121945375042296,0.7421897615349891,0.8420893122306709,0.8381497192058415,0.8293214270847042,0.672637530232259,0.9060401680160833,0.6332134840065364,0.8393389563948337,0.8176914076444287,0.6317279022188419,0.8296832891609349,0.3998983933606643,0.009286089355890492,0.37827312472486585,-0.07069339691779224,0.7805601023071173,0.8297808444898555,0.44355003009030713,0.9380800696352581,0.3442140703565354,-0.7791713925305607,0.5481560509113127,0.873781376089309,0.8546277023757897,0.15540477924400525,-0.6265625043131531,0.8868604267617676,0.7396626132789778,0.961373925555325,0.7634838899479737,0.786209856690995,0.5525706277874238,0.8422172345996937,0.8720968514897347,0.9389321395397432,0.35882733944431844,0.6479597777501144
ZECUSDT,0.38625142403137946,0.20953364474390668,-0.5049124434947534,0.3153616012848548,0.3623351844514967,-0.14150143485126793,0.39593118556882345,0.3597652086259826,0.21759626442021568,0.4796731536224876,0.5112713712338461,-0.3173472653378084,0.06275236094046475,0.2263397126348017,-0.8297040003321997,0.3586767621833937,0.23416397910367998,1.0,-0.10302517868022934,-0.5959943042970666,0.6416120576635975,-0.10698190151910453,0.8031071914835871,0.43220364976806475,0.19946242959777621,-0.49040917406878476,0.20348744682556122,-0.11815019852895162,0.38811141980856095,0.4410105733325975,0.5292238623248198,0.5266701887932995,0.54430662493503,0.4402603286771614,-0.08369791595909444,-0.3784445682207119,-0.7068801078643075,0.3239630411985148,-0.676890949911603,0.12239992681945551,-0.15185581741648657,0.4594616382346208,-0.06645534562357452,0.09659956701866401,0.14482741656655762,0.6535222135936788,0.5815789214117211,0.7323798064026864,-0.3501222240191918,0.42693998822799284,0.17188675587057645,0.5785875615427603,,-0.048206902779056295,0.4464980775771921,0.40105614194684347,-0.7518189897191667,-0.13332164384411513,0.43422411682366946,0.5920375952766956,0.3993599782949867,0.4178014550639137,0.48289738885813277,0.5277771412694875,0.7145565548105185,0.2717816407012883,0.32198973865606423,0.6381070488284498,0.08613029859724079,0.5762918964026531,0.47802456851153924,0.43088209212075873,-0.5306671063823544,-0.48922656195449504,-0.47375352290727174,0.367584812387362,0.6013382095998817,0.25892780214129146,0.193945506646326,0.6717179014184833,-0.08114396887243601,0.47347638944826653,0.3557715881198525,0.4952258042298449,0.21775305984595647,-0.21499898262049408,0.4312616453692175,0.4006534006586153,0.3138232456993648,0.31985126869656516,0.5208986952135413,0.6043860000819746,0.23408514534438776,0.33104227184746815,0.19195351278157038,0.8174618105698441,0.677797513288082
USDSUSDT,0.02256410287320187,-0.27933591287354764,-0.2858629603142084,-0.1579806793143318,-0.430961005515242,-0.6027661637912636,-0.6927151341676078,0.1921108946997826,-0.28112683627996626,-0.5918726281724039,-0.19181439171099599,0.27085877736174074,-0.7555707848780957,-0.3060956473300163,-0.3022538766064257,0.05710392519089402,-0.27752810817966633,-0.10302517868022934,1.0,-0.2385401407415768,-0.4335282023123191,-0.8597728635421561,0.15590541019963727,-0.22946646501854265,-0.2739585624744667,0.36746849037006524,-0.2670566513992375,-0.08210142464582897,-0.00451163336485416,-0.4571263304239037,-0.10538446368680396,-0.15696514688717716,-0.2127327223020123,-0.4628548122094845,-0.034135649416948605,-0.4661522866176601,0.0018029017466722295,-0.554078473809845,0.17258306247717528,0.11717552138232883,-0.10619367922386783,-0.37725334115858117,-0.15241798878644108,0.42094502604533557,0.32493847687617833,-0.19343396437095398,0.105327171654,-0.2988520217080769,0.1375761580318996,-0.5029925392762553,-0.20753783125523592,-0.04819404986185021,,-0.47526371804814466,0.5617734057968558,-0.2813337673803716,0.08562603044904314,-0.16140343519822695,-0.5185063534839165,-0.4180771233757848,-0.7006195083677128,-0.5724433417907294,-0.5087015211379664,-0.3497396046082499,-0.48351578185115807,-0.048424646226571125,-0.48299614292794457,-0.3049714026744759,-0.01267576422708351,-0.6577950002761138,-0.5363531556897355,-0.43959401284292055,0.453757581823886,-0.2344282816563164,-0.4014860142230154,-0.5361992725378808,-0.20497445454081556,0.1925869976005044,-0.26484153199981975,-0.48593692514736403,0.2063857676420769,0.034399399834217054,-0.42235806076677557,-0.2152240171457182,0.34639800090958234,0.8007106448386253,-0.4272202270574961,-0.6941878506376075,-0.2524909089123874,-0.35488335825940637,-0.03444186679426823,0.2021507745097045,0.15892805745110553,0.11199016230031952,-0.2594335639587484,0.12432454153463456,-0.3717194471592002
BSC-USDUSDT,0.2911293108053921,0.47610524943602806,0.8963431916822604,0.32856888428324316,0.21383270057448336,-0.011581051128457096,0.3454125079686754,0.07835433314842172,0.47332522351355694,0.19045732519834194,0.13320309892207488,0.7031778980151256,0.6416086688757873,0.46637656314034864,0.8476248964434738,0.32013734312289455,0.4554455945359075,-0.5959943042970666,-0.2385401407415768,1.0,0.03997497794025825,0.5739408216488195,-0.35658044311670084,0.25163904910433116,0.48145761643246004,0.7328849095912379,0.48456715218337143,0.2862756695614775,0.29054607718738207,0.26287236756078214,0.09964117674655111,-0.029935036542791366,0.11022331879274999,0.16307230751273358,0.08729436580395429,0.7934443802867921,0.7762945295229511,0.45447232232464096,0.7429506900655299,0.4254454735349629,0.4320996637502868,0.06520063883783359,0.4890544544570049,0.15878664576885368,0.2427237095285621,-0.2445710820569542,-0.2593080736548979,0.01998174102293671,0.6906690768259447,0.2794037369536227,-0.0996620632856279,-0.08774836449134138,,0.7445796630174208,-0.3324989736725268,0.013732221673981826,0.827553606072679,0.7393939870862795,0.20135403313920963,-0.6112079419260373,0.33320136815146084,0.355360606609552,0.22380602262923474,0.043677635043724045,-0.14541777373535386,0.2167053114510911,0.2415844777971656,-0.00975898994238834,0.6205408746342428,-0.12478189751629411,0.06651044150608784,0.216063542200019,0.6497472573587357,0.8593312761268956,0.3555511085517019,0.09368456540263163,0.10094726633548261,-0.014028416231668762,0.45505127861552686,-0.43784430596714236,-0.5317999407057061,-0.26401498778307725,0.20867817667864957,0.012406151406277545,0.16321656338560078,-0.3656438051369631,0.20384184804904235,0.31837948343925704,0.34489673278013216,0.1437746607225819,0.12342635027317224,-0.08133007579024713,0.3901457206671399,0.3440705053281353,0.46358221488107937,-0.34622246662888606,-0.04176392367803481
