,BTCUSDT,ETHUSDT,USDTUSDT,XRPUSDT,BNBUSDT,SOLUSDT,USDCUSDT,TRXUSDT,STETHUSDT,DOGEUSDT,ADAUSDT,FIGR_HELOCUSDT,WBTUSDT,WSTETHUSDT,BCHUSDT,WBTCUSDT,WBETHUSDT,ZECUSDT,USDSUSDT,BSC-USDUSDT,LINKUSDT,LEOUSDT,HYPEUSDT,XLMUSDT,WETHUSDT,USDEUSDT,WEETHUSDT,XMRUSDT,CBBTCUSDT,HBARUSDT,LTCUSDT,AVAXUSDT,SUIUSDT,SHIBUSDT,DAIUSDT,SUSDEUSDT,WLFIUSDT,CROUSDT,USDT0USDT,UNIUSDT,SUSDSUSDT,DOTUSDT,TONUSDT,PYUSDUSDT,MNTUSDT,MUSDT,TAOUSDT,CCUSDT,USD1USDT,C1USDUSDT,AAVEUSDT,BGBUSDT,NEARUSDT,BUIDLUSDT,ASTERUSDT,ICPUSDT,OKBUSDT,USDFUSDT,ETCUSDT,XAUTUSDT,PIUSDT,JITOSOLUSDT,JLPUSDT,ENAUSDT,PEPEUSDT,APTUSDT,HTXUSDT,ONDOUSDT,PUMPUSDT,KCSUSDT,WLDUSDT,POLUSDT,PAXGUSDT,HASHUSDT,USDTBUSDT,BFUSDUSDT,SYRUPUSDCUSDT,ALGOUSDT,TRUMPUSDT,RETHUSDT,ATOMUSDT,USYCUSDT,FILUSDT,WBNBUSDT,GTUSDT,RLUSDUSDT,USDGUSDT,BNSOLUSDT,ARBUSDT,QNTUSDT,VETUSDT,KASUSDT,FLRUSDT,FBTCUSDT,LBTCUSDT,RSETHUSDT,SKYUSDT
BTCUSDT,1.0,0.8144972225913416,0.27197250102885207,0.6276508108906114,0.6855555690882369,0.5313635099241565,-0.11403787646529809,0.7675129379003637,0.8085814041755089,0.582945992966905,0.8064703585048841,0.37555832075157053,0.3644659198236242,0.8008829374053145,-0.022421026471617124,0.7741525756524338,0.8115644862903406,0.295884800961466,-0.25861310979470326,0.4462904462210482,0.6610732495083794,0.136212662843926,0.30076321482626384,0.4893483799409304,0.8143808723297492,0.21036212260496998,0.8097360365998942,0.3935324083002198,0.7769324880559892,0.40854315072967445,0.7687743498125049,0.7340984136372207,0.7516831031385487,0.6948775180865288,-0.37955209584423577,0.16117810233826654,0.18290623169493694,0.5758390838464784,0.08809759289879131,0.6269282780110702,-0.009684225384613568,0.7530171009320878,0.8190583982671739,-0.0432785757000466,0.6408809948519884,0.6017565402136392,0.536579291345669,0.44752431590862146,0.15667509238141133,0.12037565066632465,0.6581207940688745,0.462333460058729,0.6879674030193462,,0.5747389809900592,0.07933837370375167,0.664509507083833,0.11644233464785006,0.7649347634601547,0.41939065256707125,-0.15979109794756213,0.5231842347348918,0.6109435462215453,0.6942357514267886,0.7558832902935181,0.5637845374708673,0.8117559289418755,0.6963317264147251,0.6330658097189967,0.6956336800126124,0.4842256065270853,0.6817555808005333,0.45593021185156724,0.44651141395227195,-0.09863858310810686,0.2588775167571924,-0.42978044444348346,0.6762839109084716,0.6480810469202337,0.81263710280087,0.31834153157923584,-0.6335500198869786,0.3805496188403463,0.692237814465451,0.7341011389966804,-0.10534271714497222,-0.133492570004937,0.5229133837988429,0.768996362348591,0.5605805743913888,0.822606013308129,0.5545713366875246,0.43869368840629036,0.8451214936903715,0.769023054536352,0.8113238334065974,0.5012639601191271
ETHUSDT,0.8144972225913416,1.0,0.4354162235178611,0.7381995844355943,0.8404584538230399,0.7151203909623945,0.08966820974744041,0.7686378604749082,0.9352698968147406,0.7535208233743562,0.8613196996495005,0.3551846563729473,0.6009516262024622,0.933376162903994,0.1695184936611063,0.8016820526075661,0.9339374964598137,0.23729408225764598,-0.38313884803012105,0.5544834777434277,0.7681935089728533,0.4231811496822671,0.2519383304942935,0.6017481610795482,0.9375520679930843,0.1880158521362688,0.9338883318740183,0.5094167430590186,0.8149889811045504,0.4902802858932468,0.8874500811523338,0.7566766829300975,0.8260836702235759,0.8276377717030423,-0.26279418064628096,0.32788588055587775,0.2478163306534257,0.7479346374581718,0.12981257727105203,0.6832298118878019,0.12311582547751801,0.829741847551403,0.8887679301482598,-0.0743216367385639,0.6337921521662636,0.4882166673034374,0.6293827706958453,0.46087060346965875,0.2286537807291366,-0.01759625306878388,0.8141432488964788,0.5454412929305542,0.6543072225163925,,0.7293742412563723,0.019538310439776087,0.7618008354706273,0.21659813934261404,0.8691709506874518,0.4926870534687521,-0.18733500906442435,0.7050404958642184,0.7729810031143859,0.8291417102434371,0.84755918064376,0.6603519279958299,0.8757045199364726,0.769356058236122,0.6712042245742922,0.790070091109585,0.6309829860238906,0.8068869293055112,0.46543649567568407,0.35556619287242613,-0.12121868875249624,0.43248395649435445,-0.22852186896357288,0.7585541033504979,0.8070571364212502,0.9391540820963789,0.39338073421968417,-0.7277338502522699,0.41539861669530337,0.8468163571038657,0.8206761786037654,-0.12724952329606914,-0.39066295581274035,0.7066315079184847,0.8921946317167342,0.698390385450994,0.9194978802751692,0.6003125394035395,0.4307749605680735,0.8423381782199134,0.7905836385633949,0.9373279285327173,0.6139483742252644
USDTUSDT,0.27197250102885207,0.4354162235178611,1.0,0.34881465461141714,0.26729139566257243,0.47186208238343824,0.15048217710202016,-0.013526868106980746,0.429023283074441,0.309747398840214,0.1584868858101737,0.47841285586931986,0.6585086351330215,0.4322573395053089,0.8338016437739066,0.29632475176453554,0.4047265668450004,-0.3096142004167618,-0.4472895993355249,0.9421414893977046,0.12010208150712035,0.6423534747869121,-0.38649097794181203,0.3404770131955092,0.43260714673225503,0.6570519435045818,0.4405818364627551,0.24191882959563243,0.27456328206316294,0.13469192161892693,0.3166478823970568,0.14593916075325525,0.14107848790518954,0.2607340091173069,0.27782052062492735,0.898533372994687,0.8229303209597357,0.5054213650833526,0.6963385676148338,0.14590545369634894,0.6865614851687695,0.10531300960796221,0.38635458884983187,0.1752292681191829,-0.09625515485612408,0.05760794020976874,0.08126990276549624,-0.3121200063692504,0.7566760615329267,0.31391086975003046,0.32575441420645507,-0.0587198030767931,-0.23760200695967296,,0.6999947992788602,-0.5732794016327413,-0.00390492952483168,0.8156859387346151,0.7120008059602495,0.45388181180937026,-0.5486505221882995,0.46931374608570176,0.45766741302634034,0.31918611959048787,0.06768982767578913,-0.11131098294675412,0.14447114083441998,0.10963553788250323,0.3477530164472996,0.5877949169116526,-0.002505027913936483,0.1779629109260741,0.3806894202498474,-0.35887565289378337,0.32214510167411275,0.978495266822249,0.23109947237081535,0.21811535892185438,0.14370655607305,0.4463774311514554,-0.29124356997601847,-0.3695064511355265,-0.40699274367974775,0.2643756054146346,0.038263005753004314,-0.07076874222162557,-0.22115249513908558,0.44860104157748826,0.24231093882163193,0.2526540195798453,0.3636597724736416,0.1325613036177501,0.04488245795945094,0.3633487407753625,0.31137603783150963,0.4512604299457379,0.04224572055538347
XRPUSDT,0.6276508108906114,0.7381995844355943,0.34881465461141714,1.0,0.7152345891655418,0.5697043463592552,0.1983716884776654,0.647484951340455,0.7348199672300294,0.623985247523004,0.6811036640258581,0.17420287506574672,0.4172907229619084,0.7369469920480781,0.16449560875852182,0.6170257228545015,0.7291784387224827,0.15570148736142395,-0.2962040144445614,0.42555662886078865,0.6051904332318123,0.3437126999707447,0.21356755709784978,0.49870080606828504,0.7328366766729131,0.11152119533555124,0.7346241168781189,0.4629588941291976,0.6319960766478462,0.39088347717322186,0.6989967576063645,0.6347418761546645,0.6718216716754167,0.693062490677299,-0.066576941574011,0.22376688625821736,0.1637817346220291,0.5781166402944906,0.07538002328183116,0.53983741043642,0.12267094833492492,0.6594323452942384,0.6940145578184759,-0.01701836254470666,0.47287258389688064,0.2769158333117643,0.48323151024313477,0.45193261628915476,0.21450531128962272,-0.10392595128315169,0.6182012501660207,0.5017588057528097,0.43154521957543285,,0.5073813913872968,0.03128976306563587,0.623121254076702,0.21875740918806522,0.693119658661761,0.3250058221044876,-0.24250683114746086,0.5625529760948768,0.6148133985119556,0.6548783843849789,0.6629031941778039,0.512633324462918,0.7282772421015545,0.6259026338551684,0.4849437600834262,0.6189869488479601,0.5200246769184453,0.6621113488908376,0.27417004392407957,0.16623971992290545,-0.14090405566094139,0.3653909778108177,-0.16090920263542832,0.6146503228955343,0.6818056198761209,0.7399592249761427,0.3546427814383811,-0.49615118047849577,0.41350899378977507,0.7169986091837459,0.691354773574188,-0.14613800447110603,-0.2917177052263124,0.5628270549699887,0.7091064144183281,0.5986862036964711,0.734439595781148,0.4788031414483521,0.37455081499516923,0.621362561218974,0.604498923662856,0.7371298810584163,0.5149095921979135
BNBUSDT,0.6855555690882369,0.8404584538230399,0.26729139566257243,0.7152345891655418,1.0,0.7726460485255164,0.4407629253278164,0.7273855200671783,0.8379794671709819,0.8533462967727811,0.8408783226076082,-0.05590588009045974,0.526928826430766,0.8491025946781079,0.04277678490436631,0.6594570470341264,0.8335109109405902,0.3455830293340159,-0.47237469832974577,0.34616145997371744,0.8231021561548961,0.48903751842860893,0.35232102270872406,0.6066708791464621,0.8298866073031829,-0.1223395271454151,0.8321475263389366,0.4886851429897736,0.6985387338190945,0.47743101142836836,0.8893471395495998,0.8115911514379056,0.851933923800284,0.9161426794634321,-0.05376796508555674,0.17799261712260808,-0.0321580611659497,0.7178156740446253,-0.18362987969808262,0.5308208145973882,0.04328021534475517,0.8773142508176299,0.7461500818848122,-0.11867189096839229,0.6497674660565194,0.18266792963622092,0.6619947388327426,0.6264578555171205,0.07475002550505566,-0.4029238481873359,0.7905626729697631,0.6667368587931364,0.5446045872716813,,0.541530667407567,0.01459615883113173,0.8069891210971524,0.037088982520748395,0.7066002183115605,0.46041483028666297,-0.054755685422818216,0.7679905254952902,0.7967389931615213,0.8655802382795147,0.8778795717589332,0.7866889362609275,0.8432359677268869,0.83397329296741,0.628002808866693,0.6053801973988993,0.8186815858647949,0.9062856687036867,0.359146735969682,0.134087196803827,-0.41826897199600593,0.2784370598535749,-0.19378773814555622,0.775676185581517,0.9395743168893926,0.8426491189120668,0.6753818938437051,-0.5018930138301774,0.5841120007131834,0.9248880809953638,0.8918678084779358,-0.3102481481185808,-0.442401154415569,0.7715602793124052,0.9144849609971811,0.7661000855400234,0.8670928903026967,0.5687733830472893,0.447425400864992,0.6029097473493417,0.6235950604765309,0.8360262364977864,0.754323995798973
SOLUSDT,0.5313635099241565,0.7151203909623945,0.47186208238343824,0.5697043463592552,0.7726460485255164,1.0,0.4901343192864671,0.4001794868344904,0.7121959453809604,0.8353752033241691,0.6985988728278165,-0.026691527980098807,0.7792967742884261,0.7290288726926061,0.1461282333546208,0.5131179261220048,0.7031907189718427,0.3768936927342602,-0.7123697293166407,0.5206265685523266,0.7400675207867476,0.7166637799483309,0.26672849498929346,0.5637957594734672,0.7014518569236602,0.0029483609775674434,0.7074698360810834,0.1698420447011476,0.5461261577972056,0.36831493396832193,0.8396462501540198,0.6852973108963786,0.7278475849190804,0.8335798996409838,0.04309859327309516,0.47088558151810667,0.07484952060107325,0.7671081685556783,-0.09535921307780777,0.29802675408022433,0.22718800897390307,0.7866533697567748,0.5839604402481774,-0.053707873642920144,0.4983940386524774,0.14397732129569477,0.628137546538251,0.334084202026163,0.23927312882835278,-0.3326524661044494,0.7429253382154754,0.3185720803481937,0.3753425310806727,,0.7384851571525948,-0.3320040898952824,0.5208008333084595,0.08462364845026585,0.6772841664247244,0.763931871424865,0.053197139567413815,0.8892596611264095,0.855480583751438,0.8763535064795441,0.73346069390416,0.7357077155341103,0.5636289116242624,0.7256287866787905,0.7714994506909941,0.5738414852939423,0.7591281874514908,0.8124573666049036,0.6343145441620718,-0.08123980773624342,-0.37709751435267386,0.4404441757636948,-0.15273252756410927,0.6795389984058386,0.7995906986077179,0.7211904291886537,0.6111771443476033,-0.45588733437914203,0.21855594656283917,0.7731123392844503,0.6429073442392534,-0.33989724956631673,-0.44998680037813765,0.8828283389201389,0.8258754720715725,0.5873399139493009,0.7459386259026208,0.4434551698244263,0.32518607657483656,0.46124592367586514,0.4802285935597713,0.7178691416737296,0.7405228718582034
USDCUSDT,-0.11403787646529809,0.08966820974744041,0.15048217710202016,0.1983716884776654,0.4407629253278164,0.4901343192864671,1.0,-0.06793182139159694,0.09219715239031943,0.509025458795505,0.10342985790508391,-0.7196096903161205,0.30861622959497764,0.1264734906381007,0.18349434858980093,-0.13845184835255128,0.07323450398052746,0.10352244847895115,-0.498729682037427,0.013761207944364586,0.29331508582826576,0.6325134823030242,0.04570818025868531,0.25546180274044344,0.06861311498287327,-0.4441116375227126,0.08457712108674663,0.14800929262549795,-0.08088148144283613,0.10865032654151295,0.26586330712145745,0.23496483426359907,0.20851712892263996,0.43808418357270396,0.6213381154320354,0.16457216759587776,-0.23992627754353857,0.3011523553464755,-0.39644863431311056,-0.2169871383592884,0.18724969085552143,0.25055475986031056,-0.07003247613223619,-0.07191474902166595,0.03807574736816516,-0.7056534350562232,0.2101186516586006,0.26416137316807986,0.004389139427968726,-0.8342784738863562,0.23973156064032852,0.3297895696854566,-0.31416058248003176,,0.01635156374894978,-0.29157086326392034,0.2096765927637042,-0.011951552949977462,0.03514013304963449,0.20494918754430216,0.07867897054700419,0.49955078471549963,0.39516467029176017,0.3531651167027975,0.2105819271081358,0.35059949090383824,0.06805649789067192,0.28255456958214153,0.11761401229369116,-0.07708067907323664,0.5635778261848154,0.4278761239922586,-0.03288692717158753,-0.6698400456905288,-0.5663075223539504,0.18212434359356708,0.2965611263642483,0.22373633817972932,0.508169841273253,0.10070944509075375,0.5932506876405853,0.24351247934666148,0.24659127428582497,0.4300754643789934,0.2750169940568082,-0.465048422886496,-0.4139053854055121,0.4973142885714517,0.2841187046775882,0.383984656481438,0.1443189399290496,0.04513846077575428,0.06549044222319893,-0.3463861056652364,-0.19356573790268436,0.0914649319327401,0.4424225710770753
TRXUSDT,0.7675129379003637,0.7686378604749082,-0.013526868106980746,0.647484951340455,0.7273855200671783,0.4001794868344904,-0.06793182139159694,1.0,0.767950061931066,0.5451877765571876,0.8293389380113486,0.2314482405671856,0.12916216201223435,0.7594083517537396,-0.22320243989726812,0.7557644454174299,0.7727621204035267,0.305918234744321,0.04261712016640332,0.13955181216478904,0.6526281188508434,-0.04213577875045278,0.5850802175330547,0.4665177270162501,0.7643821956369136,0.05577250546554074,0.7672810247233577,0.4232435690977434,0.7618702252971928,0.4388479582414852,0.7085834453138012,0.7415908740369264,0.83216180789633,0.7043845367865806,-0.23925609066332124,-0.2107822367520418,-0.1420504880053425,0.4319992653781272,-0.03494171345290567,0.8271764865318161,-0.17189489212198825,0.7730749337228393,0.7706805331254732,0.10751198609402032,0.5807269336508345,0.5863975598698263,0.5656821898356182,0.8064872462063593,0.08702405262664002,0.005655162846918602,0.5493985041454383,0.5307261510753964,0.7351447476648937,,0.35356365937137224,0.48240367911181886,0.721938124407898,-0.010424210070799949,0.6235567826454164,0.11488537818473926,-0.27341731793664953,0.3874309681687277,0.5011595822595201,0.6341230724142867,0.7732774001297642,0.6307901391690903,0.9377386643641303,0.7178167454144346,0.4268033292161057,0.6743145690333316,0.48446666242368536,0.6573078803828055,0.12904689269922695,0.5371032609206018,-0.0896741260271692,0.02151073879918184,-0.45836437768108584,0.6805435522464982,0.6942092282632232,0.7643787948799613,0.4273163408972775,-0.5404287078259011,0.7718529814969048,0.7297431224268924,0.8477177792887302,0.07924151964823206,-0.09998422937929984,0.3962857692776527,0.7571480532555301,0.5359005442549784,0.7901088038470848,0.6034996950100121,0.5419046208754132,0.778636283214584,0.7612736508261723,0.7630001326608359,0.615144836544245
STETHUSDT,0.8085814041755089,0.9352698968147406,0.429023283074441,0.7348199672300294,0.8379794671709819,0.7121959453809604,0.09219715239031943,0.767950061931066,1.0,0.7510564471285602,0.8566506052482362,0.3534247552346481,0.6022184297123452,0.9293235346730355,0.16783626524889844,0.7957309824899991,0.9299553102756719,0.2340631362187276,-0.37369914549313743,0.5444080311655342,0.765164776966194,0.4261248103711537,0.25951226328804444,0.5989478194253782,0.9330628940330038,0.1836449901817583,0.9296195841459214,0.5049303409266901,0.8090689468601989,0.4897393409362585,0.8825435938420242,0.7483616270517759,0.8244795081646359,0.8241258824772951,-0.2557405095810806,0.3209183977190802,0.2378082117158058,0.7441216757468267,0.12962963557269924,0.6890693241981426,0.12247863936059199,0.826351841187429,0.8825702627040042,-0.06861634378754672,0.6246329357443134,0.48613344559975874,0.6299763823404206,0.4665597887510851,0.22848835402924764,-0.0209977128489227,0.8101726204735576,0.539310503347909,0.6531236700157567,,0.7276160423640543,0.031688459580549645,0.7579623139337638,0.21317256587061845,0.8608670524215806,0.4845509586629989,-0.18807474052844414,0.7018617710226871,0.7692122694030172,0.8258403879044385,0.8443608500529574,0.6619650195477697,0.8733899480027796,0.7649224832013692,0.6621887227183562,0.7886932450168581,0.6294138599261324,0.8019353058433561,0.455128454283039,0.357862278724987,-0.11544016722343836,0.4274199043550097,-0.21984833584981445,0.7543251575907258,0.8054477455094294,0.9346144601624746,0.39402043520115154,-0.7267259061274596,0.42317497343482696,0.8442402328993204,0.8180643879626706,-0.11460824123475825,-0.39804918966291153,0.7038713090800908,0.8889537674625643,0.692525896674067,0.9136971782898273,0.5982369714970991,0.428418424427893,0.8347517874381363,0.7854339803041628,0.932925738508536,0.6173815261182032
DOGEUSDT,0.582945992966905,0.7535208233743562,0.309747398840214,0.623985247523004,0.8533462967727811,0.8353752033241691,0.509025458795505,0.5451877765571876,0.7510564471285602,1.0,0.7672595603389346,-0.11877303034933212,0.6376793622584642,0.7669761799024448,0.04096024844688059,0.5566668506344183,0.7455656374608096,0.40303945019730025,-0.6152970001449576,0.3728337966912596,0.7985491145481012,0.6012654894868344,0.32527498274919353,0.5745438113820298,0.7408154529935317,-0.1412748791191288,0.7441494866237258,0.3154409241716031,0.5986864811323857,0.41797983329082705,0.8655458007535713,0.7553877323734907,0.7892188726842173,0.8842323677273211,-0.015361539467112138,0.28390071599066835,-0.04418347766600378,0.7332457594080586,-0.22565675465517357,0.37091353915535064,0.09299210214321488,0.845190175890015,0.6353335380416569,-0.12933401713585083,0.6016348467910787,0.1191769015904651,0.6549124841740509,0.49594397689552133,0.08461727476236446,-0.44412105106996674,0.7703214600988945,0.5194604643595188,0.4692921991588716,,0.600387862672446,-0.1600751902637034,0.68144224854796,-0.012224285108974173,0.6431086428590602,0.617092321791388,0.07616626336461246,0.83471152122165,0.8244062322733303,0.8767870275710637,0.8212160061989221,0.7978165377640726,0.6888311987611093,0.7931969510587942,0.7012868518737398,0.5328027049830194,0.8345015728755742,0.8809138149075324,0.496184791202087,0.017402162829269978,-0.4716911620953217,0.29683780872322435,-0.17682754984018653,0.7270967148650166,0.8924267119265664,0.757399814195987,0.7064624245758764,-0.4436495911178607,0.42257331465600684,0.8547092194668097,0.7784548967818262,-0.3691780726853651,-0.46028644596686946,0.8344487192835309,0.8752753539332928,0.6855932494239751,0.7913916677847765,0.4961758190608441,0.37807636241745185,0.48776953978815146,0.5157382656527253,0.7512864048500022,0.7667186486412748
ADAUSDT,0.8064703585048841,0.8613196996495005,0.1584868858101737,0.6811036640258581,0.8408783226076082,0.6985988728278165,0.10342985790508391,0.8293389380113486,0.8566506052482362,0.7672595603389346,1.0,0.135618993701581,0.43069288015658597,0.8577005420145751,-0.19560725678045368,0.7854506155545401,0.8604111517817868,0.5052358575732139,-0.4043531239072945,0.3390379188103029,0.8369367407720347,0.2319169620883733,0.49048927069012954,0.5655047926463885,0.8545505329676724,-0.004161418446415424,0.8531673839086485,0.33138398879701736,0.8083493175060683,0.4599205855098474,0.9170665993841611,0.8918752549848749,0.9126622214875745,0.8800974446065332,-0.3331634519841185,0.07750257570532296,-0.05632796826698322,0.664417704655986,-0.17183299320295406,0.6015228514876891,-0.09899308444052646,0.9438861191028055,0.8216717471999453,-0.08013900984552014,0.7735760366722871,0.5287366237223501,0.6937137016458255,0.6314950533109095,0.044433911126818805,-0.1439803409746078,0.7639992237996464,0.5446550691265539,0.776358065949525,,0.5824656573624862,0.07288111215568836,0.7738097185778937,-0.08393157244838174,0.738766537454292,0.551282005621752,0.012629658140765195,0.6936832226598217,0.7551384348896941,0.8718437180845554,0.9240024088326928,0.8155044658400338,0.8860774490082187,0.8747223108367344,0.7677841302275331,0.6658717519446773,0.7332651229735248,0.876653485675846,0.5406016128142442,0.3962512285837496,-0.35380476202393357,0.13857991985158122,-0.5161424387036312,0.8062860995631862,0.8514178992639189,0.8603398285965479,0.6255320134876675,-0.5912195752859334,0.5403382809028008,0.8461550796458771,0.8882770403576957,-0.23667016415273384,-0.20890175326009847,0.6951228620996959,0.9309054740718332,0.6565060377366845,0.9112757645404271,0.6221636512429324,0.5161929871579515,0.7957335278712775,0.7618272310108647,0.8561538292871421,0.7390467769012482
FIGR_HELOCUSDT,0.37555832075157053,0.3551846563729473,0.47841285586931986,0.17420287506574672,-0.05590588009045974,-0.026691527980098807,-0.7196096903161205,0.2314482405671856,0.3534247552346481,-0.11877303034933212,0.135618993701581,1.0,0.29625724699388967,0.3244369557073941,0.3889509780830159,0.4079385814021664,0.35682236148496654,-0.3010764329406371,0.24305282933125288,0.5371655264906919,-0.04890639496585066,-0.010842637611876208,-0.12243227306236651,0.08805147300149199,0.3713573489140539,0.7688552149978674,0.36355706928958953,0.11299569806311625,0.3478515267785119,0.10971512945586313,0.0911102019980865,-0.08121720135130657,0.06773688128420975,-0.08857323439301905,-0.3407765646852029,0.37726766228687486,0.6356185275265883,0.1683935258316169,0.819059572712406,0.5524022721953588,0.2733309590489737,-0.021646132822206274,0.4228313545905619,0.22546768448839127,-0.0843966678538129,0.7326733150816471,0.021814347368076165,-0.22912098689325414,0.5012555553022626,0.8693196081758267,0.13305374763606181,-0.26391576704766545,0.27262593506627875,,0.5558899228761685,0.12237383201193909,-0.04210251176922072,0.5206477031924696,0.48578260110330235,0.0561712752832813,-0.4693120221893864,-0.04388809704345401,0.0522029551287051,0.021555850606567842,0.01055378362928029,-0.2045332214760282,0.21089712307860553,-0.07393119580947947,0.10105654124086294,0.5979283883010584,-0.3733293858842888,-0.15490876067497208,0.18134085843943276,0.5107328341057794,0.772135808174848,0.4704092188081074,-0.00012586187116090953,0.04974557110343184,-0.18811741185987638,0.34940367821041957,-0.6138954079891138,-0.6189672180260573,-0.23495477472951076,-0.047724068160152185,-0.05621601282055501,0.5472563795373301,-0.011945908428499097,-0.04623652120749938,0.05907706319162666,-0.09000187622266642,0.22712004231052652,0.15755087326171788,0.030264289663224392,0.6165740443261828,0.4757730530256707,0.36217768142957174,-0.1796076536220885
WBTUSDT,0.3644659198236242,0.6009516262024622,0.6585086351330215,0.4172907229619084,0.526928826430766,0.7792967742884261,0.30861622959497764,0.12916216201223435,0.6022184297123452,0.6376793622584642,0.43069288015658597,0.29625724699388967,1.0,0.6119490660942577,0.4484399231183671,0.3598414357621361,0.5941326552914805,0.08170063810694864,-0.5688293454129321,0.6105659971471648,0.5092823297917657,0.8926105544919812,0.05535980761881715,0.4468826069564059,0.5954263379564262,0.2247578057656767,0.5975178683423857,0.08036507544904324,0.3717859133226403,0.2970528748701482,0.6237331445531276,0.28554168552807596,0.46647917196737504,0.5562429786603308,0.06547418713743466,0.6968911472527353,0.3062174242825835,0.723566099648429,0.26544300122273273,0.32767556106668694,0.4334229656315863,0.4967426146764474,0.4499865553726911,0.011976078246799774,0.1677983478689482,0.17760564175326593,0.4911531614967037,0.0011957149093782733,0.4051987975069435,-0.07433504294677842,0.6480143121185661,-7.193146046304077e-05,0.232025368125851,,0.8991241617373468,-0.32784508195532963,0.26672001150538494,0.28341092040360083,0.5962948607425189,0.6834221304626447,-0.019173514371417833,0.7731440710489551,0.724508221336037,0.6801771514283049,0.4794033132706665,0.49751761502236835,0.3160369344428022,0.4179233841132232,0.5704082600006317,0.5965567281574865,0.48953687609127744,0.5149247789346578,0.5546117671201665,-0.027376340309258063,0.03160619732885948,0.6276945086888241,0.2226068369855785,0.4424893794056219,0.5285511598667141,0.6040418255842525,0.2417337659561999,-0.5806253299778332,-0.05640980379038769,0.5302066899511244,0.32698762522999897,0.0029163230256724474,-0.6556246576074538,0.7700100385227682,0.6020935815121754,0.3595517191830004,0.534255658991837,0.29127235026966025,0.09729949000793389,0.3584977716536108,0.3587274329317126,0.607807888890681,0.5241429546122603
WSTETHUSDT,0.8008829374053145,0.933376162903994,0.4322573395053089,0.7369469920480781,0.8491025946781079,0.7290288726926061,0.1264734906381007,0.7594083517537396,0.9293235346730355,0.7669761799024448,0.8577005420145751,0.3244369557073941,0.6119490660942577,1.0,0.16946694895164388,0.7871581316386579,0.9274610770994993,0.2424454534982328,-0.3957952773364249,0.543832894431076,0.7737512443121729,0.4465491667629723,0.2610161443236646,0.6051559988684855,0.9303649568585398,0.1664634861698093,0.9274839333547567,0.5022420955630551,0.8025724907572984,0.4900753292495938,0.88991407435386,0.7560869234261341,0.8289899846895655,0.8371581015967541,-0.23539565549719207,0.3270992869338543,0.2272489845871441,0.7525143671066665,0.11132458556812588,0.673356031958646,0.12747712528555336,0.8338448327295492,0.8753447163570521,-0.07227678873639046,0.6264200720969614,0.46049587972817635,0.6358358744177226,0.47138802781857975,0.22632717828629256,-0.05076866230534362,0.8157097803647335,0.5458499866127456,0.640486921544034,,0.7267393213221965,0.014942157827438261,0.7602689356350417,0.20802060438090214,0.8582534054477533,0.4971685368087451,-0.17878629354166656,0.719265222202329,0.7818645729051573,0.8371241243571877,0.8492022277628675,0.673891485246478,0.8696708681165836,0.7734436202465866,0.669681150023124,0.7809255561964371,0.6486270287048871,0.8153353983934823,0.4599331674362528,0.3311430948201472,-0.13951627901349983,0.43054972892310334,-0.21423624268377514,0.7599365317245746,0.8199082086021187,0.9331646637164362,0.41641244777216035,-0.7135966016900495,0.42559860366193636,0.8549823931221214,0.8232590762978921,-0.13543715167151504,-0.4075778602414801,0.7209893215141958,0.8962410137702206,0.7018976273943273,0.9151542513563847,0.596790445082418,0.42902617442146446,0.8187832137524607,0.7745962967070317,0.9311309640162801,0.631841131287014
BCHUSDT,-0.022421026471617124,0.1695184936611063,0.8338016437739066,0.16449560875852182,0.04277678490436631,0.1461282333546208,0.18349434858980093,-0.22320243989726812,0.16783626524889844,0.04096024844688059,-0.19560725678045368,0.3889509780830159,0.4484399231183671,0.16946694895164388,1.0,0.000897222531558879,0.1449569971647985,-0.6450829636058937,-0.13271139103643362,0.6710183866467876,-0.17004604294975698,0.5792649453088099,-0.6319347113314365,0.14220187856571645,0.17343339463796803,0.5070926447411912,0.1764127455008388,0.40198894337335345,-0.018314098878445588,0.04278301355903012,-0.04482131659644572,-0.25100793451504144,-0.206570476261669,-0.05917235995483298,0.39978897387873574,0.7509120598123485,0.8053412233637106,0.25095458422897693,0.7322495554923247,0.05367882669529903,0.6725406267779586,-0.271400150662811,0.1239521454231669,0.08652992723267464,-0.3816215892542425,-0.26642741829145783,-0.17945332632986527,-0.44059692829427266,0.5967291328092521,0.21990471325579508,0.10081589079621249,-0.012277463841657529,-0.49766716861365917,,0.36993926736955834,-0.36328402762578493,-0.10001526528371743,0.8515434288551209,0.38815718469079036,-0.020791781965264208,-0.5829412044578101,0.13943598476310504,0.12667538190216965,-0.053420635232859864,-0.22768908433904503,-0.40940218200403433,-0.07463091245653176,-0.227596504700707,-0.1536873609628611,0.3061771641370837,-0.21688781877074556,-0.12294655111957885,-0.10898375089247367,-0.4051317453904152,0.4641192101563073,0.8741330374054563,0.6725006364324365,-0.08768220631725737,-0.07802666561749645,0.17719478189415586,-0.51410296975355,-0.20038177543306737,-0.3913140860015404,0.03995653222901738,-0.18254043954803756,0.08660031029797237,-0.36653188372066137,0.13010172378749152,-0.088427321231721,0.14202115408328628,0.033542016266794275,-0.07497652069596733,-0.17660071400970406,0.04049962539872032,0.02096684119405586,0.18143998755706883,-0.26358871366748704
WBTCUSDT,0.7741525756524338,0.8016820526075661,0.29632475176453554,0.6170257228545015,0.6594570470341264,0.5131179261220048,-0.13845184835255128,0.7557644454174299,0.7957309824899991,0.5566668506344183,0.7854506155545401,0.4079385814021664,0.3598414357621361,0.7871581316386579,0.000897222531558879,1.0,0.7978701956382861,0.2700417383586651,-0.24016603756702967,0.46834519638081584,0.6312455983344406,0.12790686957132846,0.29005350516587797,0.47966877724694246,0.8016804148593883,0.25367897580542786,0.7979200065211782,0.3789041949388928,0.7674525033175285,0.396109639875456,0.7458476571079415,0.7122444405482461,0.7319318285096825,0.669178162538489,-0.3620340168753932,0.1774376934625302,0.2111019987586921,0.5617157894280304,0.13281087503688646,0.6310682651143404,0.013569306245919247,0.7254740370805085,0.8103950367345069,-0.011476281665506816,0.6065835541198797,0.6150398262979432,0.5155252833056992,0.42705734020705266,0.19675520874848407,0.16457459908142805,0.6326469567748854,0.4254335878176494,0.6632244067143191,,0.5811645361561505,0.0746368436119969,0.6288467562454951,0.151810862237529,0.7701627073444446,0.4106299888765801,-0.19883208617524345,0.5046567844101957,0.5939473853346603,0.6716420636323949,0.7238194638354002,0.5276005909563878,0.7946306443772899,0.6695138766208398,0.6198983643985121,0.7082204007904431,0.44189621881895147,0.6485393684678156,0.4500484564990152,0.43680957430934947,-0.05461931381857332,0.28426989192534197,-0.42724753018506917,0.6571433817684037,0.6132105206544097,0.8001158748833485,0.27479552952693537,-0.6312766358370075,0.3549225702635606,0.6656824197428426,0.7041834290372277,-0.07804155624145728,-0.11075196720383966,0.5033769414689852,0.743102107431134,0.5333640666531726,0.8066146787212002,0.543610977691584,0.4331885826138692,0.8464093896671014,0.7675396478081493,0.7995562110010704,0.47833682461241955
WBETHUSDT,0.8115644862903406,0.9339374964598137,0.4047265668450004,0.7291784387224827,0.8335109109405902,0.7031907189718427,0.07323450398052746,0.7727621204035267,0.9299553102756719,0.7455656374608096,0.8604111517817868,0.35682236148496654,0.5941326552914805,0.9274610770994993,0.1449569971647985,0.7978701956382861,1.0,0.24535118544116066,-0.36356665786774606,0.5243781570799841,0.769070342556171,0.4096901577585248,0.26737717551708595,0.5921880901194315,0.9323509955149191,0.17031642493902066,0.9279233943408054,0.5021184837796578,0.8115027477751076,0.49092761088322384,0.8820097612503286,0.7468101978832256,0.8253469676535728,0.8197406489713863,-0.2846260140622092,0.30201944809157405,0.22330078416550456,0.7381489840365951,0.11521274625650582,0.6929072567798419,0.1011742895882249,0.8300871987029588,0.8834835493294175,-0.08261832853158639,0.6378360995859745,0.5007059831037708,0.6338638843909248,0.4693227521009412,0.20310142881331672,-0.01989508892439169,0.8126275023044369,0.5433229757678893,0.6765404243105607,,0.7210157020786587,0.04827601062496946,0.7664684106827772,0.18860761173145846,0.8491670500499764,0.4798491650541934,-0.16474480674916214,0.6926629056361258,0.7618482759988798,0.8233662619016693,0.8518927726383017,0.6707791374582482,0.8757846603523146,0.7665827955629266,0.6613371978578215,0.7799028322150469,0.6327610359432626,0.8019996303352205,0.45613809199425986,0.38665669898318783,-0.11988502089676494,0.4015714125362857,-0.22798000483880335,0.7533470642173516,0.804764053910472,0.9326650378378862,0.39916089247255326,-0.7335154293364969,0.4302254580778099,0.8403677830071808,0.8214358990463179,-0.10919089915223072,-0.39909717683166535,0.6954994199551526,0.8901086759116482,0.6893361434638146,0.9120324470243459,0.5997776655850461,0.4263970778913078,0.839144588246997,0.7873647961605831,0.9309259417548941,0.6157302997769
ZECUSDT,0.295884800961466,0.23729408225764598,-0.3096142004167618,0.15570148736142395,0.3455830293340159,0.3768936927342602,0.10352244847895115,0.305918234744321,0.2340631362187276,0.40303945019730025,0.5052358575732139,-0.3010764329406371,0.08170063810694864,0.2424454534982328,-0.6450829636058937,0.2700417383586651,0.24535118544116066,1.0,-0.38790149542166485,-0.1370228454092048,0.5072425169148296,-0.06268301195029631,0.5209174085831433,0.18377672730154798,0.22769493833787546,-0.33791520948990766,0.22678982332239492,-0.2363794355362777,0.3009050896047868,0.13053142825877803,0.4828999275961607,0.5775568486527781,0.5039718539997924,0.4739345768056911,-0.3261505053385103,-0.22290771748087748,-0.4697677996371203,0.23087308390137565,-0.5974072994810478,0.0022234629370887072,-0.357417592110456,0.6083224426813248,0.21720565195932479,-0.1456726390381435,0.5913442933206362,0.26982266021209517,0.4323184218760661,0.3922887394951841,-0.3158897197915998,-0.305519750994512,0.3189704977080279,0.1668569597440001,0.5390646201483331,,0.13145398752459633,-0.0647656901332775,0.319239203394738,-0.5703427281065779,0.10145347288085349,0.521335383413612,0.5066697914501499,0.38585629408153865,0.37046540381285514,0.5048251623496343,0.5384452780480978,0.6540640312991434,0.3021060404569491,0.5498161821975082,0.6027350137047948,0.046175917127184864,0.5512088950727881,0.5255238546372348,0.5360112807533288,0.20043795430442254,-0.5943294294187299,-0.3752537890064904,-0.6457198151117176,0.41892078751937745,0.4485298013213402,0.23637464438493302,0.683387068585073,-0.06660027369177583,0.26914529327890174,0.34869007882219855,0.4343883295432514,-0.36302737552630765,0.11132730279415545,0.3843686050991553,0.488117850212666,0.20556546595444164,0.36893773836882965,0.2648708482258928,0.2846437353512,0.22831868006394698,0.23052668854626437,0.23060219646197394,0.5321869093450076
USDSUSDT,-0.25861310979470326,-0.38313884803012105,-0.4472895993355249,-0.2962040144445614,-0.47237469832974577,-0.7123697293166407,-0.498729682037427,0.04261712016640332,-0.37369914549313743,-0.6152970001449576,-0.4043531239072945,0.24305282933125288,-0.5688293454129321,-0.3957952773364249,-0.13271139103643362,-0.24016603756702967,-0.36356665786774606,-0.38790149542166485,1.0,-0.5170065241878798,-0.507254584519985,-0.5716658008630127,0.11221447669598625,-0.36590247865681275,-0.3724991911118019,0.07809453216485465,-0.37137666574362915,-0.045910579016095986,-0.2780114806457782,-0.1572397073422425,-0.5857241348931472,-0.5381601959898192,-0.36659786496120494,-0.571567282952116,0.031256035906926445,-0.5700011957838542,-0.2058214708427038,-0.5775972459374575,0.2462707347408972,0.2815684820858603,-0.1947522284152786,-0.5072052345901347,-0.29471853327527314,0.2842410582403939,-0.48019459434438405,0.14068533004526854,-0.3468211515942076,0.09943815723682384,-0.05055188998750134,0.37338339008093363,-0.534029880609184,-0.26096492406002086,-0.0854383491429138,,-0.47139773485632475,0.7666023773748768,-0.2950360005862379,-0.008323617141716146,-0.4522514332687415,-0.8352512197431985,-0.3134468066307872,-0.7268591407767787,-0.650099878598632,-0.6224754902129884,-0.45292145495405034,-0.44687990982112075,-0.15969220840503914,-0.5008162399916953,-0.7359136783219704,-0.167792076503174,-0.6118968444163889,-0.6240829313721775,-0.7516612888018401,0.36781218641560093,0.5888266845033497,-0.36994465396181486,0.18808110435001377,-0.44056111579058327,-0.5221377589345382,-0.3932355734738771,-0.4982489116518103,0.13208610975421328,0.23471970712579307,-0.4738593947416186,-0.3253939086720614,0.715701451837501,0.19545915944206307,-0.7096904495131348,-0.5236632223114627,-0.4606173794186619,-0.4589963383537324,-0.19115294392550916,-0.13067989982683317,-0.18929712626376738,-0.17747977634943077,-0.38541632419167793,-0.39037636462630004
BSC-USDUSDT,0.4462904462210482,0.5544834777434277,0.9421414893977046,0.42555662886078865,0.34616145997371744,0.5206265685523266,0.013761207944364586,0.13955181216478904,0.5444080311655342,0.3728337966912596,0.3390379188103029,0.5371655264906919,0.6105659971471648,0.543832894431076,0.6710183866467876,0.46834519638081584,0.5243781570799841,-0.1370228454092048,-0.5170065241878798,1.0,0.24642164107196968,0.5010047466531294,-0.3039135129800243,0.3949724541795385,0.5528289585458468,0.6847896715592233,0.5572382825119728,0.24632519067841305,0.445066272497032,0.179710019435777,0.4592047713607512,0.35029648254024526,0.28342303321529727,0.37056818461908586,0.06221823086351976,0.8565868219117921,0.8241680551069289,0.5605852612807659,0.6251010955467574,0.18833640073027022,0.5756310631711758,0.2702581567028296,0.5398339939417004,0.12301503040908537,0.12914592934024252,0.25982079251875567,0.16816520052099906,-0.24679717201520518,0.6978635396663707,0.3911716603354849,0.4173607771320815,0.023884722877810103,-0.03127829784546478,,0.7446985093073708,-0.5987925074012728,0.11400244494826138,0.7294727963023774,0.8326224780953316,0.5865507964020864,-0.48153259942254345,0.5197681635741511,0.5338199138481678,0.4346698377145599,0.22223399820332287,-0.003207528413440238,0.2834261106473564,0.2653422194823457,0.5431694640798476,0.6608323924071221,0.07223900356064333,0.30673103229052756,0.5675860869703282,-0.21154731363895404,0.22547484078721988,0.9123269799474121,-0.04574728737012257,0.35098525465674835,0.22334271222803453,0.5646039248745729,-0.21051626420129407,-0.450704734625449,-0.38254127336915744,0.34597683178481864,0.1708042807545477,-0.1766321932475364,-0.07774665546451281,0.49638108746518034,0.37458907380246403,0.3263484152171337,0.5162702808990691,0.23831076613801136,0.1550085666110177,0.5683572368940123,0.4769596670615463,0.5682570966102715,0.1006071046124531
