,BTCUSDT,ETHUSDT,USDTUSDT,XRPUSDT,BNBUSDT,USDCUSDT,SOLUSDT,TRXUSDT,STETHUSDT,DOGEUSDT,ADAUSDT,FIGR_HELOCUSDT,WBTUSDT,WSTETHUSDT,BCHUSDT,WBTCUSDT,WBETHUSDT,USDSUSDT,BSC-USDUSDT,ZECUSDT,LINKUSDT,LEOUSDT,HYPEUSDT,XLMUSDT,WETHUSDT,USDEUSDT,WEETHUSDT,XMRUSDT,CBBTCUSDT,LTCUSDT,HBARUSDT,AVAXUSDT,SUIUSDT,SHIBUSDT,DAIUSDT,SUSDEUSDT,WLFIUSDT,USDT0USDT,CROUSDT,UNIUSDT,SUSDSUSDT,DOTUSDT,TONUSDT,PYUSDUSDT,MUSDT,MNTUSDT,CCUSDT,TAOUSDT,USD1USDT,AAVEUSDT,BGBUSDT,NEARUSDT,BUIDLUSDT,ASTERUSDT,ICPUSDT,OKBUSDT,USDFUSDT,ETCUSDT,XAUTUSDT,PIUSDT,JITOSOLUSDT,ENAUSDT,JLPUSDT,PEPEUSDT,APTUSDT,HTXUSDT,PUMPUSDT,ONDOUSDT,KCSUSDT,WLDUSDT,POLUSDT,PAXGUSDT,USDTBUSDT,BFUSDUSDT,SYRUPUSDCUSDT,TRUMPUSDT,ALGOUSDT,HASHUSDT,RETHUSDT,ATOMUSDT,USYCUSDT,FILUSDT,USDGUSDT,WBNBUSDT,GTUSDT,RLUSDUSDT,ARBUSDT,BNSOLUSDT,QNTUSDT,VETUSDT,KASUSDT,FLRUSDT,FBTCUSDT,RSETHUSDT,LBTCUSDT,SKYUSDT,XDCUSDT
BTCUSDT,1.0,0.9079430074970098,0.25317673505975746,0.9010157908510481,0.762958881938798,-0.3377255069860686,0.6016205628828522,0.8468379391613046,0.9118438302414349,0.6952544274389229,0.894209194638732,0.464962165411244,0.3886533863483983,0.9047955848680596,-0.07668719722436938,0.997827856114368,0.9149858481017801,0.023552226401162356,0.2941726988009412,0.36956897754674395,0.8112412384151684,0.12966508660698273,0.4880500102514895,0.8017995885790358,0.9118931517698173,0.22814560467470701,0.9133085397195567,0.5960700148847181,0.9989388915981807,0.8189638744771932,0.8032507958034236,0.7849999444261055,0.8294239398403088,0.7234559832589209,-0.1627080743461133,0.14974153445644842,0.10740651962266991,0.0407511337536136,0.7653095496832808,0.8146530120256282,0.18144190334611146,0.6501988484237264,0.7090408191735237,0.18333956621056738,0.49584001183703086,0.7166220459180865,0.5674471351959767,0.7689184614846933,0.2195237172973355,0.8126425417946456,0.5054843721526093,0.7140268872434967,,0.504597439141148,0.5525444971875402,0.77547803076246,0.11387844454082717,0.7973278084357515,0.39731653149331225,-0.2014835846559077,0.5874680526040574,0.7186960771536337,0.736844622677139,0.7880121454831709,0.57472514640216,0.8608736020570468,0.4601048367769597,0.8278906461213874,0.829727571462494,0.4843369554885806,0.6900662576551558,0.3918488932529818,0.09310284531560375,0.28194448315941445,-0.3466183781077664,0.6094843552336685,0.8898692934757726,0.48603901316851333,0.9035595499471252,0.23297332974930177,-0.7153401870765069,0.5452211944680677,-0.4672304642075126,0.7631483347979179,0.8220754669777041,0.46030892375909815,0.7773649274790218,0.5920621711088636,0.7416864412535916,0.9147833996085325,0.9164039423035998,0.7651599941464896,0.9606611593582132,0.900809802707908,0.9858457567518598,0.6044503196302304,0.2271138295339887
ETHUSDT,0.9079430074970098,1.0,0.3975181813011634,0.8734718128895103,0.873442351581576,-0.011703625462627858,0.7537431529487215,0.7792542840671437,0.982451513817967,0.8074340854919981,0.904786682008249,0.40912900345263264,0.6120595156378966,0.9822663566730585,0.17003616952051492,0.8977323001612108,0.9813837735929228,-0.27716690561337337,0.48041917390987804,0.19860892077222536,0.8385521902499622,0.43440701940700466,0.322763688319478,0.7410387926256887,0.982378852708592,0.17057562418798633,0.9822088004516935,0.6054861590228231,0.9184689009004714,0.921627455554412,0.6598759438896552,0.8006993371545972,0.8524671583137514,0.8436964642698386,-0.15036007849507688,0.2900365847646965,0.18634645810137726,0.13060878513598057,0.8489838554942721,0.824930216976823,0.17366923956162117,0.77538777196653,0.8485135893458011,0.015118697264508978,0.41310710240344517,0.6424033269095945,0.4879587874860193,0.7035192734762897,0.23058894944140298,0.8665552023008822,0.5449209235243857,0.6560619425552582,,0.6947440978562357,0.3616951270551276,0.8012248517242608,0.21801354013233454,0.8972240254185152,0.4450222086480977,-0.21740251528882032,0.74186960504015,0.826589433895083,0.8414073839347612,0.8414707056484375,0.6531056080260209,0.8927924738036538,0.6272670436454876,0.8339083615801561,0.825633855020319,0.6253624199851384,0.820738078692122,0.41131423389322735,0.02292161025603694,0.41090237995935097,-0.07450594443742653,0.7866236510994818,0.8209341369664003,0.41300022393170754,0.9770839613691101,0.33425840645715316,-0.7713420457348013,0.542555171571128,-0.6536857297084978,0.8729351689822528,0.8395273908667203,0.19522164631624958,0.8869278252515532,0.7489191360761093,0.7628363964365352,0.9714368089190338,0.806454575932066,0.5475668655137758,0.845881726708797,0.9718484584924786,0.8706176363844678,0.6420628888562915,0.4294391206282065
USDTUSDT,0.25317673505975746,0.3975181813011634,1.0,0.41475921182874725,0.21228678868172168,0.01894224227691731,0.43734491815716964,-0.034692181766029326,0.39919736906732584,0.2704798408669491,0.0378722754925765,0.5475692871848716,0.6678488878598221,0.40168593101337285,0.8579141933940955,0.28632919335918483,0.3741588901875186,-0.2877058315294531,0.9221016888487781,-0.48742307002972846,0.0590422667833078,0.6630222359632783,-0.3073818348403714,0.4379234876372684,0.3987356310289846,0.6989857445536926,0.41025988526360807,0.34105299753998,0.2546464647301879,0.20072014538747976,0.2931560638596004,-0.10706444390372488,0.05314689858177692,0.1430135740185309,0.38977441670256074,0.9317968829418877,0.7974602441619966,0.6786902495186816,0.5507500489862854,0.2583276818795199,0.7179187462788778,-0.09445433189871805,0.23651467803371617,0.3305242710210313,-0.03278927895698708,-0.30230459433034557,-0.22957063921759657,0.12953855185696117,0.7969670226664292,0.32056700081209444,-0.10379925633820845,-0.296642407174795,,0.6335591643202516,-0.4758946240139995,-0.02914911133823913,0.8588334392837034,0.6632962957937508,0.3350276060068927,-0.6055647926365328,0.42996299618061257,0.20838152635647925,0.43578262090707826,-0.035694425955250096,-0.19582953047494747,0.0797680150035739,0.05150373652648507,-0.007828353430344697,0.6077382524906735,-0.11116569697027083,0.026878958824611787,0.19800846843940065,0.5962865514632725,0.9875402924191163,0.5100934203226737,0.03256780424409855,0.19950404546662076,-0.3074956496532798,0.40604007913767604,-0.4446515116773521,-0.39134232847320155,-0.3368248521942991,-0.5004041075209565,0.20644127711639543,-0.023292663360069115,0.3455259357889676,0.12648059556503943,0.4126542030859173,0.254602097439866,0.2777390676916893,0.191991087100724,0.08563650388177442,0.3103990685350505,0.412057954328047,0.3168187137271924,0.019083389899365012,0.6542863007460872
XRPUSDT,0.9010157908510481,0.8734718128895103,0.41475921182874725,1.0,0.858095578090125,-0.05565268974483694,0.7465727944298269,0.7431097697884442,0.8795788010545221,0.8347547888100444,0.807532494802323,0.22579327080913472,0.47101112588977195,0.8862185748317297,0.09857866863067495,0.8979646994803164,0.8701470251835802,-0.15673043862426517,0.332223441302752,0.30139308590175035,0.8273162094868121,0.36605243673484467,0.4344259266485328,0.9435503762991735,0.8691352664473755,0.14699162081398395,0.8803926273800889,0.7151887740301125,0.9110460419917918,0.8048929316581092,0.8940228294313991,0.7501477627262025,0.7950104190759903,0.7914116128833933,0.19225551335487331,0.31002434116933586,0.11936869641601983,-0.01918140720340012,0.8702944576961772,0.6762077618682131,0.3882359943393212,0.566987844442629,0.5584302207770612,0.26730518866351766,0.14312362659476707,0.5951748681155415,0.5957968299528326,0.802684604767263,0.33875380205052374,0.8474284836504625,0.5880598295708415,0.42967979770915793,,0.44085676987547234,0.35457527807064654,0.7714038659914008,0.24276004542774882,0.782152359951562,0.4142306560011822,-0.288713887303586,0.7370772750588935,0.7453980167013051,0.8473708724494076,0.7299423955100677,0.5458292087727732,0.788403398347315,0.30669500285243917,0.8342784998973442,0.8033926993352042,0.5752309080774333,0.734065971597033,0.23672216704318946,-0.01987169976760914,0.46784457444206384,-0.1240592589101657,0.6745647402911147,0.9398584598042327,0.11182963016271726,0.8752072134447589,0.3042370609649642,-0.5623564793415348,0.5479227261637081,-0.65535551143206,0.8505631760162198,0.8291784798398866,0.4130661814470957,0.7570951588741754,0.7361051220127108,0.8888351727942826,0.8802525913549566,0.9104722588203139,0.8164073590262139,0.7887080242626788,0.8703625696152923,0.8786980291135996,0.6789940856113976,0.49523112215332954
BNBUSDT,0.762958881938798,0.873442351581576,0.21228678868172168,0.858095578090125,1.0,0.3205432383125559,0.8309144015712848,0.7413138455408499,0.8783795099959262,0.9336369879958618,0.8850634854455623,-0.0287345405853943,0.5355287960586654,0.8925498999851441,0.03425305852272595,0.736395113671303,0.8738821559430195,-0.4230112222313975,0.21193472491875,0.341885599422314,0.9122314862578851,0.5055799865843998,0.433763661952918,0.7624150719550586,0.866152781567492,-0.18218992947760532,0.8725639782504849,0.5913778697774577,0.786023267773745,0.9281626075760849,0.6623199083766684,0.8803820599338529,0.8872988475228365,0.9527478181520558,0.05572525138550023,0.12151900379094716,-0.12422238987876767,-0.18023622554146157,0.8225470597143537,0.6609632099786917,0.10879660241516165,0.8281422312218341,0.6828251182094728,-0.025301203300792566,0.1091011779965614,0.6683232314672118,0.6509654640890946,0.7515638373956183,0.07077650349935957,0.8498412026557707,0.6785366462370553,0.5407146413797176,,0.48713746477673264,0.3577284706682817,0.85636478790901,0.021930822383213897,0.69995776173673,0.4064951187993892,-0.07681961851517874,0.8263144568771829,0.8735424079811648,0.8792203471038852,0.8790249157413547,0.7931256611212172,0.8604967789282993,0.5576385129224729,0.9219164814051108,0.6352982600045065,0.8419182567322699,0.9443129739403435,0.2437481219424091,-0.33423869984224336,0.25019674377017415,-0.03635597783372623,0.9338382319552841,0.8536139180673227,0.1792432133666473,0.8738327335924087,0.6465369444629275,-0.533916834568278,0.7300701024748536,-0.7248182756814636,0.9660875510028647,0.9235380293288591,0.005738878300846194,0.9152508415099453,0.8352678103348257,0.851535454967587,0.9137827023669631,0.7766418742962953,0.5840681269151315,0.5929860452991214,0.8639446819443941,0.6876052296952418,0.8022654525373097,0.4748957018361845
USDCUSDT,-0.3377255069860686,-0.011703625462627858,0.01894224227691731,-0.05565268974483694,0.3205432383125559,1.0,0.3347271228144818,-0.12448121838080096,-0.01083951959030382,0.33810961789875466,-0.004357129977807034,-0.6480243282070078,0.2492045825678029,0.018762697027240097,0.26187518098275003,-0.3701946483218046,-0.024461120193198717,-0.6381676583106427,-0.011525607682000007,-0.14463565219260519,0.11791629486971915,0.5890318021741384,-0.11498978285525979,-0.07907421345515193,-0.028134463673010632,-0.5113584641811232,-0.019299918741575706,-0.0019681646306363406,-0.30289627741552866,0.1728161235838686,-0.25568263363406096,0.14316452037854221,0.09787181476408324,0.34780960559106483,0.33161056503430547,-0.00227964256471541,-0.26412476291952564,-0.20566130870528687,0.08302556581850634,-0.14853799132832368,-0.09012175740559372,0.2804437503522218,0.03997103913029259,-0.27675379615213624,-0.5178707143871202,-0.1366460433408685,0.11300321429640196,-0.06933134044749877,-0.13048174806080173,0.03482840728618388,0.22580748374865223,-0.2715247142712667,,0.0487446759562241,-0.27998727158307923,0.0964862014807555,-0.025694832051110412,-0.05943152222495096,-0.023296896101758915,0.0644953906455196,0.3490709040911109,0.23319952699689267,0.21050571385754968,0.12313623931473953,0.2912465068641393,0.03982737473089606,0.17287866412079023,0.11659975755216895,-0.21974604612889442,0.4842315250707963,0.36462090733123836,-0.24734235670897925,-0.5361725462356308,0.032413603175411095,0.49924513609336335,0.48538909354009957,-0.08116563527567654,-0.4424090192860091,-0.004006159156679936,0.5543806267911079,0.22197504343933583,0.27625211255091137,-0.3599014420592542,0.3099511019879947,0.1433919797148998,-0.6726873817164334,0.21674832517871437,0.3550922598347505,0.13308329709461153,0.028079158961925994,-0.22093940382326194,-0.30350411224625823,-0.5132650905334665,-0.013610941470814363,-0.41901894680736024,0.275029494069946,0.40442957523692463
SOLUSDT,0.6016205628828522,0.7537431529487215,0.43734491815716964,0.7465727944298269,0.8309144015712848,0.3347271228144818,1.0,0.4230729190527962,0.7619929612982436,0.9515476513194879,0.7087251763954916,0.018593729129221737,0.8580476462546449,0.7823511596198559,0.1460421955594413,0.5840838207103763,0.7531800703718121,-0.6938605043173874,0.35247513860412233,0.3813210178379668,0.8495803183602734,0.8008571598416385,0.4156985366173595,0.7913992276588107,0.7429628316010674,-0.05878741497814225,0.7546383636563587,0.3084938213589985,0.6226986645699,0.8622272235345008,0.6563048137414483,0.6294600384109821,0.7606058502116292,0.8540650722637814,0.22131664449514202,0.4615782867153714,-0.052888307675496515,-0.10627639600530724,0.9372448890940651,0.47696348045802855,0.34292222358960983,0.6859218185925404,0.44457184542655254,0.11957525212436823,0.031917699833735824,0.4444090561780621,0.43139736347620833,0.803004678720727,0.267979492199486,0.8503775819345983,0.31517270314783713,0.3677642014688465,,0.7002522777840047,-0.0253242746233375,0.5811371374335329,0.06263789779054765,0.6277047949174922,0.7803287218498579,0.03344867489072658,0.9991573888610248,0.8907775245437002,0.9822845739229726,0.7306404642510513,0.7648034117551573,0.5627146158888164,0.6284326654612802,0.7943160755342825,0.6447977894184963,0.791853264773012,0.8182054123900947,0.5704437229251573,-0.21926028305001308,0.43787345984418297,0.10782897533139102,0.7858117104801551,0.7922983431374385,-0.02395507204742778,0.7568103371414109,0.5677174851919388,-0.5235785000893334,0.39653623126057336,-0.8990028135951932,0.8235203710431948,0.6774728692153428,0.1612246298482716,0.8172164051434934,0.9988993277518847,0.6936916356804786,0.764711395803713,0.674490945990645,0.49443100487576974,0.44171748031184904,0.7524959000784635,0.5534861587066742,0.8429500737284268,0.4564879451550436
TRXUSDT,0.8468379391613046,0.7792542840671437,-0.034692181766029326,0.7431097697884442,0.7413138455408499,-0.12448121838080096,0.4230729190527962,1.0,0.78198740093708,0.5829397241077242,0.879244426018142,0.23771345359046384,0.11775476297519967,0.7760513891110962,-0.23140493062384548,0.8380673999419889,0.7856079971659061,0.19141023935050108,0.07450377506731191,0.338220031578001,0.7072509026531895,-0.050361938631332766,0.5985101417288493,0.569827855416995,0.7769427908594091,0.04879567517736991,0.783668450148512,0.4569741530699166,0.8511924598010892,0.7424889777883315,0.545100643333681,0.8714985288394845,0.8541913025805301,0.7281580072743866,-0.14575407160123172,-0.23950156236627973,-0.17273040853851165,-0.04653500284679481,0.4867382205612903,0.8564906875516133,-0.08708707675390741,0.7416612010509295,0.7297973307798191,0.17320274514195508,0.4982885508965687,0.6335182133818771,0.7419155506569937,0.6024482461053878,0.09713553850441313,0.5734434496968523,0.517077295599667,0.7015262833445797,,0.31225557027013,0.806550757249695,0.7242965195282063,-0.007825593117591383,0.6528502226320512,0.08972469181957883,-0.2752413551223327,0.41018400255093257,0.6406449706124674,0.5495275385526227,0.7596677049283052,0.6092027426411244,0.9251565621029817,0.43947486013197296,0.7971213628557627,0.6784974660075315,0.4778734206074799,0.6804697631571642,0.08707202737872942,-0.03911133462949684,0.01764642003184283,-0.44877780527504024,0.6630378393073283,0.7388047455553073,0.5001349882914673,0.7752258633249127,0.39611695738136693,-0.5274564283314341,0.8095758867722468,-0.18771252052396262,0.7374935740883748,0.8467687704095359,0.2482065415900557,0.7490776775334198,0.4205002680200216,0.5808094762640231,0.8371783074549526,0.7792577448314651,0.6728994642358876,0.7812734777941124,0.770617488907605,0.8220605504310814,0.6251608164657225,0.07301982601332499
STETHUSDT,0.9118438302414349,0.982451513817967,0.39919736906732584,0.8795788010545221,0.8783795099959262,-0.01083951959030382,0.7619929612982436,0.78198740093708,1.0,0.8149647948671443,0.9090365881850057,0.40632803621950575,0.6171742817520663,0.9854926171803599,0.16613770416030574,0.9016907982016373,0.984188757679111,-0.2797857297780712,0.47877845949330344,0.20673723279543083,0.8450541119129644,0.4389912140225537,0.3327875709407355,0.7498653282401287,0.984864071461458,0.1702357636337763,0.9851170189890054,0.6036119445358701,0.9224407663363973,0.9264427917390533,0.6679810741369228,0.8047951896779427,0.858756590615642,0.8494021085756086,-0.14240949639536885,0.29216859624763064,0.18084464408201342,0.12664594913179775,0.8558029442263092,0.8270631109781639,0.17896146454605513,0.7783713651589559,0.8454918932558516,0.023863236263766054,0.4117669488505176,0.6437346838112427,0.49473496196180305,0.7128034239747949,0.23570427537318614,0.871489186864229,0.5429355849914836,0.6565851639275494,,0.6974015099919991,0.36312540038805935,0.8022843386693522,0.21619068161851815,0.8985830401945042,0.4534263671363182,-0.21721349824974248,0.7501714740150115,0.8331533574022651,0.8493890316969972,0.8452260830136799,0.6593659050934808,0.8944411732319735,0.6293349925797588,0.8404475766573999,0.8309699363601157,0.6303463524535382,0.8248244347888898,0.415978191154775,0.021328039581904427,0.4130260180082402,-0.0779394833220634,0.789940005123316,0.8290277132250422,0.4086400740597551,0.9799687207445743,0.33965109058192167,-0.7717196315877489,0.5462725341914654,-0.6587752346382351,0.8776740776871618,0.8436109275812171,0.2029966962267437,0.8912644033652887,0.7570614759862495,0.7666734070798158,0.975060095523196,0.8135658021561885,0.5567990162658695,0.8477694992610161,0.974796729118354,0.8748137752625927,0.6521120820287863,0.42911029947406826
DOGEUSDT,0.6952544274389229,0.8074340854919981,0.2704798408669491,0.8347547888100444,0.9336369879958618,0.33810961789875466,0.9515476513194879,0.5829397241077242,0.8149647948671443,1.0,0.816535914578187,-0.09306297948637118,0.6841427921158132,0.8350351653313978,0.012384331189044943,0.6689067062972608,0.8091461251008222,-0.5900857069195417,0.19263388630277775,0.4601480444524466,0.9396739716828348,0.6489523594498577,0.4772394424148204,0.833180525828035,0.7971056583366148,-0.2102624540814382,0.8063506518788145,0.47256929945995263,0.7187449457904689,0.9152990231689165,0.7313561489394427,0.7860683448358593,0.846442529104761,0.9342800334393477,0.16375849902900194,0.2636096669850794,-0.16566771297199837,-0.25696741783750726,0.9125265714473791,0.521995183072726,0.22787643214053702,0.765495321898302,0.5084563152827306,0.03775470741827369,0.008171652652079997,0.6249901485382008,0.585939550142046,0.8443439844915458,0.1092784874169869,0.8946053857790217,0.5496392181481113,0.46680893668934886,,0.5366727759467131,0.17206111863805695,0.7665571935188683,-0.041620999844476,0.6149513720927565,0.6329710290805464,0.06258708248882562,0.9506994806502763,0.9096848172116894,0.9661785752958788,0.8406240520051754,0.8307974222647113,0.706662008993797,0.5728203870617132,0.9119238152434189,0.6069620553814867,0.8859839028616251,0.9242251389176922,0.4205422942020911,-0.374137179705481,0.2943164913126989,0.0051690694522606275,0.8897467815979402,0.8825780979198838,0.04789252677620209,0.8091302718016183,0.6830065677930564,-0.494317958959515,0.5957088140498291,-0.8575975809661378,0.926194039940139,0.8418840882075295,0.08986550755080294,0.8849135527939597,0.9553014192812437,0.8354890251640754,0.8443143396661719,0.7696070130209036,0.6034992564711444,0.5035646939879709,0.8008776707843853,0.6231435211085617,0.8745326824716488,0.46216818052576036
ADAUSDT,0.894209194638732,0.904786682008249,0.0378722754925765,0.807532494802323,0.8850634854455623,-0.004357129977807034,0.7087251763954916,0.879244426018142,0.9090365881850057,0.816535914578187,1.0,0.1997241524438967,0.44140214616632895,0.9101683087905806,-0.21028751842738716,0.8721986672123148,0.9160049101990986,-0.1904123122641302,0.13185431279050075,0.48740000134491834,0.9217126823729443,0.24333026308174488,0.5999643672431185,0.683223661865334,0.9030605193738576,-0.08050818667445876,0.9042819631693905,0.43755002986723424,0.9051289392753449,0.9478698154853766,0.6380832319358911,0.9374246046820355,0.9615582847814734,0.8986347095889482,-0.22476491500034998,-0.05879290710330217,-0.19715130133461106,-0.150892293115851,0.7349431817312048,0.8216940710829733,-0.05762539348075799,0.9072158226894055,0.7835387385148519,0.009052543978399519,0.4712118788667458,0.7850362175157589,0.6930018634811648,0.7844354137164394,0.007690115852843264,0.8176199433497309,0.5531755078513783,0.8249459520071329,,0.5355249062214693,0.6109895279321357,0.8417901616863462,-0.12683598516473618,0.705418999841588,0.42732096274855486,-0.012399890261081048,0.6993227762170385,0.8665761496936759,0.7968402270183392,0.9403294050405699,0.8450411707386367,0.9369496010097175,0.6913790412745823,0.9507516091130723,0.7049762346823267,0.7454128879573585,0.893155420568943,0.41156679688651354,-0.20382490889351662,0.059089636864737054,-0.3375180938563248,0.8527273708132733,0.8617771371888134,0.525706518182666,0.8996637541284568,0.5905154498538975,-0.6676326669480621,0.7618119485785697,-0.5174296664715085,0.8841856158378817,0.9328407500880668,0.16237557941953373,0.9381565751483785,0.7118051030852012,0.706404205282685,0.9554995062733513,0.8430635153434674,0.6354536047980222,0.7886817818806983,0.8931015348824995,0.8373258361768816,0.7952285467961218,0.15766748961291183
FIGR_HELOCUSDT,0.464962165411244,0.40912900345263264,0.5475692871848716,0.22579327080913472,-0.0287345405853943,-0.6480243282070078,0.018593729129221737,0.23771345359046384,0.40632803621950575,-0.09306297948637118,0.1997241524438967,1.0,0.31238298228919226,0.37821827981247513,0.37804480150485337,0.5034846250071543,0.407888977130156,0.271153496927246,0.7166841285770688,-0.30597950223416176,-0.017550595974563623,-0.007438506228767732,-0.12326431028566805,0.1333343085808866,0.4265973135537593,0.8505291038676395,0.4200311050281718,0.11095009780621215,0.4414486441038485,0.15577195071975344,0.12520771901947528,-0.022444384410856298,0.10844044520278055,-0.05177664102290764,-0.31714475078810855,0.4550207779907621,0.69628790228363,0.7445716705475922,0.23219374702763645,0.5415213651704269,0.2522763901430743,0.022006007685354663,0.4878543488222866,0.229278157848147,0.6948871988182963,-0.04065502086323461,-0.20950382902586195,0.040293024271961575,0.5247371418048872,0.16888917804288936,-0.24925649496821287,0.28218386468537754,,0.6058294480530819,0.0738584609827313,-0.027680592743421446,0.5491591418029689,0.6248237914045712,0.17035443748958234,-0.46674186299405934,0.0007712530851118986,0.0714344750407018,0.11142486969169664,0.0434961161891421,-0.18967272998534704,0.23656607717978878,0.24501763853713093,-0.03546585896090307,0.6263202535317839,-0.36993026305091237,-0.1264305560565113,0.388162717694725,0.8277062401536984,0.507534410144481,-0.0736350222799169,-0.1681692438166116,0.09671925678572894,0.47152862082022184,0.40477339888625313,-0.6139094427959544,-0.6220667399162845,-0.2737159062808656,0.03247332261407543,-0.019927221735292235,-0.03194859957635422,0.5044041354379392,0.10214001007290871,-0.005245508563748923,-0.06494263792516947,0.3062853496568439,0.22535073887424767,0.0672424020701084,0.6743242720365722,0.4151776781047816,0.5534323439273177,-0.16524799031331147,0.016516931015509332
WBTUSDT,0.3886533863483983,0.6120595156378966,0.6678488878598221,0.47101112588977195,0.5355287960586654,0.2492045825678029,0.8580476462546449,0.11775476297519967,0.6171742817520663,0.6841427921158132,0.44140214616632895,0.31238298228919226,1.0,0.625768673656871,0.4444079163631989,0.3856871219572224,0.6082697579332136,-0.756553837972539,0.6557679656610613,0.06215657100786556,0.5468214083588898,0.8975904745185382,0.07683534365741163,0.5221756646924803,0.609265976717825,0.22769580675382448,0.6137549729299077,0.10517206291637744,0.40199066053130855,0.6573123260293752,0.36218536087923303,0.27824207386974203,0.4703654101715771,0.572326052178746,0.09422202914474692,0.7312848246359517,0.28664548759182373,0.24913767059174446,0.8136904159345532,0.37057092510011047,0.4037331885488998,0.4736266264195163,0.42378943082056036,0.05080487033554492,0.13896776568436162,0.1400934687849851,0.016152368196292205,0.5180190595602923,0.40622626766749387,0.6675154740811015,-0.014834321875184072,0.21946364397494442,,0.8983460974153985,-0.3550795303663493,0.2643621642330519,0.2824119352141751,0.630255184761663,0.8110509369185208,-0.02602474555095687,0.8565265077076089,0.6926091332293124,0.8064686915244416,0.4639794162314289,0.4899980475138793,0.300204712456486,0.6592382092976021,0.44646161910866977,0.5973678522744126,0.49387689847782523,0.5333493414866906,0.7109282521042166,0.10158466165822246,0.6197462295054702,0.3287290178875244,0.5152650065607874,0.4630840096961149,-0.0016013051071700638,0.6146976079870742,0.21597691135068695,-0.5858095909486173,-0.025333978459192222,-0.8251934558403735,0.533949411860897,0.315505777052357,0.12810545507275042,0.5978146748139955,0.8523145948823588,0.37629182378446113,0.557889128956264,0.3721227070198578,0.11859182135251607,0.3399480971634379,0.6157478067467853,0.3763941346499811,0.5313575750950824,0.44084910202176075
WSTETHUSDT,0.9047955848680596,0.9822663566730585,0.40168593101337285,0.8862185748317297,0.8925498999851441,0.018762697027240097,0.7823511596198559,0.7760513891110962,0.9854926171803599,0.8350351653313978,0.9101683087905806,0.37821827981247513,0.625768673656871,1.0,0.16829406530012045,0.8935857278068267,0.9836525204292769,-0.30514634451638484,0.4723346037139075,0.21539518556567064,0.8569206561203813,0.4623901650377158,0.3383645389075132,0.7617718350923984,0.9838512619950026,0.14994214083440235,0.9847630635629774,0.6058670246561529,0.9165594078669651,0.9345312263706169,0.6756013956320507,0.8104716016568351,0.8648223287874576,0.8641371890053982,-0.11998529397036538,0.29787083767090217,0.166788285487278,0.10923082106915367,0.8683790738195482,0.8164054158775053,0.18668419423600133,0.7843708311454866,0.8353387491246504,0.023779082144281843,0.3856708817852937,0.6438353973828793,0.5033901044897028,0.7238154635325459,0.2341987655126524,0.8806661807247885,0.5512702260433189,0.6448078567736086,,0.695823805816078,0.35027226346322127,0.8078140261524714,0.21057691100356965,0.8934739727858991,0.4649096069149272,-0.20887086654240608,0.771103080072983,0.845592137208495,0.8654750008806137,0.8513437377444455,0.6732702704643349,0.8922316080868598,0.6301621143153596,0.8509353798472704,0.8258954032643361,0.6521260378166623,0.8395861850259683,0.41408299214663935,-0.0017890866664987324,0.41663249015292625,-0.06484702045048021,0.8059934890602204,0.8380200379374748,0.3843690874751074,0.9801478329890639,0.3625667816065771,-0.7613071241588991,0.5544472216774868,-0.6801839142358344,0.891303531949394,0.8513508475786544,0.19276407013701907,0.8994644488736782,0.7778761049847926,0.7801590852794175,0.9768380097166967,0.8158926492682954,0.5611308379246961,0.8318281968330339,0.9746798370998117,0.865123970177275,0.6702279104995953,0.4441675979048033
BCHUSDT,-0.07668719722436938,0.17003616952051492,0.8579141933940955,0.09857866863067495,0.03425305852272595,0.26187518098275003,0.1460421955594413,-0.23140493062384548,0.16613770416030574,0.012384331189044943,-0.21028751842738716,0.37804480150485337,0.4444079163631989,0.16829406530012045,1.0,-0.05358141798251495,0.1426630124536098,-0.30352053373865495,0.8674286810899026,-0.7982185555361485,-0.2238045887032279,0.5807224546574727,-0.676773076244883,0.040863564287326105,0.17555632037540364,0.5268044740988732,0.17671492077851866,0.3345055135959212,-0.06935908547665158,-0.03308859363518274,-0.11304436511120618,-0.2829242304819152,-0.22361035102291593,-0.0510283507070954,0.255104950594418,0.7791299930020282,0.8449445226382554,0.706058987707249,0.22465004640346653,0.04536724077823595,0.4812296640836149,-0.21396475329450393,0.2238757750633958,-0.01606276774189662,-0.19269247571241335,-0.4518376374714472,-0.4413289907675185,-0.2781059129805962,0.551120121362979,0.04876004816499636,-0.025719416806475333,-0.4707112005389,,0.42617680900549093,-0.6013942109450706,-0.12655653351765314,0.8646047750955939,0.47098949750035174,-0.03615015657044682,-0.5720877070905677,0.1418780579079202,-0.053309738010826085,0.11262198912778493,-0.22744660595255944,-0.4015130789790436,-0.06376075278259993,-0.07469051274658002,-0.2829737726735299,0.2593397819743278,-0.21859415714135438,-0.10994008523474205,-0.1156883806935687,0.4762198979096746,0.8436225849273914,0.7400857095813009,-0.041123490499140776,-0.17972641417453264,-0.34724658733347397,0.17828192542896745,-0.494374130421369,-0.19735749880977332,-0.41293657227351266,-0.3227838804331,0.03162054795040306,-0.2052495013265489,-0.11039795674646136,-0.07135325574046579,0.13106567179918147,0.07908126534184869,0.04224260984648664,-0.187231705471763,-0.33677564485835937,-0.0005550711064956907,0.1801737961085162,-0.04073285261736093,-0.30527925799960487,0.709237821560503
WBTCUSDT,0.997827856114368,0.8977323001612108,0.28632919335918483,0.8979646994803164,0.736395113671303,-0.3701946483218046,0.5840838207103763,0.8380673999419889,0.9016907982016373,0.6689067062972608,0.8721986672123148,0.5034846250071543,0.3856871219572224,0.8935857278068267,-0.05358141798251495,1.0,0.9037489467580834,0.05763600052751349,0.32404278504326306,0.34299036608332417,0.7807053924542903,0.12049698798989547,0.4828852730896577,0.802212528650552,0.9017089789928936,0.2836953630234536,0.9043483572524196,0.5859735200795246,0.9956461068312474,0.793699276376854,0.802419603766966,0.7564892725936092,0.8102044908848104,0.6948563735853432,-0.13958402365982847,0.17477021509196874,0.1415411727102175,0.08399375291959554,0.755993748904427,0.8212006703674551,0.2130306507641096,0.615908928943769,0.6960485146923736,0.2289863098985443,0.5083722664936575,0.6768074143847804,0.5518642257937612,0.7550789793588883,0.26994580463362133,0.7906315352079442,0.4669719262343825,0.6875499624211922,,0.5119394990214777,0.5462849988583055,0.7394630234336274,0.15582985467981558,0.8080275331096098,0.3911836330371642,-0.24628771924745801,0.5692843505105382,0.6954431661321258,0.7220900308883711,0.7543060225604338,0.5350177529658717,0.8436567645488449,0.4364859538985152,0.7991776000182427,0.8510445300466075,0.4357058536027504,0.650219215874955,0.3859701506343363,0.15024942167399744,0.315709085763276,-0.3480011696775602,0.5692732317039164,0.8776575190578606,0.47290017628982167,0.8937236193140035,0.1814665453869319,-0.7153833054089681,0.5162654135516924,-0.44367115128173484,0.7362240416417603,0.7926391329330591,0.5043165421289549,0.7492872745012323,0.5724596431768688,0.7177956406641857,0.8995588726827516,0.911828385536577,0.7713807431359145,0.9701209189185822,0.8919945363932392,0.9935365126464203,0.5835089598656092,0.2233447389274042
WBETHUSDT,0.9149858481017801,0.9813837735929228,0.3741588901875186,0.8701470251835802,0.8738821559430195,-0.024461120193198717,0.7531800703718121,0.7856079971659061,0.984188757679111,0.8091461251008222,0.9160049101990986,0.407888977130156,0.6082697579332136,0.9836525204292769,0.1426630124536098,0.9037489467580834,1.0,-0.27656516443188783,0.4610754019404603,0.22280736578616436,0.849914617034785,0.4212799310800687,0.33672164471207067,0.7381482016549563,0.9844156938907943,0.15604313781476145,0.9834992819537289,0.596258460654589,0.9251896539234424,0.9291834884966975,0.662309968854374,0.8102393119005822,0.8609107838610304,0.8472747598427175,-0.17409012828562287,0.27257558912015434,0.16787378993512714,0.11277218834191512,0.8479629023647481,0.8264066188099762,0.1552897008363417,0.7878784740468514,0.851393319567072,0.003174362551227576,0.4282512133207501,0.6640466523194725,0.4937321132585098,0.7133402696056736,0.20797315819260492,0.8729447351798673,0.5470570110269817,0.6813971006992783,,0.6930469687285111,0.37520263041956614,0.8101705761927092,0.18976049982757054,0.8886575204425603,0.4544682613820732,-0.1912173598288988,0.7413448122052179,0.8331142866812392,0.8418712717258446,0.8548433731947386,0.6697667147200411,0.897356469155828,0.6414818753292669,0.8446420756674082,0.8198806583316197,0.6360174129791204,0.8288490381888481,0.42901551296461493,0.0094367218575892,0.38593338865373483,-0.09425686918866252,0.7914879685596581,0.8267120769129747,0.43617089579318163,0.978338078509498,0.34847688702279866,-0.77725854011685,0.5494261979298523,-0.6509970727807408,0.8738916453581189,0.8470708592390337,0.19420996312332175,0.8950447946835999,0.7489796471620118,0.7616321607352139,0.9755500615806109,0.8125228988731364,0.5508717361767056,0.8526941812492296,0.9730132096027247,0.8757119975515973,0.6492533790647121,0.4082574433673102
USDSUSDT,0.023552226401162356,-0.27716690561337337,-0.2877058315294531,-0.15673043862426517,-0.4230112222313975,-0.6381676583106427,-0.6938605043173874,0.19141023935050108,-0.2797857297780712,-0.5900857069195417,-0.1904123122641302,0.271153496927246,-0.756553837972539,-0.30514634451638484,-0.30352053373865495,0.05763600052751349,-0.27656516443188783,1.0,-0.23512855183790504,-0.10204386047624052,-0.4331064699892813,-0.8596675620276574,0.15682579875564553,-0.2290885910543049,-0.27320780568345815,0.3654669381195759,-0.2661776001544246,-0.0821646431238637,-0.003740390633268207,-0.45525273621988055,-0.10623670506563519,-0.15120267435342716,-0.21008425368394906,-0.4578426090116611,-0.03403920157180947,-0.4682134999629206,-0.001579275135832843,0.18219771683030883,-0.5554633808784685,0.11793615370918331,-0.11866615540087197,-0.3757771827801039,-0.15266637670472866,0.4214633628158432,0.31106029508648164,-0.19246351958784,0.10343749023794664,-0.29082531622499713,0.13712378388192545,-0.5068374879335572,-0.20750204103545225,-0.047692355754188794,,-0.47649506805150144,0.5621307038161193,-0.2788663686797642,0.08564838856137164,-0.16328550870203917,-0.6042108711517247,-0.41950952699729466,-0.7042959282803961,-0.5069845419819314,-0.5759016928350463,-0.3632392223315766,-0.48468778457924044,-0.04648785340409304,-0.4917639718738529,-0.3088682160070559,-0.012900553659647113,-0.6663060191443896,-0.5383356266174545,-0.46865766200800985,0.45554112998961604,-0.23801212994407792,-0.5197027078964296,-0.5475443953058011,-0.20501386667399396,0.19017320362624862,-0.27949648068507765,-0.4978983592313033,0.20659227376849973,0.03506267742507398,0.8290946679392304,-0.4237394673438688,-0.21300817471591077,0.428839683916751,-0.43310997329910594,-0.7087448572961872,-0.3549221542029993,-0.2581581400240322,-0.03698950247583732,0.20175906780206831,0.16050694576659397,-0.27163112693268576,0.11242911751133011,-0.37430783333545237,-0.4639592107524921
BSC-USDUSDT,0.2941726988009412,0.48041917390987804,0.9221016888487781,0.332223441302752,0.21193472491875,-0.011525607682000007,0.35247513860412233,0.07450377506731191,0.47877845949330344,0.19263388630277775,0.13185431279050075,0.7166841285770688,0.6557679656610613,0.4723346037139075,0.8674286810899026,0.32404278504326306,0.4610754019404603,-0.23512855183790504,1.0,-0.5851985934715409,0.0391293663149446,0.586561115954824,-0.3668819622647663,0.25668065286868735,0.48786957097232553,0.7420035752397802,0.49079889171333624,0.29069098946569516,0.2936405595654981,0.264790121078835,0.1020840009461484,-0.034132934859936945,0.10792634627800429,0.1621173928944401,0.09591271005076736,0.8146608972955051,0.837486126502465,0.8095532201675446,0.4645820330953769,0.43003266587203537,0.502319970736318,0.0625285949921107,0.4954270794619316,0.16245786932093023,0.23080592965637461,-0.2507024493620736,-0.2592834270267361,0.01932098446091317,0.7053861302251373,0.2871500762974237,-0.10314727656034291,-0.09234688073758868,,0.7597854616358038,-0.3436853024007252,0.01167978275605365,0.8478600919101054,0.7590327926109226,0.24030860879228488,-0.6211604695595161,0.34129032607439586,0.2262560779993751,0.36359722988125476,0.04456230982473659,-0.1502708069211596,0.2145257356728648,0.24925258941857648,-0.012071882552985951,0.6348099882326349,-0.12918236180985893,0.06587006524138488,0.23595469907765165,0.6639409815505256,0.8944282118925723,0.47003126982531995,0.09522374516088879,0.10145353537783161,-0.0176918923827823,0.4849802711571482,-0.45646020112153984,-0.5423028095929868,-0.27508989814348683,-0.38754032082585205,0.21143818591930866,0.009404310880574826,0.19923279070053782,0.20838539037762868,0.3312547057512166,0.14608751382417268,0.3560019095542757,0.13008873421041353,-0.08408062327371361,0.402868389866377,0.4907136175855076,0.3516409460270052,-0.044579691015438065,0.5592578991742962
ZECUSDT,0.36956897754674395,0.19860892077222536,-0.48742307002972846,0.30139308590175035,0.341885599422314,-0.14463565219260519,0.3813210178379668,0.338220031578001,0.20673723279543083,0.4601480444524466,0.48740000134491834,-0.30597950223416176,0.06215657100786556,0.21539518556567064,-0.7982185555361485,0.34299036608332417,0.22280736578616436,-0.10204386047624052,-0.5851985934715409,1.0,0.6158628691862839,-0.10049636616059074,0.7706843400124194,0.41726285647434824,0.18960455250024774,-0.46762197814911804,0.1933640903562104,-0.11447162596547023,0.371287151772391,0.42116028185357796,0.5085037827455059,0.4918746197137656,0.5168974002457964,0.4176969040987741,-0.08608223643919477,-0.360466037195701,-0.7148678853307873,-0.6948314931423002,0.3130168001183384,0.11355532804881656,-0.1646532534486834,0.4375014273773331,-0.06859113748736247,0.09242788203526689,0.1301910569996781,0.6268817714098852,0.5393405063950191,0.6792423872083218,-0.33738407063619175,0.41409474186275114,0.16297341659506367,0.5537885896327732,,-0.04690211517619021,0.42341476509372544,0.38191525454653624,-0.7255524553715018,-0.1314371592357005,0.49347146774204087,0.5731204550551645,0.38557269705449165,0.46233470437498697,0.40305445020147673,0.5233027148929733,0.6848408561034286,0.255267221899268,0.31357000240363175,0.6176590911488948,0.08167518299775868,0.5595313933322704,0.4586117084956287,0.44628943903161256,-0.5125396348514851,-0.4784015977381994,-0.5800263022047444,0.35710856682575065,0.5769508272694114,0.24173558711536572,0.19311104290637815,0.6568938125922394,-0.07825556818259292,0.453190981272475,-0.21776808004581147,0.34142745057656243,0.4706213678114792,0.2570541228824624,0.4178671165970353,0.3923192905831892,0.30764632851037726,0.30466781701367945,0.5190040589667492,0.5806702282145869,0.22659294864015916,0.19000871938823094,0.31873670728156284,0.6538592099082984,-0.37436952202432383
LINKUSDT,0.8112412384151684,0.8385521902499622,0.0590422667833078,0.8273162094868121,0.9122314862578851,0.11791629486971915,0.8495803183602734,0.7072509026531895,0.8450541119129644,0.9396739716828348,0.9217126823729443,-0.017550595974563623,0.5468214083588898,0.8569206561203813,-0.2238045887032279,0.7807053924542903,0.849914617034785,-0.4331064699892813,0.0391293663149446,0.6158628691862839,1.0,0.4100179675147304,0.5781926723866767,0.7957114619168121,0.8335531346480911,-0.2599868656796345,0.8351520112644766,0.462799700729944,0.8281429235428324,0.9466586836649766,0.7594277869452493,0.876890238780011,0.9075490030854133,0.9218339219088905,-0.08648310631075341,0.06529971155176424,-0.2640347924273675,-0.35142204796924886,0.8516421158387841,0.5933398993694593,0.0541167605334109,0.8395480497594043,0.5805939811449269,-0.043728177577470446,0.2049420059405514,0.8243225117174744,0.6472110136835992,0.8877990228418327,-0.06919323368237411,0.915533484909791,0.6038334609685535,0.7082447963673167,,0.47272524714367786,0.3848410376791388,0.8618988591066028,-0.23097873984130307,0.5787488077675463,0.6019438292888809,0.19768224700297707,0.8462537937132686,0.9061815267531091,0.9016871157949835,0.9357570202598557,0.8987910665409081,0.793116120597615,0.6306197053776817,0.9809131380663946,0.5888966565613264,0.8895903305143155,0.945914310088676,0.4924187452491006,-0.4078821078875141,0.07744711901027994,-0.2222852337271116,0.8815738049388401,0.9254545301702574,0.3148280402034136,0.8353558390148582,0.7111758956506584,-0.5639415199370356,0.672818139154656,-0.7362051110820199,0.9100209855869466,0.915178741060301,0.1273461326586936,0.922702316010735,0.8561699176100163,0.8253029062043369,0.8916503501102204,0.844695052997003,0.6656100508259188,0.6440012668420362,0.8266563887522266,0.7318765165803844,0.8619104768707404,0.2629857528807185
