,BTCUSDT,ETHUSDT,USDTUSDT,XRPUSDT,BNBUSDT,SOLUSDT,USDCUSDT,TRXUSDT,STETHUSDT,DOGEUSDT,ADAUSDT,FIGR_HELOCUSDT,WBTUSDT,WSTETHUSDT,WBTCUSDT,BCHUSDT,WBETHUSDT,HYPEUSDT,LINKUSDT,USDSUSDT,BSC-USDUSDT,LEOUSDT,ZECUSDT,XLMUSDT,WETHUSDT,WEETHUSDT,XMRUSDT,USDEUSDT,CBBTCUSDT,LTCUSDT,AVAXUSDT,HBARUSDT,SUIUSDT,SHIBUSDT,DAIUSDT,WLFIUSDT,SUSDEUSDT,CROUSDT,TONUSDT,USDT0USDT,SUSDSUSDT,UNIUSDT,DOTUSDT,PYUSDUSDT,MNTUSDT,CCUSDT,TAOUSDT,AAVEUSDT,MUSDT,USD1USDT,BGBUSDT,NEARUSDT,OKBUSDT,BUIDLUSDT,ICPUSDT,ASTERUSDT,USDFUSDT,ETCUSDT,XAUTUSDT,PIUSDT,ENAUSDT,JITOSOLUSDT,PEPEUSDT,JLPUSDT,RAINUSDT,PUMPUSDT,APTUSDT,ONDOUSDT,KASUSDT,HTXUSDT,WLDUSDT,KCSUSDT,POLUSDT,PAXGUSDT,SYRUPUSDCUSDT,USDTBUSDT,BFUSDUSDT,RETHUSDT,ALGOUSDT,RLUSDUSDT,TRUMPUSDT,GTUSDT,HASHUSDT,WBNBUSDT,ARBUSDT,QNTUSDT,ATOMUSDT,USDGUSDT,BNSOLUSDT,FILUSDT,FLRUSDT,VETUSDT,USYCUSDT,SKYUSDT,KHYPEUSDT,RSETHUSDT,FBTCUSDT
BTCUSDT,1.0,0.7235046386452375,0.09971370922150301,0.6600658810481909,0.8584034797711948,0.7887538868059746,0.13972410404790617,0.7045565855999526,0.7332783129230227,0.6761785762943069,0.7966285307371966,0.5582253703034769,0.7047780173442714,0.7365753086553938,0.96028135592794,-0.16503259228345618,0.7265324561406737,0.7707500103031841,0.7829398973161958,0.2591476156053765,-0.08000513281872312,0.3992999343060984,0.5011949122901986,0.8375434315266009,0.7220740767900774,0.7317701368207767,0.3599660960560705,0.13533042257594483,0.9637935191017716,0.7071656163272855,0.7578843371942038,0.6880467234699479,0.38932003143016686,0.13300310058551565,0.32329133415922995,-0.3916265748444817,0.2444766608008487,0.7334963219026545,0.3412349537855177,0.10216912102290941,0.5836658154018884,0.47106209074679595,0.5228719487908993,0.28100475105974254,0.6582044432166131,0.5202680748550447,0.38175398679959993,0.7865625813193586,0.08116284291848447,0.30763058929844433,0.47622641056161846,0.49624017869902937,0.7202061119286524,,0.14909838103209255,-0.4349356878974389,-0.12208062601355717,0.2963362857089955,0.7678966638582863,0.5884606828017628,0.27153987001604757,0.7882216607131378,0.6135462989984074,0.8306247109055102,0.29015990763570815,0.5025842286315041,0.370815038691528,0.7151177658400764,0.632062611793851,0.7376084271134763,0.5826693277836272,0.6836716182384265,0.5785405954103522,0.7056103004304206,0.3261733754310545,-0.14105532725145706,-0.5316854053328622,0.7259487534485805,0.5385835355426588,0.47209480147569177,0.5068141828099285,0.8637350380179624,-0.6758421804460796,0.8511665637752777,0.5518278673235171,-0.1266462865618776,0.5471050663188749,0.3264704784773447,0.7902280634444195,0.4335974544310271,0.7003710333174236,0.7257126584209431,0.16228689569154373,0.827164544166751,0.7721443806580524,0.7428625192392313,0.9430984488196299
ETHUSDT,0.7235046386452375,1.0,-0.06731056100056154,0.9052968001753916,0.8411117593644118,0.9612373026271546,0.5140240024605496,0.42388555153381713,0.9993239350349651,0.8360915848510266,0.8903549061036293,0.25009196179325976,0.7931859457705001,0.9990253310628594,0.7123146017035498,-0.1391556199210549,0.999052538449786,0.6831850763131393,0.831529199746152,0.11477388576475697,0.0545489222415181,0.8672351860256121,0.08115904430316843,0.6572886942526093,0.9988872310720264,0.9984213273426932,0.16841926043628505,-0.15513825254484687,0.7375046328633782,0.8177638135517297,0.880893205828506,0.3309869530730216,0.8284528537975144,0.6135025100035882,-0.05587557797060834,-0.21895659060188905,0.03607339202065342,0.7014980448723636,0.7467467483364586,0.2522812671037573,0.06538122454107999,0.5713625644217184,0.6791286070935479,0.09846127933743694,0.5288311855228093,0.8227969442544995,0.21721453507386598,0.9452867492368375,0.03867391609950377,0.11436465706744134,0.40856546191131465,0.7084756005558822,0.7202212428712478,,0.4081845848530602,0.039364572970682986,-0.1991654730711994,0.7704586018949894,0.9328838751372933,0.37507445074937407,0.7414107552472915,0.9641095960538542,0.9448450871969478,0.9518174114531593,0.8089104954527977,0.8443560988306217,0.35989566530996514,0.848331712343089,0.7674200479633868,0.7797314728195329,0.751992512483052,0.4891355099735436,0.7118741819534113,0.9291618464740501,0.5707184077572193,-0.3782012683439596,-0.5409230820566576,0.9992016543537984,0.35428411119725883,0.07762363276313164,0.5955076619137122,0.7306676691375742,-0.35630437443754415,0.8410598234346282,0.9144135145912508,0.14971183840896152,0.47928161614387865,0.4526729845373378,0.967494075284797,0.5495485486510345,0.5694305628415625,0.9713925473888269,-0.008364510839949766,0.5306325583267144,0.6461205469338034,0.9986662369665472,0.7327518353487555
USDTUSDT,0.09971370922150301,-0.06731056100056154,1.0,0.06473221871771147,-0.31030905978061435,-0.15693037193555373,-0.495953715849108,-0.48898791728191116,-0.06092388085835203,-0.45220458231779687,-0.3293292753237874,0.6409279452618432,0.37680292837512236,-0.06784053667075488,0.15614716026972236,0.8286621445091359,-0.0881000430057951,-0.21904385268725463,-0.4262019313715394,0.5943182057702355,0.8648218362160132,0.18758680944287381,-0.5226256006505482,0.13117182412016054,-0.061364261948997176,-0.038163649628314075,0.157909999119312,0.8250985248167444,0.08541733629621308,-0.539860325144218,-0.20584019100845846,0.06688632147022246,-0.3930377466191968,-0.5679950125753795,0.5110743340671099,0.5160503360594826,0.849350873716431,-0.08475103440041504,-0.23821514376567038,0.7348951734347626,0.5501806842068383,-0.17685718672168238,-0.6051127402796499,0.37714895236512175,-0.4929650189844676,-0.2494937632531403,-0.4924746285902986,-0.08194192751260859,0.04401590052493321,0.7906359511915078,-0.34722506362638855,-0.719904877258867,-0.36839440495653475,,-0.6973779713512309,-0.035513302682016405,0.9394441426912027,0.23547343197040446,0.1687142973294581,-0.3109106616015541,-0.42834369032755293,-0.15899987154314413,-0.3793186471311472,-0.0937211155886429,0.16077544712516756,-0.2588350626070409,-0.826442039327691,-0.4804194278341213,0.03377134692199714,-0.4227298887455272,-0.6321658978467358,0.34194730034526255,-0.6503563337489952,0.2160812652124662,0.47407276083444666,0.696931143340528,0.5841799656086982,-0.04559528826335341,-0.416603508509293,0.5183741322751179,-0.6201988811956248,-0.24679630980635103,-0.5441348477003022,-0.3193812481174927,-0.4108095894885581,-0.43294959422526874,-0.7210309407331627,0.4040880828577157,-0.17484030027150296,-0.7949465519151211,0.07533002238812334,-0.22178574527071448,0.10681891570020735,-0.2948211676771863,-0.24305686697211426,-0.03818486022122356,0.3037990196717175
XRPUSDT,0.6600658810481909,0.9052968001753916,0.06473221871771147,1.0,0.6658298118879953,0.9008542236332565,0.18001183898065495,0.28334485487499295,0.9078224395976104,0.816290770945396,0.7692988810730008,0.16611724381896567,0.8312709635292849,0.909714249109436,0.6682724422294675,-0.13925121794158615,0.9019767916281385,0.6254639827870969,0.7344185958494761,0.24545388445150726,0.06096570414475042,0.7804726400378963,0.09225573814792244,0.8000295393460413,0.9016753414776343,0.9102652122867279,0.20045143719586686,-0.16160913827467416,0.6683204555560988,0.6889547575277867,0.6430843105941453,0.5380018488722665,0.8129943095183899,0.5674300086504405,0.20377890238096602,-0.19440917529513016,0.0482347794722913,0.820022884709006,0.43742206624925367,0.22994320021478667,0.037735292358985796,0.48176117550146724,0.47691412665433286,0.25781221699846507,0.38935356495330564,0.8684567650891271,0.2823818158694055,0.8964493756084567,0.007981366997253657,0.24043223821014204,0.26515302157275383,0.5405034067804682,0.5604794499864924,,0.3687947211835895,0.12353860673473673,-0.08067412446197553,0.821532310134631,0.9063961019521414,0.09617164191617321,0.6825347159709348,0.9042667759667299,0.8340092894334973,0.906965239217219,0.832196340483179,0.61702996541737,0.28737424100001696,0.7656847787907938,0.5937198925244046,0.5802048386157103,0.5998793927839509,0.3841389871307325,0.5810090993416926,0.8467939880404632,0.4250052727163612,-0.38369684949737853,-0.1993316541375509,0.9092779401471502,0.46547890739170444,0.26098130584266627,0.455871515649051,0.502817864058552,-0.2846113699521755,0.6638051272941168,0.8245822897781977,0.18842507846903445,0.2916732780917724,0.3590647583236702,0.8941049050398282,0.39849877989563326,0.5999716022090371,0.896016467341564,0.0888341624209059,0.3859592399953221,0.5891471037201992,0.9024321764744673,0.7163950995491826
BNBUSDT,0.8584034797711948,0.8411117593644118,-0.31030905978061435,0.6658298118879953,1.0,0.8784572454832876,0.5377117533307814,0.7731370365718102,0.8442474663148458,0.858438647895741,0.9416419386461631,0.283191254906414,0.5418682791263497,0.8486397195059329,0.8222196525900646,-0.3791746670997159,0.850771053859142,0.7560695645261748,0.9485349848205233,-0.07470934208675986,-0.31789601807893164,0.5075895112292612,0.5124930973853874,0.6711815372044854,0.8415606647131856,0.8337369326796087,0.3231859369548428,-0.2542958976875848,0.8688023757867608,0.9348056962364347,0.9072573135619989,0.4854317242850706,0.6099174265626662,0.4460811019106082,-0.07272847683734185,-0.4912698326001557,-0.08291254486753252,0.705499218996665,0.6359496957701495,-0.09611311751329697,0.2654414068638193,0.5043128562709224,0.8080170406268377,-0.02110560593104014,0.8488180387642131,0.6376903073560013,0.42844316041424624,0.8792979314814766,0.05299790862442906,-0.1001361158387022,0.6810903122506516,0.8259540088433581,0.9198455630813022,,0.39461505681307424,-0.3621840530872159,-0.4801209429572238,0.3221850984827901,0.7384426468136656,0.7428100927815147,0.5332650066135858,0.8803632046296884,0.8570339487700918,0.8811842256483432,0.37226041589777353,0.7311238974146231,0.6364393917970936,0.9075913880197504,0.6832123435607605,0.926971992770664,0.8925172972721019,0.4985605139277383,0.8763286670990736,0.7061879758991279,0.32490240714704255,-0.47732528136397434,-0.8219472478079032,0.8344357065773161,0.5514706215682815,0.06959857287839591,0.7901890663216633,0.9627333303407526,-0.43100575105407835,0.9991683554604739,0.8017113712236278,0.08750786983487827,0.8125387264003886,0.23304209736030346,0.8937759786121902,0.7323422039915163,0.590195700028864,0.8734792225566661,-0.058538578631424,0.8278984571967867,0.7531081161776427,0.843510009526488,0.7556175898824191
SOLUSDT,0.7887538868059746,0.9612373026271546,-0.15693037193555373,0.9008542236332565,0.8784572454832876,1.0,0.3878425851140176,0.5765192111449279,0.9630928416877893,0.9141074751439233,0.9196224183251286,0.1703396925828152,0.7881704689739599,0.9640419045316693,0.7778179607945659,-0.3398666343712216,0.9641206754045114,0.8050237608244994,0.9113313314130922,0.11343123648787118,-0.12124060345834561,0.724712657254006,0.29762430560731207,0.7715906468756445,0.9567793187529957,0.9592836149674239,0.15442503113323355,-0.17644982014226318,0.7964310517566626,0.8759112236976815,0.886731868185696,0.49287381911294986,0.8458369845975401,0.6526888470836434,0.018842907460996493,-0.31047479393904814,-0.020393751641959532,0.8058726899429903,0.6151350053130741,0.08614198298846888,0.05792544927667905,0.6082729501528209,0.687903777087489,0.1921198730651078,0.6042200097271725,0.8341781014375304,0.4423197159347878,0.9406564467822989,0.03540895475478559,0.0994667987372027,0.4034942251398877,0.7514494596492256,0.7364270705344405,,0.5311897637464188,-0.017434504672172647,-0.3251816648470106,0.67013475096679,0.9107919543684788,0.4023348254395331,0.7653682467026988,0.9918410689042948,0.9303189318849007,0.984833298962584,0.6919496899924736,0.7679501823006037,0.4806082796095079,0.9284700032109886,0.7768143670223547,0.8089125944051675,0.7859817577284879,0.5219767700320268,0.750112174958629,0.8515522203750812,0.37847096467879393,-0.38079995355548424,-0.5604928148210901,0.9577942676244751,0.5649270937234739,0.1960242731233154,0.6053370713899031,0.7804449363557466,-0.3029085405389913,0.8765211183869196,0.899638411064077,0.23097172329091473,0.5584708087150007,0.3305876841117579,0.9922563987190456,0.6540757434553441,0.6546496245423414,0.9638262674485115,0.13041039132221346,0.663131226074397,0.7843314683331543,0.9623136193657246,0.779520057302694
USDCUSDT,0.13972410404790617,0.5140240024605496,-0.495953715849108,0.18001183898065495,0.5377117533307814,0.3878425851140176,1.0,0.2784274924959378,0.5063972359583775,0.36565200623627564,0.5488348140645818,0.04049797771672944,0.05144433405628251,0.5065588605597893,0.0890650101977928,-0.08927849079445185,0.5219255633594124,0.19274543794061927,0.42362089890810734,-0.3333801253792431,-0.10955666697393718,0.5139893023050137,-0.09492250539387485,-0.20679566686868267,0.5201691080127484,0.49759629161263186,-0.07319230170630348,-0.433324674892252,0.17017030804897246,0.5727754108446683,0.5880186066402217,-0.42687283683132343,0.44453279249095273,0.4074679070724323,-0.5989166036634777,-0.27751761939022884,-0.3817308105219571,-0.06276786802874407,0.9049066826424446,0.06058212710345142,-0.16000307724806345,0.3507580935924118,0.7561404673060435,-0.4652002574286935,0.4054746678672168,0.366130596738653,-0.20095377016532906,0.38600435998748356,0.03874225819926839,-0.41926683697981015,0.43494237153223764,0.6985806430131072,0.5330432725289941,,0.2926901144137865,0.07679993979390731,-0.4084046011940575,0.2605603589672891,0.2876866650591639,0.4762028351797903,0.42146905617186475,0.3935868758906588,0.6332042094900813,0.33446896376289403,0.3694608202884594,0.7932146243008937,0.4284557667004801,0.4455161598477252,0.32251335774579676,0.6357759781713479,0.6480587275308273,0.020701833640910928,0.6348984054731334,0.4271743597465477,0.42756245141493937,-0.49578622832470387,-0.7730395291534241,0.507016742440583,-0.19507169376437283,-0.6154680063962195,0.6750187702193009,0.48722175423876984,-0.05345120811474831,0.5465544724059875,0.6317766472524889,-0.01782574628481481,0.5951517337225408,0.31223085954006297,0.42115070024785284,0.5523450826449676,-0.03867222156699996,0.5262674898760678,-0.3755712064947645,0.24954243646071284,0.15832750024153983,0.49818939772026105,0.023194556245385505
TRXUSDT,0.7045565855999526,0.42388555153381713,-0.48898791728191116,0.28334485487499295,0.7731370365718102,0.5765192111449279,0.2784274924959378,1.0,0.4329209028019253,0.6342562092255674,0.756818651689578,0.18336573698983996,0.30894500473187947,0.4395145870675382,0.6752612081954389,-0.6710067071503135,0.44006277523785486,0.841860507609233,0.7458365774972836,0.03592248219139464,-0.6014155773849005,-0.04479240043719998,0.8415819551824303,0.5121243049926552,0.41330756017671694,0.4209608726883576,-0.04031326248547435,-0.19594835338895722,0.70311950563699,0.7852964368483331,0.6280124196383479,0.4757404199476794,0.3817082184703606,0.23476468740730697,0.1410837736306217,-0.7533180662174939,-0.34732418724906206,0.45964279239980466,0.26879845713241235,-0.34801341547232145,0.29753310325742993,0.6174697004729947,0.751800981986362,0.17559452212966617,0.6856771907310123,0.4583982141970872,0.5979924470265761,0.44408209103239416,0.08308385501437124,-0.051705198237799656,0.36802719151714763,0.733449977315794,0.6006383214362059,,0.5446435883717171,-0.2961735870839832,-0.5988605211436511,-0.10015330633035477,0.38927993163985414,0.5888688992720286,0.2662683439387397,0.5747616864849696,0.5158714603347588,0.5816719808026766,-0.0922103630312613,0.47438766754742234,0.8093018569761635,0.7297905379873681,0.3624765192205315,0.8032619156041806,0.66457301384372,0.4230192886808016,0.7032194004898442,0.30448572038725047,-0.21130926606108272,-0.3251299402117109,-0.7621505314739864,0.41537883391617475,0.6405583096337096,0.24587249022217525,0.6855880400852704,0.7927092811228261,-0.2829272681270458,0.7665181168374556,0.5078867150618431,-0.06924743899427706,0.8676247658936603,0.07811880158148293,0.5840501611866094,0.8137015643636077,0.5084168584248137,0.5489526498016692,0.3487095103765984,0.9663015647994884,0.8672348229455668,0.4326903671975428,0.5623624693982583
STETHUSDT,0.7332783129230227,0.9993239350349651,-0.06092388085835203,0.9078224395976104,0.8442474663148458,0.9630928416877893,0.5063972359583775,0.4329209028019253,1.0,0.8361179492070326,0.8949866943748286,0.26271567852647104,0.8007834517034021,0.9994786474921651,0.7226828393265979,-0.138721522169601,0.9989970191814006,0.69232109183531,0.8327897941225582,0.12773053583086544,0.054915042649720164,0.8624511961912071,0.08986144450275953,0.6661048036798883,0.9986282233011368,0.9989418674278405,0.16673385661121803,-0.1480077343690199,0.7470271146254677,0.8195365868511252,0.8800047909817617,0.3409855837903673,0.8253182719598942,0.6032739259116208,-0.038805967090994146,-0.22952510134514784,0.03746966033745391,0.704757250776808,0.7405309601171371,0.25588352407319265,0.08046936456908305,0.5792190902637372,0.6813333125029791,0.10919327688855461,0.5289193247555866,0.826561127193536,0.21792620840449628,0.9454681990771385,0.040845994344903075,0.12726238212556162,0.40511847236231163,0.7073274749731334,0.7193192564901976,,0.40557699342623943,0.03635122079665767,-0.19368237990047735,0.7685368280780753,0.9371159339677373,0.3739605192205505,0.7329015071537264,0.9659598203964315,0.942776579647257,0.955023600128984,0.805694407931489,0.8437478464076946,0.36319008033327177,0.8489732227035055,0.763991565550166,0.7833535204614036,0.7494567145822354,0.49642552144263064,0.7114824007969114,0.9323946777364873,0.5678228145000677,-0.3751250285628331,-0.5395031007181813,0.9994759684899638,0.35786137949820146,0.09157740293697883,0.5977595944035164,0.7340368063696286,-0.3683795831566691,0.8438709043918671,0.9130423876533457,0.13637840117732117,0.4823628999167995,0.4593234000876005,0.9690894361444388,0.549527383398876,0.5767335369250479,0.9729909988903355,0.002098108256325056,0.5406588811903071,0.6553135699251105,0.999126098435758,0.7430339541715304
DOGEUSDT,0.6761785762943069,0.8360915848510266,-0.45220458231779687,0.816290770945396,0.858438647895741,0.9141074751439233,0.36565200623627564,0.6342562092255674,0.8361179492070326,1.0,0.8821329442412277,-0.12420245956996173,0.5295805573874115,0.8414858208079831,0.6483592655713766,-0.6061866652700857,0.8458673632364905,0.7279233367174065,0.9642282749900787,-0.14288440654907475,-0.46951659349284486,0.5142406603820727,0.5106612340029949,0.7473157452873828,0.831368681201304,0.8235464114339761,0.24577554286939166,-0.4983986615349678,0.6854370521843366,0.9343329744008246,0.7662009467715972,0.5830823155444528,0.8411797347990622,0.747965084690657,-0.08339653654209186,-0.43801065708353615,-0.27801104377195934,0.8641810851503087,0.46772978308059854,-0.2723477716041951,-0.12778658126754433,0.46137268500781065,0.7216327166238661,0.034948497927774956,0.7575899699985881,0.8025010841699729,0.6441660082191566,0.8912884741545128,-0.012528636360749704,-0.21822122705802482,0.5527458246849979,0.8538060890668266,0.8095535090904835,,0.6458599490641761,-0.10551736628358785,-0.6159260992140296,0.47260957976420104,0.7182604609443496,0.4475696100082864,0.7842751069975349,0.916304402693769,0.9160165408336233,0.8982568053335095,0.5144664866990862,0.6223726596890526,0.7032602128141078,0.9816486816401333,0.6112612473891726,0.7897020826191681,0.9079376657941075,0.2791200890371849,0.8860382423475325,0.6150989341874877,0.10837145552430504,-0.6418886540040253,-0.5824270611592841,0.8254410816755882,0.7590393623751857,0.045148745693137926,0.7286499868738083,0.7330978907700847,-0.06058237230316096,0.8608441224423661,0.8909834269649446,0.42846916996715073,0.7076360940144247,0.022974649358081096,0.9182003815122919,0.7902192330231771,0.5793721648127375,0.8987697676924469,0.012324863149440526,0.6402820421747124,0.7253182198265733,0.8244645283709847,0.5969525894133503
ADAUSDT,0.7966285307371966,0.8903549061036293,-0.3293292753237874,0.7692988810730008,0.9416419386461631,0.9196224183251286,0.5488348140645818,0.756818651689578,0.8949866943748286,0.8821329442412277,1.0,0.26025499355499354,0.6622433013123732,0.8998775289802987,0.7720004128673049,-0.40681873036369937,0.8986803050307979,0.8442691461797746,0.9153971196478787,0.09208024828156243,-0.2763337191930135,0.5832410978025844,0.44433674806636875,0.6569827636031569,0.885101688459513,0.8886037647376592,0.07744648141714108,-0.30345185773133476,0.8105153873295137,0.9621335739082864,0.857075611188826,0.4211411639484234,0.7705911315336855,0.5170516588509864,0.0458764586478051,-0.6028983456408104,-0.25445254281927804,0.6697006256553987,0.6651030737212392,0.010258302584247527,0.18199939745677407,0.7075883720155691,0.893382968179226,0.10263321930023328,0.6878420656981945,0.8445647365710127,0.35925251735746977,0.853837571134683,0.06713183241647613,0.020216060084263063,0.47138274844229655,0.8834320883794944,0.7873131971284583,,0.5364658422169161,-0.06695169489721768,-0.4367173140924267,0.49900162367434114,0.813559020691436,0.49906056914328495,0.6100867374829514,0.9229154509597074,0.9238632299689054,0.9137099032475403,0.5425453134317512,0.8440818366489228,0.6989976697521904,0.9275598145110747,0.5989692730215621,0.9408716153854207,0.865956030191752,0.45249363085183836,0.8785375682068473,0.787509797327389,0.2907105417635978,-0.533007343908614,-0.7330233602391678,0.8878742365648151,0.5011172501666863,0.10335594623299699,0.8278175387901212,0.8420791183935271,-0.3765559191474996,0.9392626366799608,0.9159430090195041,0.0011224341269896148,0.7913549444291139,0.38041211554573906,0.9303582553572682,0.7893208723535866,0.5916533145752764,0.9536340490429428,0.11013190844009366,0.7960422372892396,0.8233423480017429,0.8895372496475984,0.7232314932964303
FIGR_HELOCUSDT,0.5582253703034769,0.25009196179325976,0.6409279452618432,0.16611724381896567,0.283191254906414,0.1703396925828152,0.04049797771672944,0.18336573698983996,0.26271567852647104,-0.12420245956996173,0.26025499355499354,1.0,0.5016256253817304,0.2621709510697799,0.5792288851625041,0.5921980442470403,0.24114504385269445,0.250200529128138,0.02400081592840959,0.5890322151228452,0.5548305668498436,0.24890831345089054,-0.08857281473760163,0.25641712280936313,0.2545514804912906,0.2783822558489944,0.13167180321599972,0.6187816515718225,0.5572939359854691,0.03250079833100124,0.24419446320108606,0.13392806746905478,-0.22387609062025005,-0.5876429542202063,0.5185696898803769,-0.14217362376450074,0.5145035334603673,-0.0029717212530798215,0.2060592024444169,0.6598890205156123,0.9215211600221156,0.2857161195307084,0.10877917167009063,0.275688095372939,0.006116393933639959,0.058559484651255295,-0.45546643114784885,0.19835038363135693,0.13964165471022222,0.7016553038485387,0.03237613584224717,-0.13377796842348688,0.1281627856726354,,-0.5058488407557538,-0.26620885100981534,0.5930161214607603,0.1481018567872235,0.4124585814535419,0.2140208095743724,-0.41516147711521684,0.17166992238013176,0.018138994617289187,0.23517249800945178,0.12387865890802321,0.2658864793071005,-0.2323103171823729,-0.057447608269917155,0.15672471696623988,0.2503285743965185,-0.11229612240444925,0.568060249801254,-0.07053187116867154,0.5095007562814952,0.5533074296197701,0.3377048569822653,-0.11800619641118812,0.2710618756534499,-0.30698404165080806,0.44767308219715596,0.06618756539264323,0.35072613296256155,-0.9290170231338056,0.2719308605359066,-0.007884991475302413,-0.8038853655055415,0.010139570217129168,0.6801383064273787,0.17420455391087078,-0.24375430245516697,0.27952328408798766,0.18826472538263886,0.10982862580389632,0.35065820966505357,0.222056832836251,0.28247349849897313,0.6269981301492619
WBTUSDT,0.7047780173442714,0.7931859457705001,0.37680292837512236,0.8312709635292849,0.5418682791263497,0.7881704689739599,0.05144433405628251,0.30894500473187947,0.8007834517034021,0.5295805573874115,0.6622433013123732,0.5016256253817304,1.0,0.797264917749921,0.7378370946198115,0.07799451622372942,0.7842004685354832,0.7284534604437003,0.5178423516735676,0.6116624100175752,0.37901179504190086,0.7162587747835422,-0.018823055160349635,0.7073981672973134,0.7851286047747686,0.8135999977403723,-0.09029035161821143,0.33989526666033637,0.7028215183960889,0.480484867139769,0.6366870945525167,0.3902192519126945,0.6250652895860872,0.28840913021520775,0.41933732293120535,-0.11338671663984327,0.2990614854538313,0.5714277224531839,0.41059127408315726,0.5529087604252981,0.3128205212023548,0.6783146996618267,0.34822345130597004,0.5481085880286355,0.09425550234552099,0.7237849043956898,0.10438430258199442,0.6842957457793912,0.08486982059335754,0.6686922554433957,-0.09172813417695883,0.3042903002504525,0.2763813513761798,,0.2523672217095697,0.2218447942351545,0.25094150874195686,0.7895358990375682,0.9193563665679616,-0.011038147867635652,0.4713639625836443,0.7872135894493945,0.6091240836007279,0.8097201816563376,0.7490353588436196,0.6197697086973867,0.038072375975004964,0.5514408611943235,0.644708585099966,0.49969081426500395,0.2763691248022388,0.6705219019267683,0.2601388359918065,0.8915478137813795,0.4883230788343845,0.10282696187467323,-0.13958149692103256,0.8047421361178595,0.23594717309287327,0.5467659918818744,0.18329156429904428,0.47000171633529597,-0.5226758311378222,0.5307581516040756,0.6078273289885533,-0.14584807132074634,0.09449256685159256,0.6455541890872196,0.7742376095437158,0.22094587826264417,0.629113565734361,0.74297032162397,0.44279058740469335,0.4746239224809286,0.6886282125845549,0.8122533200822525,0.8294752312850877
WSTETHUSDT,0.7365753086553938,0.9990253310628594,-0.06784053667075488,0.909714249109436,0.8486397195059329,0.9640419045316693,0.5065588605597893,0.4395145870675382,0.9994786474921651,0.8414858208079831,0.8998775289802987,0.2621709510697799,0.797264917749921,1.0,0.7295481155056749,-0.14496166062638088,0.9989318605491614,0.6941640769545633,0.8376457235582789,0.12500591242548217,0.04416080663288698,0.8572302073064938,0.10017827659221244,0.6707549006689447,0.9983166979113706,0.9985759699105912,0.17213214701563134,-0.1586006086371923,0.7505024130385817,0.8256907842905249,0.8773778475682408,0.34919359912637576,0.8253988592230539,0.6011585951993997,-0.03390918305516503,-0.24183032150240732,0.02819094900000434,0.709803048808201,0.7366519265522713,0.2476954269330798,0.08400619371287413,0.5788488644640153,0.6876589606013966,0.10633771010442915,0.5371143910463405,0.8308875130470168,0.22148530152477486,0.9479112995738108,0.04060905965183539,0.12208515784719155,0.41285414491768013,0.7133610882562583,0.725671218031734,,0.4062454468001667,0.03085264953799089,-0.20054335895486766,0.7638631715830738,0.9358149356114961,0.37704492790657373,0.7294389741914572,0.9670497873072932,0.9453459649695778,0.9563989387738018,0.8018329830729748,0.8425577802903933,0.37427691349082814,0.8532285030018962,0.7563393009899393,0.7879612728984753,0.7561723929046478,0.49122270696619796,0.7201996061187637,0.9301345920247679,0.5618282087656381,-0.3876343026193069,-0.5417803542567478,0.9991843882763846,0.36447667933862277,0.0908301815003361,0.6084120699934451,0.7364331907207232,-0.3697169691991085,0.8483069533200139,0.9161777326958809,0.13359076141719026,0.49196849020535055,0.4552898365597272,0.9702068573992405,0.5550894160396387,0.5781160299198482,0.9757306522512651,-0.001462005633644442,0.5452366930394579,0.657377447464541,0.9985310646292146,0.743843652103679
WBTCUSDT,0.96028135592794,0.7123146017035498,0.15614716026972236,0.6682724422294675,0.8222196525900646,0.7778179607945659,0.0890650101977928,0.6752612081954389,0.7226828393265979,0.6483592655713766,0.7720004128673049,0.5792288851625041,0.7378370946198115,0.7295481155056749,1.0,-0.13332939337276908,0.7139935563280091,0.7713075511715265,0.7489079106698222,0.3157509081699003,-0.03176048708169217,0.40245065893036724,0.47235780381425624,0.8471546618206922,0.7101297725870614,0.7229371824627431,0.33272303850333157,0.18683043900329416,0.9557260676688839,0.6691926165602103,0.7321354954471446,0.6926949317279304,0.38111213010782474,0.11099772104084145,0.37234153389339025,-0.36663115463119184,0.27794622465400676,0.7266165048490179,0.3101659969896957,0.14605842563636545,0.5975507280072712,0.48141091405554887,0.48185225993754593,0.3314518780237262,0.602694316096162,0.5206618175588285,0.36448958196077325,0.767612883584793,0.08421733392124107,0.3715585790390409,0.41689041705790486,0.45030790470171134,0.6693676161162804,,0.1339686334396575,-0.40029968952355127,-0.06497728258041861,0.3211528822668417,0.7775275469633962,0.5327941587078527,0.2567227907696634,0.7769685103048821,0.5859627885304854,0.8224114356293631,0.30651855347395046,0.48302122710755074,0.3257020460825261,0.6851135600715745,0.6248266913459234,0.7019059627070777,0.5305823434390395,0.7004340990095859,0.5273676753497182,0.7129149666833509,0.3292562880385802,-0.09131138871228779,-0.4757475272863097,0.7161983751996126,0.5225150860052538,0.5205861197601435,0.45662411569213146,0.8270262632208365,-0.6878697433638863,0.813928423928008,0.5278538901231229,-0.1482323296548645,0.4922780513404097,0.3522432221761763,0.7767426159069665,0.3915982207159114,0.7074447053994704,0.709346730296999,0.20707922630493944,0.8064127284235697,0.7709597069081587,0.7333820200571717,0.9535660335930665
BCHUSDT,-0.16503259228345618,-0.1391556199210549,0.8286621445091359,-0.13925121794158615,-0.3791746670997159,-0.3398666343712216,-0.08927849079445185,-0.6710067071503135,-0.138721522169601,-0.6061866652700857,-0.40681873036369937,0.5921980442470403,0.07799451622372942,-0.14496166062638088,-0.13332939337276908,1.0,-0.1581241690179641,-0.5278449343341088,-0.5688024802018493,0.3282377236188352,0.8965774521140811,0.25231233932516217,-0.7749469102770042,-0.2838508574706677,-0.12508954945219736,-0.1189624169997703,0.16058826306101462,0.5904022498832716,-0.16188375042019132,-0.5889222461709198,-0.27645538307557443,-0.35685746463425777,-0.4826177663423598,-0.6081236572817973,0.16112111796429537,0.5252118669012342,0.6629866287886675,-0.4112879152112145,0.023877071036790484,0.7649920835417894,0.4270678392045357,-0.3124148129654389,-0.48824194294218287,-0.0269824171698036,-0.5026008583397885,-0.3607534077110499,-0.8559601058468799,-0.1970527998338464,0.03669975984015189,0.4855691605241103,-0.2020437835751346,-0.655374693100356,-0.3348286620471604,,-0.8301925837371866,0.002536034140377964,0.8868543019569533,0.17201379331001623,-0.02177210962588338,-0.23177029660808843,-0.50823257126153,-0.3371840697828194,-0.37663702234405033,-0.30147610181840573,0.1609226545024161,-0.13981796704377786,-0.8223443848680264,-0.6238216554906688,-0.14045631530747182,-0.428647573517876,-0.5739326521339898,0.07358272383135231,-0.5834762135583862,0.1385782875495694,0.6368668136064587,0.4911816456259821,0.44359393666280283,-0.11832660923144676,-0.791747580307664,0.039242451191012245,-0.46783222008818953,-0.3333798742508227,-0.4603197884714399,-0.38039538407305823,-0.39884358204429493,-0.5250848038558372,-0.6540558182399556,0.4404380918695981,-0.33828629601702803,-0.8170037240449536,-0.23902478954235343,-0.29562832774954956,-0.287324469846396,-0.5227886326365719,-0.569676383056477,-0.12351107123613986,-0.014915247298313391
WBETHUSDT,0.7265324561406737,0.999052538449786,-0.0881000430057951,0.9019767916281385,0.850771053859142,0.9641206754045114,0.5219255633594124,0.44006277523785486,0.9989970191814006,0.8458673632364905,0.8986803050307979,0.24114504385269445,0.7842004685354832,0.9989318605491614,0.7139935563280091,-0.1581241690179641,1.0,0.6876146146172717,0.8424897423969762,0.10275870726695864,0.03266151296975457,0.8579736889261131,0.09950189723961309,0.6580787397697025,0.9984524540030849,0.9975460577728732,0.16933477964649002,-0.1709756417992396,0.7406921024992886,0.8305395648020762,0.8855589480915625,0.33538668937332194,0.8321235139016978,0.6199466866092042,-0.06241727162919001,-0.23438731090579223,0.019530936890253633,0.7052873546598637,0.7482707046690998,0.23364680032743948,0.061373566676344214,0.5743815747686937,0.6926830759294198,0.0913873876060364,0.5441144670338609,0.8255956117956872,0.23044196261820393,0.9471860304597687,0.03836313764439015,0.09850674030511705,0.41994385877504264,0.7236625405706886,0.7312424355699612,,0.42006000848608754,0.03210764839076201,-0.2200860578686715,0.7592395785385747,0.9283396882510223,0.3871511784872658,0.7450246385386513,0.9670206315695943,0.9508646709690757,0.9540393936988573,0.7990565914878858,0.8471925361920793,0.38012209460639096,0.8590880975874065,0.7656034744984658,0.7908677252822931,0.7662406111390518,0.484605348888414,0.7271134968593815,0.9229324255497842,0.5581759207132675,-0.3927061675482665,-0.5558908369623027,0.9984279417189936,0.3667344359216774,0.07073246890609397,0.6108164604629108,0.7402504365744234,-0.35007956604155044,0.8508444808984943,0.9205579899013224,0.15511379897363406,0.4985900615059997,0.44253275673214676,0.9708015786099644,0.5670829282105946,0.570429942363686,0.9750589772575154,-0.010102329740157899,0.5427665018502978,0.6541123851792027,0.9979363476064798,0.7303587261632847
HYPEUSDT,0.7707500103031841,0.6831850763131393,-0.21904385268725463,0.6254639827870969,0.7560695645261748,0.8050237608244994,0.19274543794061927,0.841860507609233,0.69232109183531,0.7279233367174065,0.8442691461797746,0.250200529128138,0.7284534604437003,0.6941640769545633,0.7713075511715265,-0.5278449343341088,0.6876146146172717,1.0,0.7686925009642658,0.3456511118716677,-0.2652671702777698,0.3222120971120881,0.5698352272936784,0.6876236388217007,0.668124995911501,0.6904739186416895,-0.21389814235289803,0.002783599102598331,0.7675318307761817,0.786606747951454,0.7402003691703712,0.488641214211971,0.6721980298855,0.4234086767783099,0.28800552756493014,-0.5719489931176401,-0.1765734664372041,0.5974761255807379,0.3766546846995489,0.0020979857341710544,0.21693511657176273,0.8358368401747643,0.6965945497412234,0.4541509821310194,0.4481817052103761,0.7362302293554827,0.5380903500679954,0.6133612734744193,0.09086736106812704,0.2924843874636332,0.09034826533343934,0.6874425406930144,0.4721920256052076,,0.6485130407025738,0.05387860986170831,-0.34151736969392127,0.37397440865336284,0.7229246624196642,0.2921260320986837,0.5252023585848498,0.8023315111767846,0.6772511769537127,0.807674406538033,0.3510149968621697,0.6503871604854685,0.6105405346056275,0.8060142434331066,0.581894468400072,0.7834129893714354,0.5846888566269284,0.5979380596407591,0.5995264925423271,0.63233671499185,0.009264613294509732,-0.16444251723166198,-0.5618115703972912,0.6812770169520233,0.6035212657617018,0.4462066017748603,0.5282611881446415,0.718540018956379,-0.3222722418536818,0.7453053517697269,0.6876605893771879,-0.03149664008113499,0.6223907196693294,0.3539655794000427,0.799129528068665,0.7328064931997246,0.6627018067877083,0.7550096705092322,0.5767604026073053,0.8855154788398982,0.9885960437574975,0.6965325051029355,0.7441256283953765
LINKUSDT,0.7829398973161958,0.831529199746152,-0.4262019313715394,0.7344185958494761,0.9485349848205233,0.9113313314130922,0.42362089890810734,0.7458365774972836,0.8327897941225582,0.9642282749900787,0.9153971196478787,0.02400081592840959,0.5178423516735676,0.8376457235582789,0.7489079106698222,-0.5688024802018493,0.8424897423969762,0.7686925009642658,1.0,-0.14963065733139036,-0.4604881323085707,0.47234126319858954,0.5778311343215308,0.7408756092986281,0.8287868401287911,0.8194178447236231,0.3027060856819419,-0.3920939063627193,0.7906022483236035,0.9570407402303172,0.8574038331994863,0.5803520394808755,0.7357907169405132,0.6386626104851431,-0.10080839823262307,-0.4623848893501139,-0.1850975208103544,0.8275791297199702,0.5222416061766268,-0.259922018816452,0.036901731548980334,0.4686500926132326,0.7597912491125834,0.011200776171146579,0.8477503582873922,0.7054059541894371,0.6304346749389177,0.8951285777528925,0.01191363383171287,-0.200456093071374,0.6409382181316944,0.8591339581913668,0.8892484434873925,,0.5670855507909747,-0.27110080278598947,-0.6121739637585616,0.35882405353776675,0.7151806088489284,0.6315920735406947,0.6922867821528406,0.9124626492529161,0.8894008909026511,0.9034301386772676,0.4018519499111494,0.6486693821152729,0.7021491547294906,0.9807857249775372,0.6802026628202562,0.8670189347802923,0.9264596850603287,0.3973877693086088,0.9000066368824474,0.6277482342563282,0.1607643275760316,-0.5596471515783419,-0.7255267196608265,0.8204352025945294,0.7352941388812678,0.0705330464541605,0.7550969951343327,0.8772855002260355,-0.20449308030471736,0.9499827091506158,0.8427517091713543,0.3318612171519707,0.7858391635410067,0.05995004078192724,0.9200212264977679,0.8007255649715097,0.6086987927646674,0.8823989772493591,-0.003989662066064385,0.7698994723074154,0.7732565216397698,0.8268744572070817,0.6821704570441549
USDSUSDT,0.2591476156053765,0.11477388576475697,0.5943182057702355,0.24545388445150726,-0.07470934208675986,0.11343123648787118,-0.3333801253792431,0.03592248219139464,0.12773053583086544,-0.14288440654907475,0.09208024828156243,0.5890322151228452,0.6116624100175752,0.12500591242548217,0.3157509081699003,0.3282377236188352,0.10275870726695864,0.3456511118716677,-0.14963065733139036,1.0,0.5161357443723733,0.15213251590556498,-0.14046949565537753,0.25978056082649725,0.1036262183025994,0.14886429511932125,-0.37987941492724436,0.6000065886134052,0.2485024872261071,-0.12327151640629574,-0.025489918990741756,0.12873365566061168,0.029485071062071756,-0.32091952856202366,0.7206621751372198,-0.09269275268794805,0.27457410693383055,-0.008696906593403976,-0.0995900078171238,0.6237126006214957,0.4803017075017095,0.482673213450834,-0.07528124237845235,0.6560397508808381,-0.4369979999690376,0.2598104182608049,-0.24779538838016327,-0.02396372326776291,0.11381467894786888,0.8811985671943179,-0.5654747686043701,-0.23896053109529292,-0.35263412127755306,,-0.10159331333406489,0.337486415725172,0.6068774552601103,0.35347863002482277,0.3637647839325839,-0.42781218005104316,-0.18411823275720873,0.11180277362839085,-0.07737267720894503,0.15549948720026519,0.2695392688631717,0.12229617936406853,-0.24640710603021207,-0.11270389145337056,0.010073239278348545,-0.020675828743475667,-0.3636040360900733,0.42043317517521334,-0.3098691067763084,0.37050201453152476,0.1601329514229171,0.4481995530698994,0.3128354593048337,0.1360587903892735,-0.16346338328791662,0.6532330893498478,-0.2223541412275985,-0.08881901446523688,-0.48185400507495113,-0.0912450817329711,-0.02391143949351763,-0.5809023048921969,-0.27962788499670194,0.6028035344608536,0.09237562044962906,-0.22671817913864417,0.2660216770934923,0.09821627091177061,0.6214777459173244,0.15178476774767985,0.31328432028714337,0.14166348666989875,0.4177527013216278
