,BTCUSDT,ETHUSDT,USDTUSDT,XRPUSDT,BNBUSDT,SOLUSDT,USDCUSDT,TRXUSDT,STETHUSDT,DOGEUSDT,ADAUSDT,FIGR_HELOCUSDT,WBTUSDT,WSTETHUSDT,WBTCUSDT,BCHUSDT,WBETHUSDT,USDSUSDT,HYPEUSDT,LINKUSDT,BSC-USDUSDT,LEOUSDT,ZECUSDT,XLMUSDT,WETHUSDT,WEETHUSDT,XMRUSDT,USDEUSDT,LTCUSDT,CBBTCUSDT,HBARUSDT,AVAXUSDT,SUIUSDT,SHIBUSDT,DAIUSDT,WLFIUSDT,SUSDEUSDT,CROUSDT,USDT0USDT,TONUSDT,SUSDSUSDT,UNIUSDT,PYUSDUSDT,DOTUSDT,MNTUSDT,CCUSDT,MUSDT,TAOUSDT,USD1USDT,AAVEUSDT,BGBUSDT,NEARUSDT,BUIDLUSDT,OKBUSDT,ICPUSDT,USDFUSDT,ASTERUSDT,XAUTUSDT,ETCUSDT,PIUSDT,ENAUSDT,JITOSOLUSDT,PEPEUSDT,RAINUSDT,JLPUSDT,PUMPUSDT,APTUSDT,HTXUSDT,ONDOUSDT,KCSUSDT,WLDUSDT,POLUSDT,PAXGUSDT,KASUSDT,SYRUPUSDCUSDT,USDTBUSDT,BFUSDUSDT,ALGOUSDT,RETHUSDT,QNTUSDT,RLUSDUSDT,TRUMPUSDT,USDGUSDT,GTUSDT,ARBUSDT,WBNBUSDT,ATOMUSDT,FILUSDT,USYCUSDT,BNSOLUSDT,VETUSDT,HASHUSDT,FLRUSDT,RSETHUSDT,KHYPEUSDT,FBTCUSDT,XDCUSDT
BTCUSDT,1.0,0.8709325175464122,0.17033629544818266,0.7974791853190812,0.8302417619252099,0.687216715245087,-0.5466163595973392,0.8534820310700754,0.8726533841960852,0.7292612732820701,0.8728897941586709,0.47605511470789597,0.8931832402091561,0.8687775493217272,0.9978668767693821,-0.2117566649657911,0.8732478949386964,0.39781156378465693,0.5584285839345541,0.7996704587876855,0.2679004532505664,0.07158658517549324,0.35052867197704335,0.8270628603012069,0.8747597996166979,0.8737689262527611,0.5457451935697897,0.15519362042961757,0.8662720792724157,0.9991351605339877,0.7657670396572466,0.6334516903727574,0.6521451550568809,0.4482072277363254,-0.24632300942784927,-0.03615630375529709,0.003984396630765023,0.912549257912102,0.16902874555314515,0.6816829563438002,0.08948829469347519,0.8192118373629415,0.19571599489752095,0.670307987021787,0.7152688619135791,0.5948298750827798,0.6147968001591355,0.6084770158910481,0.20843220824815578,0.8173813912741211,0.468175333959488,0.8224187286583186,,0.7624591143313005,0.6456294477571223,0.02741664980155013,0.5693347647196483,0.5563686304866297,0.745694183360152,-0.11242946041974528,0.5213753290311094,0.6648517925809514,0.7180669682053367,0.2854095046203231,0.785591898906968,0.5711100602277781,0.5581913675931924,0.880823153978472,0.7814931333064635,0.8405615737444461,0.4721055634766984,0.6818579833292386,0.5555994657636054,0.4624783893516747,-0.17517463050978904,-0.002692635578456847,0.09349345358448774,0.7890497792721819,0.8687292608676064,0.2735306781813594,0.4913071704104003,0.6220339356205108,-0.04719432158669734,0.8147145747055196,0.7398504894626554,0.8308450123730957,0.20420869373974251,0.553267055949134,-0.6024142459808686,0.6748529024252112,0.8724567481219793,0.15644404129345332,0.7709958199917346,0.8752443432892991,0.5611297392625282,0.9691994213995548,0.22701910828719618
ETHUSDT,0.8709325175464122,1.0,0.09177196782868675,0.8969622776109109,0.8657278934897823,0.830075926623528,-0.21169007682023824,0.6813763942848864,0.9908894963103712,0.7908243683735092,0.909667282388141,0.34701720285452986,0.8622205088253395,0.9907289649363299,0.8632050728664126,-0.11733450313690769,0.9916892044732343,0.2818439545232537,0.5309575690938668,0.8248816687327543,0.365678353645929,0.4771511822598837,0.035584286142004234,0.677474778056879,0.9922721421300003,0.9925958364726986,0.4154108319857341,0.039518713874095814,0.8832431274297184,0.878814672242845,0.4711942552518354,0.842206062797107,0.8474491609237709,0.668436826921507,-0.44008318160517174,0.07580188128369901,-0.02614079422449391,0.8220339212286126,0.33347533128535256,0.8620369749656981,-0.1805559638331086,0.792370197405866,0.03323228135982072,0.7484511572327192,0.6340869429571535,0.7428063917606323,0.5053428201782113,0.4226160876108543,0.10830210649122614,0.9201246168896927,0.4515934038372233,0.8554582092293069,,0.7780422221781087,0.6880538003599069,-0.0047990297461991014,0.6300011102292625,0.7357793182195158,0.8868319312517982,-0.08812919543096123,0.7733680460506519,0.811155541577302,0.9029282269929225,0.638792796063884,0.8799284675402707,0.8293386240847823,0.4774815566240664,0.8822240824448032,0.8391209528330481,0.7678042634251668,0.6003788761254998,0.7299991189955702,0.7875711456506329,0.7067279275790521,0.13567997878723173,-0.09124882541638216,-0.06654026712911998,0.5867649850412646,0.9936194066819206,0.36823980176068494,0.1847507153233445,0.6492139855520613,0.14441691982932925,0.814601476112025,0.9109297491131576,0.8684168568890499,0.20474623067710868,0.5940440514313273,-0.5935217708652176,0.8285043777656614,0.9600330798023253,0.19581290637274987,0.6793784711039408,0.9915436149598768,0.5041903042734093,0.8554500653672539,0.5183631822096277
USDTUSDT,0.17033629544818266,0.09177196782868675,1.0,0.17002093116136693,-0.3262617156652612,-0.16852458782600963,-0.6497383681125766,-0.18354775205704604,0.09219757450721185,-0.34314917899571296,-0.1685873076468164,0.6886650363845478,0.4055830016530606,0.07829871907051972,0.22172146979358415,0.7964736401597522,0.07635970681151669,0.6568648867464879,-0.317427388869172,-0.3469862900680479,0.8531484757102035,0.06805874160162438,-0.5694256412828833,0.1658791085832669,0.10189227882096834,0.10967911335895188,0.2235181706650218,0.7549623001789564,-0.2727248240637596,0.15378565991781976,0.14203298309947768,-0.3204081737637484,-0.18935602843824403,-0.3427132660002076,0.24512406509582768,0.5924336119549133,0.7138955784822544,0.09247685174871347,0.7609357920712179,0.01225792209780822,0.3883310066981113,0.12314096084954747,0.4053989517983938,-0.4368490469957217,-0.39342253282176887,-0.17416349616700566,0.2382766222326287,-0.32988428900723854,0.7692114168280387,-0.018585542801694048,-0.34805229824220046,-0.28675934259349567,,-0.29024969279380797,-0.36386862473840914,0.952828301820657,0.31405059501309396,0.09099910706949378,0.3833278578556383,-0.6333206304401741,-0.27048397391073614,-0.17609776431901317,-0.24781668106630883,0.1786359678052397,-0.06996602479228656,-0.20414361140346804,-0.6535908104598821,-0.164229551347741,-0.35560391168162075,0.4005118517384094,-0.6404143169577957,-0.47541097144880623,0.16006587186118967,-0.08273121472555084,0.24328538965230545,0.5569525909333605,0.8561576864342612,-0.18611580368767514,0.10067739738369215,-0.24979167629706242,0.5606396006506977,-0.49679942787987724,0.2476311734597302,-0.38655032084972796,-0.22059164794193875,-0.3238590396256745,-0.8621514101683156,-0.6841079292163924,-0.2026626740630268,-0.19913687733457333,-0.015050964235990057,-0.18688336534253655,0.06361703229674048,0.10656378638319831,-0.3439873104220167,0.3432015977880188,0.36204717793621
XRPUSDT,0.7974791853190812,0.8969622776109109,0.17002093116136693,1.0,0.7961900016650876,0.9049156486465015,-0.17889171549241187,0.4872129812109448,0.9024373351781035,0.8175910020828195,0.8193858796482701,0.33067965341861316,0.7340127206306658,0.9108810841364999,0.7983314924435981,-0.11500273812913492,0.896046316447615,0.35760377997066617,0.6225263035485422,0.7920355244658065,0.27046698251387097,0.6099318092785647,0.08060723118119044,0.8364692639755427,0.8915011936465393,0.9056978636015922,0.3647455207797935,-0.0054943682852591005,0.7498593649132523,0.8101497189104944,0.6094576615624032,0.7717943055469019,0.8201653916576656,0.5967895257013417,-0.0956337976103558,-0.022796972165789166,0.05145137799308296,0.8436666727857689,0.3217738101629581,0.5868457076305776,-0.0448218671586461,0.5974085331696615,0.24766006941307261,0.5807293656367104,0.518314839828956,0.8451267823255212,0.29015032261973767,0.4016430567797731,0.25976697777086816,0.9345710149547873,0.3572267781798424,0.6449043816239329,,0.6708104189621753,0.5312837445066741,0.0301111624389888,0.42262830125455647,0.8930183396494104,0.798832998776809,-0.09255805295866863,0.7225201923713298,0.8926779013609748,0.8499081733322271,0.7613984426752184,0.9351543702168844,0.693641165683898,0.3771618122589292,0.6906657516855825,0.8033913550963057,0.6942994326753408,0.5753892164566055,0.6322708811467218,0.8688357506241688,0.709351078396066,0.23045063768307456,-0.17085644657359458,-0.009807307292634558,0.5771348146185448,0.9082716018605157,0.30080901588943454,0.3524317299087055,0.5370063372119664,0.22911237066287243,0.7094824894276277,0.8413904957033871,0.7922721849698248,0.18934148887113086,0.4713089997312625,-0.32320948411847705,0.9006033071852001,0.8753001382117688,-0.016443327543893573,0.8430612628324173,0.9006077367965034,0.590642477734665,0.7458275776384987,0.6365746098911598
BNBUSDT,0.8302417619252099,0.8657278934897823,-0.3262617156652612,0.7961900016650876,1.0,0.8534296080643263,-0.02401408891706219,0.7786954381462861,0.8685033887749453,0.9341482675609062,0.9502784904042184,0.10132418408880538,0.6298101247196183,0.8765975115887131,0.8001376209900907,-0.5004509502139034,0.8749984108948453,0.0045028243160971345,0.6677994860883254,0.9715663828912623,-0.11806912887787416,0.302349405332124,0.4577566978334579,0.7081010517993628,0.8637159059458666,0.8615061716660706,0.42135332628954847,-0.32402731231104304,0.971915160267948,0.8458354262030121,0.5869332811030337,0.8590910220319289,0.8141024222250808,0.6792145705640977,-0.3780948668488041,-0.300949078178312,-0.3350522839278033,0.8296891785121289,-0.1156948115374772,0.7000111541106483,-0.16624586243421718,0.6610221192898647,-0.10062588045884215,0.8820198021106055,0.8638251799098045,0.7765895602579206,0.3663434082036073,0.6199028239864416,-0.2109254632429484,0.9037944111495178,0.6727125090395759,0.919757800001102,,0.9210186384562411,0.7447813697683763,-0.4321057342558603,0.3613589241914418,0.6413554535666697,0.6041585235609495,0.23794158285295267,0.7351877997240841,0.8397774029999809,0.9263651892298959,0.4202603582369465,0.8765002631023151,0.7620960222134066,0.8043495056465109,0.9090843074994931,0.9638021163708949,0.5408014423294811,0.8648060506276597,0.9340852083835445,0.6255500464117457,0.58814045023303,-0.06508195702707047,-0.3881864378883757,-0.39029195913310627,0.7476823709371762,0.8655308617720207,0.401118099320888,0.05770721919742887,0.8832344726913235,-0.04792362641722172,0.9764484452647562,0.9196382613937977,0.9995663668061464,0.6331720961518402,0.8472086523540819,-0.4763590798314652,0.8633683996209194,0.9055373000090441,0.17859972551840161,0.7092471748342668,0.8610972868553569,0.6640763498804013,0.7087996934611487,0.2908649709743547
SOLUSDT,0.687216715245087,0.830075926623528,-0.16852458782600963,0.9049156486465015,0.8534296080643263,1.0,0.05011294173490295,0.5063552857396889,0.8354287503157235,0.9083259848505969,0.8306938694180932,0.03770608229571783,0.5701866635859955,0.8483361682333985,0.6745312784448075,-0.4093473646594531,0.8336915279377083,0.1545600017550126,0.7599837006341916,0.8740121651401267,-0.02150003458784347,0.6043902681518674,0.2511354336514305,0.7573981449387833,0.8189954177509353,0.8333665244870045,0.19778201777999666,-0.22605844380494233,0.7928398216157377,0.7037324547381285,0.5205513396295313,0.8802541775839308,0.890679572121962,0.7352190118955085,-0.15309264313213714,-0.19465262786602272,-0.17221890998553174,0.7734885732836796,0.07045816477636394,0.5403391596430249,-0.2267590651904948,0.5359919691841164,0.18451721752358557,0.6776663134087174,0.5744153263125883,0.8973218349207531,0.1753196044735839,0.5243634678421902,0.03635156898959785,0.8974374466912084,0.3763426457969233,0.691742079711059,,0.6902164407879342,0.672785987665577,-0.29229296578842034,0.3155238708917534,0.8695936782195678,0.6520438614565149,0.08946339424595713,0.842101607556372,0.9480945744366128,0.9026744317648523,0.7182110862833985,0.9442378026932211,0.7442374425458663,0.5517753578437423,0.6920049553349495,0.9001148494514819,0.568752332017808,0.7487354362956463,0.7302648910323976,0.8073221410241592,0.7843489337128619,0.14377905653758594,-0.3127543511545273,-0.2949821226289534,0.6208728524823763,0.8384531686543316,0.40980997422999116,0.19013995511690263,0.6241990884832562,0.16353315783288827,0.7921999691577685,0.8846996523805475,0.8473749345325332,0.44053216757423486,0.6888301462712586,-0.16442388412175604,0.9616644693752145,0.840049350442824,0.06307652398950056,0.8265446486164741,0.8299770783482148,0.7376450556381701,0.5848369055352411,0.4844458034157804
USDCUSDT,-0.5466163595973392,-0.21169007682023824,-0.6497383681125766,-0.17889171549241187,-0.02401408891706219,0.05011294173490295,1.0,-0.4084422250998709,-0.21106747035925805,0.024470865475359434,-0.10951482222362106,-0.46996852590852195,-0.5858521490245718,-0.19148401761921685,-0.5797177984890296,-0.17034572504403864,-0.20702138285402388,-0.5149315412242409,-0.0016480133191533425,-0.05500426886788268,-0.47124425620442045,0.45454630624017944,-0.12232547462824554,-0.46906448931873573,-0.2244744612169759,-0.2185546785825058,-0.4424572294180232,-0.6799340381343639,-0.1181958098697991,-0.5181468282865083,-0.5974953346154943,0.12590588123018062,0.07325337592609378,0.1341486496541282,-0.03928863402817279,-0.4105025876401853,-0.4986566539737371,-0.4665071622890748,-0.21354604483043435,-0.09812284524926507,-0.2945604921284129,-0.39714471374936344,-0.4307556882404114,0.16169513543285696,-0.12046522417152013,0.19424201082969544,-0.42520714908040647,-0.3848746155477342,-0.4973175994803182,-0.11725412996614246,0.045943097939207596,-0.11031961457028404,,-0.0625990550424373,-0.10256740309557758,-0.502987707224055,-0.3725907555892978,0.05982481674323882,-0.3191943260232008,0.41065640807824233,0.11435171372794375,0.0714028341496993,0.12232456387504098,0.2745392679094079,-0.08643820605143689,0.2391083190142172,0.13549086038306615,-0.20362444048502595,-0.016237043344406097,-0.6539526034495649,0.37447759191590746,0.135216769494123,0.09052337802292566,-0.017671822283785533,0.3613383497168962,-0.5476043186576577,-0.6830612262652852,-0.4615908347989984,-0.20354022290023432,-0.10909370885077044,-0.7683066264169166,0.22168935770051348,0.25435099156861574,-0.07399010344378859,0.09466657330093259,-0.026786679011287694,0.5078266574489719,0.2028507232343131,0.3740658736020869,0.08751369395026327,-0.16298516970380453,-0.13597349191483737,-0.3502455669146587,-0.22648891018290887,-0.03665291245601123,-0.6468110748140338,0.1267351774558259
TRXUSDT,0.8534820310700754,0.6813763942848864,-0.18354775205704604,0.4872129812109448,0.7786954381462861,0.5063552857396889,-0.4084422250998709,1.0,0.682596768028219,0.6290974330382915,0.8162700562554283,0.27511247177740084,0.7249383334967913,0.6758851610865899,0.838892929631956,-0.48631998556612527,0.6910989895323344,0.23382251539601823,0.6005382454916556,0.7397566249272286,-0.0011379156627771606,-0.2261219188216624,0.5625018728865645,0.5570528990740538,0.6855729961246039,0.6786724950821197,0.3096849524299244,0.03567744669050984,0.8617513320371631,0.8502554538319818,0.5633878933496396,0.5790870767879253,0.5559458181694665,0.4233190149301662,-0.361178727933986,-0.2413007518794971,-0.295517699712539,0.6880918728701855,-0.09590664726353958,0.6573369128965061,-0.016922302998348633,0.8402446200401877,0.09545058231050793,0.7821692059361384,0.7241785260458019,0.45668930359804394,0.6936806270246171,0.6770228640123066,-0.01597245751701232,0.5656959428945181,0.408579896688516,0.8814097750423457,,0.6842749085279669,0.78658903808772,-0.25416290206679626,0.5442941046834653,0.2730346126329063,0.5037353081469916,0.01201851693364606,0.4445178096617852,0.48388561213703785,0.6068786041064037,-0.030588486778852612,0.5849436164716395,0.5559531222644452,0.7656433077652851,0.8976414869055325,0.7368917996557215,0.7027856357541882,0.49476640456826076,0.7064492278178773,0.278322703557236,0.29866580705904233,-0.4441136467451052,-0.026378802012947976,-0.15896531390299934,0.7645317701714924,0.672049992294013,0.23252475700506092,0.32025158397833964,0.6946019658076643,-0.16006141831785622,0.8216417471680096,0.6485365272263137,0.7791540586387697,0.43376629919353654,0.7564306088776134,-0.5107816100882838,0.5002323066038744,0.7320124989772515,0.2991607097903136,0.5605059183112885,0.6841193668250709,0.6227596380048414,0.8022824898330185,-0.21574949622394332
STETHUSDT,0.8726533841960852,0.9908894963103712,0.09219757450721185,0.9024373351781035,0.8685033887749453,0.8354287503157235,-0.21106747035925805,0.682596768028219,1.0,0.7947442357100404,0.9133572973825249,0.35253981699086234,0.8625123798030023,0.9919224371401388,0.866351101531379,-0.12040439012141553,0.9923256972358118,0.28985336219524316,0.5409525989307942,0.8275531191403009,0.36196569207838275,0.479583916633152,0.04184228872716694,0.6849797560459686,0.9925877403103777,0.993563454622156,0.4109599434359765,0.037806442096605386,0.8848139674825221,0.8819726481803972,0.47767040832360713,0.8425383235956937,0.8501352267642193,0.6660677986816165,-0.42702779222092635,0.0648707163766652,-0.0296944195848933,0.8244943671425732,0.3346729863470275,0.8571604784455094,-0.1722407266407648,0.7936453476399514,0.043661939964450565,0.7510841868286151,0.6329405582845967,0.752090322655069,0.5066904677374329,0.42306657718068946,0.1164508905936027,0.9223738387792884,0.44797009879204525,0.8547794832944091,,0.7770137858260411,0.6882388318712614,-0.004687231096318467,0.6276965377185859,0.7435211575520954,0.8866691286106534,-0.08984826053262693,0.7719851787406756,0.8166545656833112,0.9050657694697076,0.6429880413371099,0.8850831477293348,0.8310101070513816,0.48174551092666745,0.8827133453088295,0.8421655243654342,0.7697458205818051,0.6025040947129006,0.7318547110628765,0.7934314716579661,0.7045131178723067,0.13549825525812925,-0.0952602557527451,-0.06727781263003703,0.588936917648105,0.994573807381901,0.3605289356909614,0.19347308125400378,0.6526805359372566,0.15108092934118886,0.8158526687428819,0.9135549651929057,0.8708633139240639,0.20997457274348105,0.5964870395558863,-0.5850728140168939,0.8337931647712382,0.962173022796701,0.18744556970496978,0.6880997872705262,0.9923071239440641,0.5138242984166116,0.8564836113690366,0.517813525707973
DOGEUSDT,0.7292612732820701,0.7908243683735092,-0.34314917899571296,0.8175910020828195,0.9341482675609062,0.9083259848505969,0.024470865475359434,0.6290974330382915,0.7947442357100404,1.0,0.8534164633341536,-0.07507658934982492,0.5146103603913952,0.8069907832646114,0.7025642113437565,-0.5755977951321539,0.7989003236033979,-0.03814095467618986,0.7241761090523636,0.9578488804232027,-0.21465658999227344,0.4004259688049608,0.47134672204724254,0.7676438128422572,0.7833448674282519,0.7872360999349864,0.3485598641719243,-0.35752632412277424,0.8696329656328923,0.7446841613901057,0.6200919898788686,0.8674364818832033,0.8268534882806734,0.7337816478654667,-0.2571946801176508,-0.27439201788343076,-0.2697976363284948,0.8295637225485331,-0.19033049988579742,0.5258983545756029,-0.23759711105311587,0.5056622380231601,0.014186271858105403,0.7369334667141106,0.7789417543105934,0.7978068291338112,0.15277511007285768,0.6821421292423429,-0.19513006307220027,0.8973064253045553,0.5899536896422186,0.7772388555956027,,0.8333829613583743,0.7088644663855971,-0.4872575647764494,0.22558722996629613,0.7168258792977745,0.5297155849056906,0.26741337105884516,0.7999807576641538,0.8975519447144078,0.8916894672310003,0.4933643462632238,0.9038354535507318,0.6634733502599843,0.7133284325243855,0.7570263001926347,0.9558094714739479,0.48976521690384317,0.858270617427152,0.8480373155341256,0.6370453529324464,0.7085107941537835,-0.023910404937422105,-0.4029460965886448,-0.3977658115583437,0.7639910186584575,0.7925416265401869,0.5068210495349477,0.1088945340170433,0.7429461615764903,-0.06388545829587085,0.9098601614094102,0.8640489331075583,0.9307912587569868,0.6020405509469193,0.7980648235107431,-0.27432848081336253,0.9160852571294155,0.8242449121163747,0.14807746041282047,0.7943959065447064,0.7870488171457143,0.7239162124655018,0.590856455052789,0.34500105095722705
ADAUSDT,0.8728897941586709,0.909667282388141,-0.1685873076468164,0.8193858796482701,0.9502784904042184,0.8306938694180932,-0.10951482222362106,0.8162700562554283,0.9133572973825249,0.8534164633341536,1.0,0.29951707233282526,0.7564916346669055,0.9178890898264558,0.8551386458577819,-0.3722467946426967,0.9165222464385714,0.23510711455498418,0.7052551486932557,0.8979701747087739,0.07653629491846939,0.3130674623906716,0.33962513576017217,0.6815150236393167,0.9076385385735345,0.9113626141218489,0.308843953305791,-0.1412576544534397,0.9611520154629607,0.8858352668920232,0.5247923424170922,0.832725556482672,0.8323650365797909,0.6223187883141857,-0.32729961768041327,-0.26831551520594615,-0.29334707267880045,0.7863585578496545,0.1097161182881498,0.7780882106532295,-0.0904335430517022,0.8070658756054927,0.05259329953496167,0.9013920940268101,0.732348689591336,0.8150355117643433,0.549541705910256,0.5168560455855139,0.012252019818581346,0.8615025433216228,0.49211372363036143,0.9277110143241356,,0.8172782648540797,0.7698110827133883,-0.24189920850210633,0.5280880830420169,0.6825850174679929,0.7190644358279397,0.04711064758534303,0.7022307652532781,0.814356302489335,0.9086291224022724,0.48209527000676755,0.869416370976524,0.8413383586593501,0.7417563491754419,0.944308680047536,0.9118023630698601,0.6809018457703521,0.7316268980924809,0.8570103022315939,0.7028664210488048,0.555438961461898,-0.04383503921295675,-0.24769590256466892,-0.27504195547246435,0.6680475547706066,0.9124330589941809,0.2518153179048617,0.18091370009292385,0.8346676985300742,0.11656980044793215,0.912231553781116,0.9286725113128814,0.948603712184726,0.5082233378230737,0.7980926384124408,-0.4693601148759619,0.8349641615963268,0.9404722303884885,0.14380415694568885,0.7102382266784951,0.9094255155115029,0.6889978913408469,0.793099847444027,0.26441303868796223
FIGR_HELOCUSDT,0.47605511470789597,0.34701720285452986,0.6886650363845478,0.33067965341861316,0.10132418408880538,0.03770608229571783,-0.46996852590852195,0.27511247177740084,0.35253981699086234,-0.07507658934982492,0.29951707233282526,1.0,0.5834143595013915,0.34489991544110854,0.5065539913356464,0.5806296147744361,0.33983727686870907,0.7690302927666326,0.029104293648879235,-0.03149822617545194,0.6871428226231634,0.015156206704824824,-0.2462129760915934,0.25262934818366,0.3554559793987128,0.36782502829106506,0.1837866724452477,0.4929291541054397,0.17386358829377782,0.47454012087093483,0.2208446654313638,-0.10523121166445432,0.039751092390905955,-0.316661802833648,0.2341968761274392,0.010611767055343143,0.20979791853816088,0.1986920250153258,0.7398218067583479,0.33397486002977617,0.6037626621917536,0.5150817208232973,0.3166082898599476,0.18780884367590142,-0.06181592221705131,0.21960188954963394,0.6736556533226856,-0.3187349290758628,0.7065950540063308,0.1725421600820919,-0.11751070949126423,0.18047013444386736,,0.044735539937925006,-0.08436121759488688,0.7260565686637608,0.48160146889973304,0.23487463870112152,0.5006904448870187,-0.5207972187370625,-0.24489032822571202,0.02965790752950492,0.09080433488954949,0.2019144650165247,0.150721140869294,0.24483366177553603,-0.0657510533392868,0.315046038867232,-0.03173087597045489,0.48648426660855726,-0.25822406244470775,0.007334314253922126,0.36951193958508743,-0.27276173879380017,0.1283497031309702,0.24834346880004493,0.509733791062064,-0.06379211168650605,0.36009147964113364,-0.5746164198754425,0.490835723576394,0.14833337974747726,0.4437435108366306,0.00863190600459328,0.16597287441487923,0.09994562317421034,-0.30846994192304267,-0.19940786652470632,-0.35207623113289443,0.022368980933653436,0.32958144257748084,-0.29491997330542397,0.17788533043753163,0.3584566220478319,-0.013253046584959925,0.5646725836352198,0.1944095505180839
WBTUSDT,0.8931832402091561,0.8622205088253395,0.4055830016530606,0.7340127206306658,0.6298101247196183,0.5701866635859955,-0.5858521490245718,0.7249383334967913,0.8625123798030023,0.5146103603913952,0.7564916346669055,0.5834143595013915,1.0,0.8511831728600073,0.9085403348280268,0.06446957953846993,0.8602746601074439,0.5667936102608481,0.41937018027441336,0.5849467284079549,0.602253197505675,0.16950317955783822,-0.01710574545177783,0.6278184100828534,0.8693714174034323,0.8700508810654098,0.38318602051100886,0.42189860964444814,0.7186493237146526,0.887069622797308,0.4978809357715603,0.572766881259727,0.6241459714814745,0.4147447073240388,-0.32585896255221675,0.23310999935189342,0.16932714323766085,0.7424371177543897,0.49812130301970114,0.7828277336459859,0.013372194229941166,0.8854821974403604,0.26943017825949195,0.5496557376084977,0.43497816591159144,0.5001175582360485,0.7162105229183423,0.3808024245929895,0.41042022002547907,0.6894666039675944,0.19227213903792273,0.7227224341382457,,0.5388771000929834,0.6009535375926792,0.31475535598672905,0.7692413371839585,0.5307126958420413,0.8764043727123844,-0.3616832113124163,0.5144268441357113,0.5452324911631153,0.6236715744867429,0.3982012464691359,0.6722229159522843,0.6179387666143094,0.28561590277545135,0.7944480089808935,0.5993084486051141,0.9306611532494502,0.21509766022317178,0.4555343793332471,0.5981774994070922,0.5001781235346945,-0.03822584875781402,0.24933081955847913,0.27233697354024844,0.547135074979657,0.8627075670032521,0.2014068230808987,0.4876602283058055,0.3914334310035402,0.13072190186801563,0.6045425010636144,0.6644444601577717,0.6325188223806579,-0.11563838838770518,0.3598452613258005,-0.6119769156299626,0.551561696579225,0.8162399922297657,0.20189864178524997,0.6088683676522417,0.8715933877816568,0.4034677949481836,0.9556871026266943,0.287403945733393
WSTETHUSDT,0.8687775493217272,0.9907289649363299,0.07829871907051972,0.9108810841364999,0.8765975115887131,0.8483361682333985,-0.19148401761921685,0.6758851610865899,0.9919224371401388,0.8069907832646114,0.9178890898264558,0.34489991544110854,0.8511831728600073,1.0,0.8633287752125158,-0.1307309490311908,0.9923031540337407,0.2830919395724207,0.5530174386989327,0.8361822073038685,0.3442189389823502,0.49454208928143184,0.05069168101707017,0.69218581718136,0.9918229901347687,0.9935191231243619,0.40611359661604346,0.017320965382207048,0.887599718493039,0.8790053494831916,0.48157329476468125,0.849440695522403,0.8574866030331715,0.6704791668482704,-0.4138012872732064,0.04534990001730385,-0.04130750301540871,0.8261057223830585,0.32594097145644535,0.8484112369915378,-0.17023823932669352,0.7837407025513795,0.04388367484703732,0.7569490261341475,0.6367588113649055,0.7687994182418433,0.49306449229935834,0.4224598936802777,0.11071283390257772,0.9301972533431863,0.4538522204447896,0.8532978863650272,,0.7820641488380654,0.6863205102982525,-0.01903235481919053,0.6129065031317761,0.7575298541339184,0.8807761026974975,-0.07788483367929754,0.7771151419942862,0.8301682302863668,0.9142878741547162,0.6554047904137912,0.8949653569677797,0.8360792723929424,0.49115768325776543,0.8803456431913298,0.8509004205797492,0.758390423209368,0.6189281814604256,0.7414854971456687,0.8039516700319789,0.7072176615722031,0.14372209652915652,-0.11566806646699869,-0.08279410154768799,0.5892946313774281,0.9949237938014621,0.35769978797439983,0.18801479016859707,0.6636053680849949,0.15792849792835226,0.821175631329883,0.9214889227622942,0.8785693868037768,0.22882791549626408,0.604855764420684,-0.57058627021845,0.8474387130731048,0.9644940337695581,0.1755061646172944,0.6971689617930279,0.9919030089068651,0.5251414855307948,0.8468223423215828,0.5264719840437742
WBTCUSDT,0.9978668767693821,0.8632050728664126,0.22172146979358415,0.7983314924435981,0.8001376209900907,0.6745312784448075,-0.5797177984890296,0.838892929631956,0.866351101531379,0.7025642113437565,0.8551386458577819,0.5065539913356464,0.9085403348280268,0.8633287752125158,1.0,-0.177736236011568,0.8658547147406203,0.44501970223818654,0.554626726506877,0.7710554108060892,0.3095108884411577,0.07219509940011744,0.3219185523584176,0.829711312945304,0.8681638032221768,0.8686045163240556,0.5292462610513691,0.20418372106446062,0.8409804625018102,0.9958991000612889,0.7643504339898811,0.6121499751323976,0.6411204808587201,0.4282337216548508,-0.21877339848727737,-0.009942452858240369,0.03873610378022978,0.904750357826947,0.21153916329779632,0.6701824716999811,0.10764344132313192,0.8257441388096515,0.2413021085169528,0.6397985166737121,0.6742425960756148,0.5866675557908602,0.6278816566678898,0.5914546471924739,0.26405336459139045,0.8012113164577869,0.4212685978504695,0.796452410276037,,0.7250991717037503,0.6315432408894527,0.07847159056413111,0.5870158114680475,0.561206365475875,0.7589284945005463,-0.15643339741138704,0.5062949347766958,0.6518041464884748,0.6950350021647801,0.29397061559911103,0.7761828655859208,0.5569368396882167,0.5187451675327757,0.8614202780607857,0.755661139813229,0.8650113574116801,0.42596869421153744,0.6422738262264119,0.5608924625149059,0.45898361331872023,-0.16917271191515035,0.03723633698938753,0.13876097149128794,0.7736647832703881,0.8628349244883418,0.253574253215915,0.5332008288567156,0.5809210830494078,-0.02467311936359682,0.7822872723660422,0.7197174151021525,0.8003397812089317,0.15436843162629074,0.5167451691402043,-0.5872432369350162,0.6599949439753334,0.8612591781587896,0.14519078957602669,0.77599937594313,0.8699461799562036,0.5559665610143322,0.9774031425333959,0.2289016358008337
BCHUSDT,-0.2117566649657911,-0.11733450313690769,0.7964736401597522,-0.11500273812913492,-0.5004509502139034,-0.4093473646594531,-0.17034572504403864,-0.48631998556612527,-0.12040439012141553,-0.5755977951321539,-0.3722467946426967,0.5806296147744361,0.06446957953846993,-0.1307309490311908,-0.177736236011568,1.0,-0.13208842240810878,0.32786209771087893,-0.6721261117592752,-0.5871600878464015,0.7854958311465458,0.18953657703118024,-0.8448232903954085,-0.31605738954017526,-0.10393863520756053,-0.10544158054015051,0.11932017153632006,0.48283685865665077,-0.4672572169453903,-0.21580914299434203,-0.34497994594490716,-0.46419902996047874,-0.37778199502436993,-0.47454090788312325,0.08907992896313577,0.5390470260021337,0.5475575896736351,-0.3139122339588652,0.7592686037298919,0.012868831024390077,0.3108706092286188,-0.14604072318978822,-0.06570881035151896,-0.4527426210777239,-0.518802026071926,-0.33584309444121113,0.07369468174300361,-0.7779682986768504,0.4515049633133115,-0.2302308968693892,-0.26978377989434404,-0.4226835224981546,,-0.37662923491893036,-0.6326977232304198,0.8747374808799329,0.1435727648318367,-0.12248232910757531,0.17667595743290526,-0.4543259480890471,-0.44051154463667713,-0.40519418715667044,-0.35092316678003255,0.1741869439499293,-0.35508677044898657,-0.18160144178062027,-0.7456430632175838,-0.3413776382865873,-0.5964754712248527,-0.06741043602636951,-0.6204786574508923,-0.5241738976049863,0.04963159296767108,-0.3258138350314481,0.4935673812702577,0.3529416907742337,0.6286776739650116,-0.6405772233318032,-0.10689434220874579,-0.42997242923913725,-0.00872833427313262,-0.4499810500588835,0.3487283983147558,-0.5837051600198757,-0.3308289172667655,-0.492340408991637,-0.7674374736502727,-0.796558991865338,-0.22874701145464332,-0.4179545295887782,-0.2223871414270925,-0.2474760924496357,-0.42674665901759584,-0.1125195859887671,-0.7207575151292044,-0.0371191763621798,0.4477925084046928
WBETHUSDT,0.8732478949386964,0.9916892044732343,0.07635970681151669,0.896046316447615,0.8749984108948453,0.8336915279377083,-0.20702138285402388,0.6910989895323344,0.9923256972358118,0.7989003236033979,0.9165222464385714,0.33983727686870907,0.8602746601074439,0.9923031540337407,0.8658547147406203,-0.13208842240810878,1.0,0.2731864199477329,0.5378976202503721,0.8340942254494288,0.3519574278623546,0.4709743138736487,0.05000435330822902,0.6791726599131,0.9936433525407988,0.9937205749714636,0.4166359292714123,0.02851935851421444,0.8922409728951224,0.8825304133026887,0.474993947932499,0.8479944368994667,0.8510344795485554,0.6734610320073338,-0.44483143259463304,0.06460299637645897,-0.03840128662277566,0.8254540183717775,0.31967480732396036,0.8642971151133759,-0.1836108962585564,0.7950249013237147,0.027112100682860258,0.7589495678072454,0.6458693258908269,0.7460365374296817,0.506569516845683,0.432414761454143,0.09631019459550724,0.9229729529595773,0.46106984598794487,0.8647049422319122,,0.7871420365005867,0.6966267627341428,-0.020251221108692635,0.6273878044414749,0.7335728205724846,0.8824759625428067,-0.07802423000593148,0.7769048230011095,0.8147513227603272,0.9084620374185846,0.6322161840831863,0.8830634991661609,0.8329682210699709,0.4925559781010967,0.8899472937284367,0.847903467923385,0.7653992360064952,0.6121435271143472,0.741354172110875,0.7841878116253491,0.7064353439952391,0.12701689065694555,-0.09992437033752585,-0.07884786279989953,0.5954586536050694,0.9948028952686943,0.37230542337702177,0.17965530490945436,0.6612435289483698,0.1373341037348356,0.8252670385608525,0.9163425310992485,0.8776779229990652,0.22050326819946714,0.6078492891177193,-0.5950426421206375,0.832498383877605,0.9636692560904775,0.19991164968974995,0.6815339031196127,0.9927649426313806,0.511918182960734,0.855895564988857,0.5098277553563415
USDSUSDT,0.39781156378465693,0.2818439545232537,0.6568648867464879,0.35760377997066617,0.0045028243160971345,0.1545600017550126,-0.5149315412242409,0.23382251539601823,0.28985336219524316,-0.03814095467618986,0.23510711455498418,0.7690302927666326,0.5667936102608481,0.2830919395724207,0.44501970223818654,0.32786209771087893,0.2731864199477329,1.0,0.3517101369068468,-0.0379193649583688,0.6022328691617167,0.06448634379165358,-0.16396016148390072,0.3404008922025469,0.2777251717933639,0.3069837251264689,-0.1930955456603674,0.6315552791414245,0.08933611848756402,0.3885270691463382,0.23072048381759705,-0.012365382546321597,0.17329474278106619,-0.15438155749653062,0.42099031790933156,0.023558339483567923,0.235097752066954,0.18300908363357413,0.7092024019551171,0.15739757246410932,0.42933016502582955,0.5336552010240292,0.7723757498175283,0.06552334581548393,-0.28875877463231037,0.3250689792917136,0.5903658087719922,-0.10191735038886934,0.9244466380570859,0.0928507159600823,-0.5164793731780908,0.06451880006229692,,-0.2091561652197571,0.12189962310522513,0.6619217593884493,0.5064956155106971,0.37369926764807526,0.4774210463067832,-0.6609104411502299,-0.049852660894713685,0.14423109097087236,0.051984334247475616,0.2901938095464443,0.22983803656385046,0.21351643946848578,-0.12494908867967919,0.1894321999307162,0.013052390064319547,0.6543211248232899,-0.3525404180743681,-0.15675176073855315,0.40468215379821204,-0.0075758347060098695,0.010069846121523724,0.4152699331265206,0.5105787825496014,0.03421839317602412,0.2955073905242261,-0.4392447360454954,0.768262476676679,-0.10559086084279434,0.5034924424664685,-0.06572293948560592,0.12968041983442155,-0.0057210066984334906,-0.38191955402110134,-0.1291882492481437,0.06834298318047026,0.12632995750017195,0.26504489242100565,-0.23232443384252857,0.397663809248078,0.30057795950532157,0.3177916650825436,0.49050301590341167,0.01950019658559217
HYPEUSDT,0.5584285839345541,0.5309575690938668,-0.317427388869172,0.6225263035485422,0.6677994860883254,0.7599837006341916,-0.0016480133191533425,0.6005382454916556,0.5409525989307942,0.7241761090523636,0.7052551486932557,0.029104293648879235,0.41937018027441336,0.5530174386989327,0.554626726506877,-0.6721261117592752,0.5378976202503721,0.3517101369068468,1.0,0.7015856229134307,-0.2642108295059104,0.22711206576445309,0.5638574778395887,0.6438897068562303,0.5116959069429109,0.5396255139232419,-0.23282319648043234,-0.14637328597616495,0.656485923217604,0.5673651824957214,0.47782989605451176,0.6655771094980728,0.7245554448013126,0.5224907987715818,0.17498862498442577,-0.5368658766338388,-0.39833171082892277,0.5358941342576627,-0.08101825598936845,0.26370066204369114,-0.060998690118807805,0.5716345096600285,0.5533348277157496,0.6462444691402464,0.3592940657610262,0.834533246284396,0.3170914187384299,0.5939568269429006,0.21941179543797337,0.5331974977164889,-0.00786160454662774,0.568982032097243,,0.36658819487250166,0.748800176628235,-0.3858766260368447,0.2677622371303438,0.6773186422622133,0.3646384367078505,-0.002752520079005197,0.6045291907593549,0.7512584909448562,0.6399873549926763,0.39510345778904543,0.7388178289896316,0.5913044886016445,0.6780081031822252,0.5779103142090048,0.7593685835118591,0.5578099354502606,0.5574776093563798,0.5633765320116211,0.556877317080892,0.5028394146773942,-0.21338469593056159,-0.20720058829513127,-0.35166405271513623,0.6108757916519316,0.5379868281865684,0.1263812070625092,0.44266492488464704,0.5266728327793007,0.20984050645291866,0.6445528305107616,0.6655960600850046,0.6520052248221483,0.5604269178372906,0.7708071365745056,0.23468841493777198,0.7563080860818108,0.6097318124863048,-0.00029561280187281267,0.8098692290017184,0.537130042334642,0.9944492845988686,0.435457909988109,-0.09751605050400382
LINKUSDT,0.7996704587876855,0.8248816687327543,-0.3469862900680479,0.7920355244658065,0.9715663828912623,0.8740121651401267,-0.05500426886788268,0.7397566249272286,0.8275531191403009,0.9578488804232027,0.8979701747087739,-0.03149822617545194,0.5849467284079549,0.8361822073038685,0.7710554108060892,-0.5871600878464015,0.8340942254494288,-0.0379193649583688,0.7015856229134307,1.0,-0.18681345915399292,0.2935002609948427,0.5100666930908012,0.7578169890654127,0.8208066485484763,0.8194615546325414,0.4099649492132122,-0.3207605296921039,0.9317044323938559,0.8124112874523219,0.6404993908084655,0.8692752861086068,0.8163693312210937,0.7289461259201074,-0.3501711770780523,-0.25588936573082316,-0.28666401338042335,0.8600677399494521,-0.20558621175206246,0.6076813046191031,-0.2333703602096053,0.5924848460385811,-0.035611002509734056,0.7950856046663389,0.8509978398612768,0.7503519490815821,0.2568822694300758,0.7277326377719663,-0.2270591012074236,0.8978886687411336,0.6432923419131368,0.8616664960560384,,0.8891663971615593,0.7625060896206325,-0.4875352608363427,0.2980857266341939,0.6464320661977491,0.5562047934614944,0.26307010663198027,0.7843095094225413,0.8599913365239231,0.8964812631810958,0.4022235393010695,0.8872910071135396,0.6792157351556889,0.7698552892096797,0.8420394569119662,0.9744172051456489,0.5430306319264788,0.8567769453267089,0.8901329081658319,0.5856696606328287,0.6748169944677849,-0.1050121474558544,-0.36413430320055906,-0.38421441207047996,0.8157907359213079,0.8232199246524877,0.5190247328432726,0.10971405547333644,0.7927632927359024,-0.12579209957790188,0.9636544661766675,0.8767410377450306,0.9703340758784136,0.6086638292991947,0.8396912511009257,-0.3902835824561256,0.8807887456653012,0.8600478733407192,0.2147020419013819,0.768690209708337,0.8210073024419398,0.7075716538873389,0.671048033830565,0.2719297385099008
