,BTCUSDT,ETHUSDT,USDTUSDT,XRPUSDT,BNBUSDT,SOLUSDT,USDCUSDT,TRXUSDT,STETHUSDT,DOGEUSDT,ADAUSDT,FIGR_HELOCUSDT,WBTUSDT,WSTETHUSDT,WBTCUSDT,BCHUSDT,WBETHUSDT,HYPEUSDT,USDSUSDT,LINKUSDT,BSC-USDUSDT,LEOUSDT,ZECUSDT,XLMUSDT,WETHUSDT,WEETHUSDT,USDEUSDT,XMRUSDT,CBBTCUSDT,LTCUSDT,AVAXUSDT,HBARUSDT,SUIUSDT,SHIBUSDT,DAIUSDT,WLFIUSDT,CROUSDT,SUSDEUSDT,TONUSDT,SUSDSUSDT,PYUSDUSDT,UNIUSDT,DOTUSDT,USDT0USDT,MNTUSDT,CCUSDT,TAOUSDT,AAVEUSDT,USD1USDT,BGBUSDT,NEARUSDT,OKBUSDT,BUIDLUSDT,PIUSDT,ICPUSDT,ASTERUSDT,USDFUSDT,XAUTUSDT,MUSDT,ETCUSDT,ENAUSDT,JITOSOLUSDT,PEPEUSDT,JLPUSDT,PUMPUSDT,RAINUSDT,APTUSDT,ONDOUSDT,HTXUSDT,KASUSDT,WLDUSDT,KCSUSDT,POLUSDT,PAXGUSDT,SYRUPUSDCUSDT,USDTBUSDT,BFUSDUSDT,HASHUSDT,RETHUSDT,ALGOUSDT,RLUSDUSDT,TRUMPUSDT,QNTUSDT,ARBUSDT,GTUSDT,WBNBUSDT,USDGUSDT,ATOMUSDT,BNSOLUSDT,VETUSDT,FILUSDT,USYCUSDT,FLRUSDT,SKYUSDT,FBTCUSDT,RSETHUSDT,KHYPEUSDT
BTCUSDT,1.0,0.7223961829350594,0.10327178999024919,0.6608970483933077,0.8698808973051975,0.7946757613574841,0.13849922324218705,0.6924885512000948,0.7321742599806675,0.6769782607376292,0.7963310897944595,0.5670867651727514,0.680648616111973,0.736496242811706,0.9946278480720262,-0.1633977924346658,0.7260061034213617,0.7729947545656713,0.2906487063247653,0.7916331717098056,-0.07616726760882331,0.4072027142777669,0.49769960713278305,0.816822709789826,0.7219099375015368,0.7318969130508682,0.13407306228961957,0.365290383296527,0.99607952380584,0.7174096404582945,0.770396550712763,0.6937657070921444,0.3954590586749777,0.13571501016233664,0.22650876978744652,-0.4073294596549672,0.7495803511702177,0.20440171976086732,0.34712474930696174,0.5922208258752067,0.3353637439489467,0.4540719666759159,0.5287870742507393,0.1065304558404598,0.671417996549872,0.5244471381864468,0.38763765754142215,0.7943638034294139,0.30876127472391024,0.4862665047986239,0.5020679880197754,0.7264628197804751,,0.5171393395183207,0.1456618917495798,-0.4438084303001843,-0.1196201021214221,0.7959620124623944,0.0689033923734635,0.289780551568007,0.27538680788333275,0.7979919895045267,0.6227876486811235,0.8447603429768987,0.5098523563895991,0.29600326271146166,0.36892418424585044,0.7240225999256257,0.7075155370029367,0.6502174017877494,0.5916356484550811,0.6112580437127724,0.5850667868453389,0.717074645694071,0.34849830763205153,-0.13474685914100956,-0.5379118304381711,-0.6479570777999728,0.7260902083762039,0.5442668682633388,0.49260035289944715,0.503407743880813,-0.1285008292322258,0.5599914654015394,0.8531664280142756,0.863299514927926,0.3533406386288397,0.5533573003265533,0.7970615099969227,0.7336132929895337,0.43829516864828233,0.1640078890925904,0.8187128963077487,0.8288830202611058,0.9558979637257418,0.7430050736228732,0.7737049752889186
ETHUSDT,0.7223961829350594,1.0,-0.06257485560683357,0.8741702226329074,0.822714071861626,0.934103778813379,0.48891226389991593,0.4002148565660221,0.9620331146074215,0.8073222602975523,0.8583781888409042,0.24583375521627018,0.7401104272101725,0.9631348112907402,0.7135113207247998,-0.13164360896363456,0.9624530443210332,0.6608113467071357,0.12674512263514873,0.8113506591715312,0.05805176709179267,0.8530073257814668,0.07651654260903225,0.6201059158622386,0.9627481530215265,0.9627577769288453,-0.13349438159675395,0.1679244612310182,0.7368619809029051,0.8002386335190117,0.8644118459668998,0.3238805293599348,0.8107893138255733,0.6015512847761727,-0.043737808740107784,-0.21782685663375675,0.6927669631322508,0.037508247579627015,0.7333598803742186,0.0642210070836356,0.10776476090099953,0.5303977539887698,0.6621831118504252,0.25565962147193344,0.5205226285740793,0.7996288050839362,0.21283473859188917,0.9213135602210991,0.11212496307978778,0.4033221416924547,0.6912887639501056,0.7014969427564273,,0.31648548667380294,0.3837246508086363,0.03621627048758114,-0.19013919267797613,0.9337915628305974,0.030714817974080957,0.7224537650235918,0.7250916098361596,0.9415454929007618,0.9250479853157488,0.9341151979030059,0.826197701668703,0.7933540492787599,0.3441394746328106,0.8288701559064271,0.7217514510536075,0.7624456829503601,0.736658854810347,0.42292991943302194,0.6942022297656113,0.9112195555031397,0.5861586752373985,-0.35483439147158585,-0.5277213405580367,-0.3307187147878194,0.963568223602581,0.3458086550369536,0.07763773912861413,0.569827065871694,0.14824365555306812,0.8953178203321682,0.6970670679354258,0.8233651704834798,0.4698408417837152,0.4666359890059844,0.9413240118597276,0.9472329370195471,0.535460996034842,-0.009120273708426845,0.6444455296779735,0.512444999529385,0.7171579600823594,0.9631838105117357,0.6244349447303055
USDTUSDT,0.10327178999024919,-0.06257485560683357,1.0,0.0654389563049265,-0.3074991868117659,-0.1509836065313438,-0.47902733555263416,-0.47855996312162813,-0.0564515937274544,-0.4425419567501296,-0.32104409828513253,0.6407218245221994,0.3547477563733642,-0.06341516679886704,0.1609995378111175,0.8242591667659617,-0.08302223098910357,-0.21492252193671565,0.6526905051209286,-0.4233770499363405,0.8594051749937648,0.18599803803099385,-0.5098216466900093,0.12956604008786451,-0.056824819498638345,-0.034133367947243275,0.7726179967349339,0.15799800575489442,0.08858796051327554,-0.5401100999702436,-0.20606658905655229,0.06857086239764466,-0.39142408694653724,-0.5679984515812649,0.3528234684638233,0.5282523193292632,-0.08437887759309713,0.6790490177495694,-0.2402820069954336,0.5496341171977017,0.44312656251687665,-0.16492376628554553,-0.604585580400019,0.7588316818185725,-0.4969525229772037,-0.24631327805988817,-0.49308467903887515,-0.07918656948163336,0.7792684489917162,-0.34701372865633184,-0.7187195768616053,-0.3673410525632207,,-0.282491664820854,-0.6684897229386497,-0.03569760557664194,0.9446295668697167,0.16918107455272652,0.039657638849367564,0.22707664913840359,-0.42855265954908095,-0.15472442778672962,-0.3785693007081541,-0.09016294932374494,-0.25848680462149987,0.16086722887405241,-0.8206389706358207,-0.480268151829628,-0.40313894551568474,0.03453945931097099,-0.6333226739809806,0.30316597990906596,-0.6477556444970646,0.21583207278436678,0.49436181982281396,0.6813977469782018,0.5840000691673589,-0.5149473716138832,-0.04178071652496277,-0.413259827516257,0.5325858362419562,-0.6057781580738079,-0.4362335828034292,-0.4113945641318709,-0.2365619553467301,-0.3175086756441083,0.4322549793896935,-0.7207960947706397,-0.1697530726448648,-0.21978049282000006,-0.794962744963166,0.10687536856004716,0.09013754367991662,-0.29284794524398455,0.29888036459126427,-0.03455842849870907,-0.23822795486297005
XRPUSDT,0.6608970483933077,0.8741702226329074,0.0654389563049265,1.0,0.6537608069569762,0.8781476676255369,0.17260554525192487,0.26806729310328253,0.8767159196116082,0.7909039573420504,0.7447327378863509,0.16379280853769734,0.777436603708286,0.8798125830167495,0.6711180870153426,-0.13324641969100717,0.8717245636397427,0.6075762548984974,0.26668785172380366,0.7191064959672389,0.06320244435189062,0.7694520119379291,0.08851412771057886,0.7555869234347744,0.8717946949409062,0.8805035655107047,-0.14088661492955193,0.19831359992469305,0.669625882889535,0.6768549900492163,0.6331349614542671,0.5257893217261546,0.798484977598693,0.5581508512797138,0.13637880817381723,-0.19542148563732364,0.8110086626559228,0.04552427321174531,0.4309268163143588,0.03707963775437081,0.2974573338635472,0.44980679010200414,0.46706965048940463,0.23326536100465126,0.38446791255117924,0.8474293636794461,0.27766215116862875,0.8760237525008684,0.23398988904736054,0.2629173845835614,0.5297250511511693,0.5474905172850049,,0.07717796113471852,0.3489016442086167,0.12011687636214526,-0.07528853365307096,0.909767878292336,0.006647420631276149,0.7722251403352784,0.6694088006547884,0.8858230385300223,0.8193879779110997,0.8926919414294207,0.6061217176194534,0.818223308857441,0.2762718528439243,0.750665432777274,0.5386461147283824,0.5914054473236812,0.5898700894506043,0.3336912505216067,0.5690361867517856,0.8328873652650906,0.4379204361692818,-0.36225220372113076,-0.1948293520718269,-0.2653650095815342,0.8796007616180551,0.4556125022482225,0.26339974066016175,0.438572251740348,0.18607636143107179,0.8103161902735312,0.48201582232979573,0.6522603909871003,0.3753640751543418,0.285086939795086,0.8726796623679159,0.8767451160497205,0.3900938661683219,0.08671504835800509,0.6796666926319885,0.3739971401390666,0.7027418324065005,0.8730965741331806,0.5718447556385392
BNBUSDT,0.8698808973051975,0.822714071861626,-0.3074991868117659,0.6537608069569762,1.0,0.867095458479228,0.5205378167429413,0.7479101704820682,0.825917426166688,0.842690234095121,0.9233296528963381,0.2827910673281994,0.5148058918928625,0.8314390461355149,0.8357954211685383,-0.3733195527889961,0.8328606328472504,0.7444320348036988,-0.07892747452854035,0.9413605902525337,-0.3111404396951086,0.5081868935399123,0.49961162723687635,0.6420152116705051,0.8241917044981146,0.8169705508105323,-0.23129440315099048,0.32135674317919816,0.8811969505439675,0.931680570369406,0.9052084175208909,0.4804952714234316,0.6074753277079921,0.4451033023989977,-0.05377417085335758,-0.5020683212737403,0.7074963594715288,-0.060301247354742786,0.6359024425547036,0.26466073185420047,-0.029617367284777357,0.47686848740973553,0.8037426142436075,-0.09945326485759173,0.8508488955331067,0.6309190258258924,0.42735967258485436,0.8706047063512609,-0.09712361753085251,0.6816161101455557,0.8215048008319116,0.9113416980624914,,0.6458873526784734,0.37805246028550465,-0.3628665817055846,-0.47651752655406593,0.7524889526715052,0.04368824997956343,0.3079304496910734,0.5307808411886842,0.8735359460339643,0.8538012195103178,0.8784520695473136,0.7283618320493651,0.3718851986557829,0.6258489085976935,0.9027018939451742,0.8745550732508617,0.6890559909750877,0.8904258688093634,0.4373443658985565,0.8704897749499583,0.7045377966129107,0.33932071728146873,-0.45971604584799747,-0.8175583942171527,-0.40569955670358193,0.8177950619859259,0.5469767252634978,0.07113622028351499,0.770956190206068,0.08815131349723906,0.7992222406431548,0.9325504042257947,0.9945230244703281,0.24609665488303298,0.8083718976311133,0.8835254441671203,0.8665614920285273,0.7286683432422946,-0.05881570782724046,0.6765138181905453,0.8153835579796762,0.7532387719517023,0.826757016076445,0.7408053877993787
SOLUSDT,0.7946757613574841,0.934103778813379,-0.1509836065313438,0.8781476676255369,0.867095458479228,1.0,0.37196095112019956,0.5504880800054486,0.9360101745038838,0.8905068883896593,0.894472398527169,0.1695232130659284,0.7429841818137236,0.9382746921777201,0.7861799002489844,-0.3293525250247385,0.9376553517765401,0.7855274040894682,0.12626136049052822,0.8973385306874274,-0.11303921301727733,0.7204929435753178,0.2860635311759417,0.7338090816830004,0.9310271376242306,0.9338783837770726,-0.15438125395020907,0.15625445703923568,0.8030169938824089,0.864969087100679,0.8785375196962506,0.4852293446416832,0.8353964323512488,0.6459562773098534,0.008742565700984377,-0.3119350231481586,0.8030604443153968,-0.006157908710584182,0.6099054566197238,0.057581543492983334,0.22103974652299468,0.5692469628894405,0.6765026664163859,0.0883591545407824,0.6003592412116278,0.8179299228516249,0.43734768808534935,0.9256164421965833,0.09872587186423,0.402225719284105,0.7397259018155712,0.724252383238635,,0.34393465852922156,0.503566672719367,-0.02003055128037983,-0.31638465633770907,0.9207127791608762,0.027641226066484885,0.6347921824749598,0.7557536381346374,0.9775382840697613,0.9193568934477115,0.9754002910156705,0.7583249256937675,0.6856859467386841,0.46495786574611814,0.9156634577900857,0.7559340191667827,0.7795657399758779,0.7770408677342066,0.4551781820353781,0.7380151188276144,0.8433798071021773,0.39516203897422464,-0.36055823959848005,-0.5517893105481848,-0.2840129868869768,0.9325046971007753,0.5558393366760906,0.19892592974034398,0.5839990964323869,0.23065126174793338,0.8890284820377803,0.7511585233533965,0.8659842999732408,0.34785176117406985,0.5487042900538921,0.9742948246530229,0.9486242145284272,0.6431917935216857,0.12768949839831484,0.7470648226364383,0.6465942744687931,0.7707753687968725,0.937026040122137,0.7646396345404376
USDCUSDT,0.13849922324218705,0.48891226389991593,-0.47902733555263416,0.17260554525192487,0.5205378167429413,0.37196095112019956,1.0,0.26316507229483416,0.48179781527624616,0.34905061515718605,0.522984268188172,0.04020040832563363,0.05117853792061125,0.4827083168200152,0.08893572347252683,-0.08512564935794538,0.4968454779764963,0.1839759248589169,-0.3541190323977363,0.40979582690034083,-0.10442824463408715,0.5032858719025909,-0.09275824236889019,-0.1920952607213341,0.4954081258716146,0.4741578790715253,-0.39164877062085607,-0.06878432813324388,0.1687667322656766,0.5563011655354699,0.5726804996096709,-0.41025471037257405,0.4310734429390801,0.39645271386672915,-0.4077762714972315,-0.2737607070654171,-0.05939873097789225,-0.29356503560057823,0.8828039142559694,-0.15482531685466536,-0.5410253728038975,0.3207792711859465,0.7325022824328701,0.0632169286611371,0.39689622046726736,0.35212538778001246,-0.1951363420450141,0.3727275897850574,-0.4005254472635993,0.4241588860183086,0.6765966302119076,0.5161046738849516,,0.40990674639737207,0.27104550704361163,0.07336177841459124,-0.3971795079878118,0.2884747905158081,0.028726637688279776,0.24143715197151389,0.41006014840655985,0.3798903850659777,0.6148707107768606,0.32442196143582275,0.7699659345498777,0.35977112941682143,0.41079896574680974,0.43269962543766544,0.5862958760915657,0.3186258359596286,0.6303266348101452,0.016972801133982526,0.613986577801514,0.416174427086492,0.43295315848394605,-0.46823281236727293,-0.7496494823411887,-0.04838699285638992,0.4834002433885766,-0.1885159774515044,-0.6150117409706436,0.6400997803591475,-0.01523949526365083,0.6142088380947,0.4588350870378061,0.5299951049002976,0.3123210434598033,0.5763918275087228,0.40490290892025527,0.5087705225415414,0.5349188813063555,-0.36536091975870055,-0.04199246647904621,0.23995156005081014,0.026266898799123493,0.4750955433983227,0.1507289501870916
TRXUSDT,0.6924885512000948,0.4002148565660221,-0.47855996312162813,0.26806729310328253,0.7479101704820682,0.5504880800054486,0.26316507229483416,1.0,0.4090029458351611,0.5639381205772465,0.7228136434601994,0.1775792575053733,0.2856081767567384,0.41600641485789985,0.6653496509423161,-0.6509271805638402,0.41608306993218275,0.8091668245698204,0.035228433051861546,0.7209570721247512,-0.5834729321310367,-0.04591117624277345,0.8035496064640177,0.47276720817703183,0.3905310263521343,0.39812668516106947,-0.18171158232664575,-0.042449859228472595,0.691883922655595,0.7646757546295527,0.6089571814155882,0.455942752287015,0.36989060083822883,0.22748253945449992,0.10005760651133636,-0.7560905877336107,0.4458848622223235,-0.2732768819393554,0.2621477071475026,0.2892709745921757,0.21144091470189866,0.5713582657996313,0.7330733932559934,-0.3512523031545454,0.6711148034206578,0.44263124891406636,0.5822996764354348,0.42468735900533694,-0.05092615040004687,0.35704111726584675,0.714073838297116,0.5795204925040381,,0.5046464067310503,0.5110267981172669,-0.28682966519130054,-0.5870360813516708,0.3862281787141938,0.06886934499592176,-0.09564047624865131,0.2573162046733395,0.5521947259121538,0.5003229610120532,0.5611283547600209,0.46126899854938447,-0.09189009916919398,0.7837772066950734,0.7081257388940082,0.7411312032148382,0.35124454405253075,0.6476383131291226,0.35909649065111343,0.6827559059033939,0.2940704776585993,-0.21840122602887,-0.3106769313626019,-0.741449854171825,-0.2577949458178681,0.3930945710786165,0.6190758814073989,0.2467406403764237,0.6550530416357081,-0.06884511753193841,0.494145599101867,0.7462908376200347,0.7426589514879253,0.07406385244502228,0.8460477558857299,0.5591338160967945,0.5298898802597994,0.7939936219919252,0.3400717606120945,0.5613687988021369,0.9307599998225776,0.5470471822240186,0.4095988784522843,0.8326452609688384
STETHUSDT,0.7321742599806675,0.9620331146074215,-0.0564515937274544,0.8767159196116082,0.825917426166688,0.9360101745038838,0.48179781527624616,0.4090029458351611,1.0,0.8074932613783243,0.8630185347542081,0.2582192461484849,0.7473280362252461,0.9636953137671405,0.7239017925310645,-0.13135279266792854,0.9625227582409842,0.6698155302235335,0.14050866291168063,0.8127374215380966,0.058284195678784255,0.8484294998210237,0.08494367253795782,0.6283884104042232,0.9626167402281808,0.963377044929283,-0.12721254912526406,0.16619867871381352,0.7464068129640038,0.8021847768847442,0.8636768998899133,0.3335711732618979,0.8078956584351483,0.5916511392613558,-0.03185494712501924,-0.22862320619820817,0.6960280562364867,0.03837718663573635,0.7274209751661235,0.07899537907613058,0.12061851195917181,0.5378804394133471,0.6645784179316478,0.25935952527075035,0.5207320528766461,0.8034876572269535,0.213580941249353,0.9215917175223567,0.1245232319349336,0.3999699218627182,0.6903851971860724,0.7007430505123352,,0.31566908090098683,0.3814140849017725,0.03334471404544382,-0.18493295845586993,0.938206705762966,0.03256214338681008,0.7207448925365507,0.7169108197286661,0.9434671915868168,0.923214736261527,0.9373574063814136,0.8258041813273195,0.7903194001208635,0.34755388560644085,0.8296809400652417,0.725302833295845,0.7590862880304858,0.7343609281435979,0.42923244744853695,0.6940147066137909,0.9145296510950758,0.5831767528538064,-0.3521065430827979,-0.5264914149614645,-0.34188730485695074,0.9639561819356738,0.349353867192438,0.09173294287188871,0.5721903296056625,0.13512587047863997,0.8941885346768039,0.7003688531760223,0.8262612068246102,0.47659277829699576,0.46984451028895907,0.9429941815341288,0.9489763711040107,0.5356546010473164,0.0011498945990188135,0.6526166868229446,0.5223056755156672,0.7273667101199967,0.9637477364147745,0.6334746294766972
DOGEUSDT,0.6769782607376292,0.8073222602975523,-0.4425419567501296,0.7909039573420504,0.842690234095121,0.8905068883896593,0.34905061515718605,0.5639381205772465,0.8074932613783243,1.0,0.8536489757114557,-0.12148572784308992,0.49745589706258514,0.8138748182117171,0.6511983271328582,-0.5900207831556616,0.8174375591612502,0.7072711245253569,-0.151316103094774,0.9446707631325754,-0.45467887207446567,0.5088587922538429,0.4908625863025757,0.7052758048766573,0.8038032507864978,0.7966626349171286,-0.4513368891715112,0.2421309856833604,0.6868484354869779,0.9191741815774336,0.755177274485093,0.5693961645777924,0.8267671288652725,0.7364696344252639,-0.059653701046545146,-0.44098335095927244,0.8554032794366653,-0.2112448154105893,0.46192796141464804,-0.12545842902466095,0.038247683156778574,0.43001439027927957,0.7081086933647455,-0.2774159916945685,0.7497828031464129,0.7835176941743273,0.6342815627798704,0.8713219609331956,-0.21014432083847448,0.5464323431162155,0.8380391002378207,0.7921967309158671,,0.38430120423032654,0.6104723768066893,-0.10550542407615501,-0.6041815379749291,0.7231499313679893,-0.011467581220253377,0.44501337961613135,0.7706418557224368,0.8974170827916336,0.9008773311424394,0.8839319539775836,0.6120306698580766,0.5070830581584784,0.6826126609927099,0.9639712304663256,0.7356643343345297,0.6094429021584598,0.8941702983013475,0.2421715476378884,0.8686105710708227,0.6062522269465471,0.11437847921224065,-0.6111959986900127,-0.571665654747147,-0.05712510325953645,0.7986544132114718,0.7429198452107055,0.04559814291258658,0.7011842228315903,0.4240558011272627,0.876865166263297,0.7012418811488964,0.8460114616935134,0.02669198914233636,0.6944516649315375,0.8959223857138346,0.8802276271243599,0.775872097271214,0.011513689750822845,0.6557837080357571,0.6224072552458336,0.5882258873401,0.7978175595526759,0.7040483717474066
ADAUSDT,0.7963310897944595,0.8583781888409042,-0.32104409828513253,0.7447327378863509,0.9233296528963381,0.894472398527169,0.522984268188172,0.7228136434601994,0.8630185347542081,0.8536489757114557,1.0,0.2567600537663914,0.6226941158403928,0.8690437053690655,0.7741123359124116,-0.3952873209708669,0.8671393784302095,0.8194089238977383,0.0992428337981286,0.8962088759177906,-0.26676975508027867,0.5772523611858538,0.4259770245080769,0.6190673455223784,0.8544193080057308,0.8582264260314834,-0.27507176845845355,0.07793721918149249,0.8110036962509001,0.9459332877287118,0.8442595987711774,0.4109740577919341,0.7567707952133094,0.5091041167030431,0.03241807348170266,-0.606528049209043,0.6630458987411599,-0.19481514729101518,0.6566868396081729,0.17935764866329185,0.12135485571166257,0.6586618158636648,0.8762118407875955,0.011696651429198759,0.6806385250317885,0.8237069780942091,0.35361390533072,0.8340151166099372,0.020212782441093327,0.4657842838249561,0.8663998122185652,0.7704421044783399,,0.43100772823386335,0.5057645728490409,-0.06757645075716188,-0.42822752459073715,0.819431397120321,0.05323436900494376,0.46893835784094023,0.5997683173017677,0.9026814901445027,0.9080148315466207,0.8978844809062462,0.8294490927676259,0.5344161676483251,0.6782773371309375,0.9105944917005869,0.876680569960269,0.5970875312091849,0.8523739933998067,0.3908039219768187,0.8604795019275957,0.7754395261215361,0.30000329267471293,-0.5077544479254407,-0.7192619531174154,-0.34911090601513395,0.857791288017555,0.4901103617748884,0.10484648354802593,0.7956195302630912,0.002813576790604291,0.9010058478475947,0.8041248467123877,0.9221993846206777,0.3901567369153902,0.7761159693525309,0.9065384192595151,0.9332011546147682,0.7742961669264503,0.10757326070461196,0.668488620226548,0.7737460630567784,0.7134954018617814,0.8595204332748889,0.7982556911217498
FIGR_HELOCUSDT,0.5670867651727514,0.24583375521627018,0.6407218245221994,0.16379280853769734,0.2827910673281994,0.1695232130659284,0.04020040832563363,0.1775792575053733,0.2582192461484849,-0.12148572784308992,0.2567600537663914,1.0,0.4777310082840814,0.25805712029808364,0.5901016808777486,0.5885476296123567,0.23729005200475126,0.2476975439958573,0.64358969786321,0.024096172029406566,0.5505432726509647,0.24880313079556532,-0.08605451055712131,0.24650027995385843,0.2504979955436612,0.2740038430340916,0.5763005133206406,0.1308984078200899,0.5666289800527242,0.03249516719089108,0.24407920943573863,0.1333446503048921,-0.2232634317636466,-0.5877837528991325,0.36403281261245946,-0.14704895077559305,-0.0028177114780224377,0.4088430404240827,0.20635237222527358,0.9215998170546029,0.32883248447974134,0.27236429871412676,0.10888063151537762,0.6833262207597156,0.005797002201138391,0.05857312768383875,-0.456032501911703,0.19718315881920573,0.6908227357447063,0.03276112916477328,-0.13351376597076917,0.12689438720159663,,0.18419044384795058,-0.4860525865044834,-0.2667956079938553,0.5951743482763604,0.42057363283797045,0.11790411962261885,0.14200918927729558,-0.4146995595269807,0.17151572371316565,0.018204078389379465,0.23569097857721014,0.2659016350159939,0.12378767844871096,-0.23076716269283493,-0.057645513219903646,0.23634338589852655,0.15810071606254975,-0.11258579861783262,0.4994679884965153,-0.07010645553240366,0.5092095793664304,0.5749495648405387,0.3295380468033075,-0.11771489845203002,-0.8760311968666895,0.26680157701454105,-0.3050118679398381,0.4607730561341717,0.06554888383637252,-0.8074897612319838,-0.00805468091110381,0.3413289185984664,0.27173430299041745,0.7125362336491817,0.010209727377884278,0.17341682517762794,0.18750482282590783,-0.2437805452318625,0.1098862389434194,0.32120402454802394,0.3464912362655717,0.6257560985796324,0.27800292665175086,0.2197193018160585
WBTUSDT,0.680648616111973,0.7401104272101725,0.3547477563733642,0.777436603708286,0.5148058918928625,0.7429841818137236,0.05117853792061125,0.2856081767567384,0.7473280362252461,0.49745589706258514,0.6226941158403928,0.4777310082840814,1.0,0.745167246987768,0.7145260430752778,0.07271855821404999,0.7324683176705935,0.6876693338430159,0.6386776787281276,0.49058955939239246,0.3570294619354723,0.6787429101309818,-0.013107685507433162,0.6457852781983746,0.733380601577804,0.7604569408777058,0.30472082726457916,-0.08732260298217402,0.679214941623022,0.45827479269819016,0.6038855287474121,0.36856444689683093,0.5949124406289903,0.2736483849985995,0.27456698805668717,-0.11709595597117606,0.5438909198619541,0.22907236911303616,0.3905241706787408,0.2970654944546398,0.6205301838446976,0.6188558392360707,0.33424461258023225,0.5419735658534531,0.0888538088612432,0.6862961332180035,0.09919731581022405,0.6447389064565205,0.6272816931581005,-0.08852480780368675,0.291572415370143,0.2585120280594073,,-0.01963816622108825,0.23620842699429082,0.213972030358366,0.24061412242129115,0.8900141017096348,0.07289389695165989,0.7173910618120463,0.44507871000610777,0.7454829937919784,0.5789693829269846,0.7701131155627322,0.5905238285532555,0.7104700738425034,0.03765127314796156,0.5226162921105175,0.4483230581998609,0.6149027220136838,0.26339065986130483,0.562504720321565,0.2486810943744722,0.8465527615252567,0.4801957109062243,0.0970881214266716,-0.13299680510892192,-0.47065315158991106,0.7521551680580016,0.22407006110819602,0.5353018781101622,0.17538036441224292,-0.14334581596494558,0.5785311364292044,0.4359463936783112,0.5043998010271724,0.6500244762248336,0.09246936141020728,0.730636259244385,0.7036187283661469,0.21321312711804516,0.4229646442930519,0.685712763755944,0.44660524957600034,0.7835612692480389,0.7591215597834099,0.6496716375306949
WSTETHUSDT,0.736496242811706,0.9631348112907402,-0.06341516679886704,0.8798125830167495,0.8314390461355149,0.9382746921777201,0.4827083168200152,0.41600641485789985,0.9636953137671405,0.8138748182117171,0.8690437053690655,0.25805712029808364,0.745167246987768,1.0,0.7277179602469689,-0.13771903940716626,0.9638515386622478,0.6726440490707172,0.1377302569961254,0.8187016332820699,0.047807748765488746,0.8445418864830446,0.09503371347158875,0.6336112367873571,0.9637037856071469,0.9644151553014837,-0.13719193661145226,0.17158148763845976,0.7509349899924028,0.8094790078335604,0.862377943033964,0.3419838837739498,0.8092027651129914,0.590466546314594,-0.02842492198421799,-0.24146825369850325,0.7019781233248388,0.031053009163060884,0.7247262972240454,0.08257651198250066,0.11758611306901283,0.538407287831342,0.6718743269984703,0.2514291211587348,0.5296218304339854,0.8089477611065183,0.21740296312775959,0.9252866904543599,0.11967886120393144,0.40813270593050943,0.697408656927161,0.7079806279509596,,0.3188833248996578,0.38267593602716604,0.02805930021950643,-0.1920687138260707,0.9383264242908288,0.032462678932702695,0.7174119466580544,0.7145991042809056,0.9458948403471338,0.9271326135737769,0.940050620433017,0.8259194553369693,0.7876929889022033,0.3589822386553406,0.8351186427502402,0.7307285608125398,0.7525620224744279,0.7421013911739199,0.4253644439643025,0.7036343919397162,0.9136711848588206,0.5778211756426682,-0.36467376594229584,-0.5295653615533205,-0.34360816479991835,0.96507133863374,0.3563252926894007,0.09112955387133578,0.5833637205977856,0.13254917823250367,0.8986483275746618,0.7036708672285219,0.8318378136870912,0.4730607780905071,0.48005743843355675,0.9454454036361745,0.9530817527931175,0.5420119210029333,-0.0023128367615825748,0.6550284856166617,0.5275825423031356,0.7292702509111232,0.9645690312598763,0.6364568514862531
WBTCUSDT,0.9946278480720262,0.7135113207247998,0.1609995378111175,0.6711180870153426,0.8357954211685383,0.7861799002489844,0.08893572347252683,0.6653496509423161,0.7239017925310645,0.6511983271328582,0.7741123359124116,0.5901016808777486,0.7145260430752778,0.7277179602469689,1.0,-0.13174726252199537,0.7157750276519479,0.7758416925754412,0.3544678762971785,0.7595082327005812,-0.027607052706254513,0.41155327430747607,0.4704518066565351,0.8287361960346418,0.7122596780160129,0.7253705901810854,0.183394491789159,0.33900592115241507,0.9907316613084605,0.6808255697995108,0.7464486765707878,0.7005714914097211,0.38831252300265345,0.11373065156442219,0.26210313900791504,-0.3824056329058566,0.7447895654997349,0.23228302495316921,0.31636914467569827,0.6080437561428954,0.397745051098485,0.46547737393340705,0.4885775952296311,0.1530291981859858,0.6165041367881957,0.5264091477971197,0.3711703022109226,0.7776784118148886,0.3737120743413462,0.42722152343093533,0.4568307223628025,0.677138439773768,,0.46861379317476576,0.1313487696994804,-0.4098130641304399,-0.06159192943665336,0.8081735472317053,0.07178851944633853,0.3148196196994323,0.26111470706353834,0.789089473280603,0.5965804746237243,0.839036886680343,0.49143948231630546,0.31352431050060625,0.3243930986700095,0.6956262441655134,0.6750387989074745,0.6447566159505448,0.5402647880324385,0.6281313744815219,0.5348594113569232,0.726600188417821,0.3529257414778275,-0.08575786576498406,-0.48258963241108876,-0.6614666413167659,0.7186137955574271,0.5296283020603795,0.5447891220131896,0.4548707570420524,-0.15095813739115294,0.5371951105708067,0.8195263199526589,0.8280541339782178,0.3821690177509403,0.4991545429077342,0.7859524808871503,0.7192204980496206,0.3967933185683154,0.21004588914056907,0.829529935008088,0.8103369782976338,0.9691387788328801,0.7358452806443673,0.7748110315340663
BCHUSDT,-0.1633977924346658,-0.13164360896363456,0.8242591667659617,-0.13324641969100717,-0.3733195527889961,-0.3293525250247385,-0.08512564935794538,-0.6509271805638402,-0.13135279266792854,-0.5900207831556616,-0.3952873209708669,0.5885476296123567,0.07271855821404999,-0.13771903940716626,-0.13174726252199537,1.0,-0.12944961244370284,-0.5171149932175418,0.3589761300223598,-0.5608816536375673,0.8853609481350124,0.2517846050910157,-0.7538077294360194,-0.26539340548156054,-0.11806498754845288,-0.11222454332398575,0.5497332017492624,0.16093578926500654,-0.16056791164997455,-0.5851383363108814,-0.27318161503836175,-0.3482837288838968,-0.4774034106870331,-0.6031387208398575,0.10784379940766978,0.5368727510004583,-0.40756503118385545,0.5272124142313448,0.023469029224744985,0.42400502176995625,-0.04041994195306508,-0.2939503041583098,-0.4856845199159604,0.7864140125611813,-0.5023570366423219,-0.3549434373538359,-0.8506055016957546,-0.1907580383415934,0.4757846443264292,-0.19940187248946148,-0.6506208625664162,-0.330033289600107,,-0.20730326453380227,-0.792923718769893,0.0011861979807567618,0.8855790115639715,-0.022719685917908846,0.03079876720373273,0.165638871479893,-0.5031010556088177,-0.3290928226425511,-0.3726841863052077,-0.2949802066091291,-0.13858480449549737,0.1612024984536489,-0.8120297485761249,-0.6180655078629954,-0.4046447648920391,-0.13750636449806466,-0.5708047429899924,0.06665540078549463,-0.5776815446589826,0.13880839872521206,0.6604167391793306,0.4776723780230377,0.44060400796677524,-0.4324349012037137,-0.11188523033494023,-0.7808128992591181,0.039411907228299174,-0.45530848566034987,-0.5230168144602263,-0.3961645069907558,-0.3186044190550774,-0.3753677176914361,0.4634371160731479,-0.6505432703121122,-0.32895559633695687,-0.29071287098977233,-0.8126677277439796,-0.28575502316926743,-0.26686593829807104,-0.5143912107994391,-0.016474074617896562,-0.1169264451102749,-0.5574670255814962
WBETHUSDT,0.7260061034213617,0.9624530443210332,-0.08302223098910357,0.8717245636397427,0.8328606328472504,0.9376553517765401,0.4968454779764963,0.41608306993218275,0.9625227582409842,0.8174375591612502,0.8671393784302095,0.23729005200475126,0.7324683176705935,0.9638515386622478,0.7157750276519479,-0.12944961244370284,1.0,0.6681627717290839,0.11392079261994843,0.8227645340705031,0.03677401789061333,0.8447120150528259,0.09417480699626507,0.6213112034515167,0.963130664026706,0.9627182349651142,-0.14818744582172733,0.16889662185583418,0.7406528988510075,0.8135093888288684,0.8697651993049396,0.32838184825977523,0.8151080398295311,0.6084130087341191,-0.04813732970637755,-0.2335674671718237,0.6970886050164907,0.02453063040656144,0.7355580895939685,0.06036002938699258,0.09976034795345164,0.5336650549992824,0.6760933043338988,0.2370176714771278,0.5360847006443689,0.8030737559480432,0.22600416781890267,0.9239390233201049,0.096905395701136,0.41482979589693514,0.7068037962965026,0.7128834487712558,,0.32733786430479667,0.3952499201540459,0.029154325462837947,-0.21094630894543154,0.9301508685376622,0.030460320707424868,0.7125753461112829,0.729303663044791,0.9451634755442762,0.9317816827497442,0.9370596572458251,0.8297402402733156,0.7844198498166509,0.36416758882788247,0.8401653335218117,0.7328095921279469,0.7612984588428641,0.7513289001922745,0.41935498108179964,0.7097302719998438,0.9059458681258482,0.5738513422630207,-0.36908106466446017,-0.5428765492411769,-0.325225448211647,0.9636342675771934,0.35823418123389916,0.0707817843938182,0.5850410854979191,0.1537038488089073,0.9021786260904958,0.7067518901114054,0.8336585172986546,0.4596852662945713,0.4860068545544604,0.9453152470916036,0.9516584083147342,0.5531658306141517,-0.010821939951659917,0.6460418510831645,0.5247094189791224,0.7155545235568531,0.9632915530032763,0.6327162747715135
HYPEUSDT,0.7729947545656713,0.6608113467071357,-0.21492252193671565,0.6075762548984974,0.7444320348036988,0.7855274040894682,0.1839759248589169,0.8091668245698204,0.6698155302235335,0.7072711245253569,0.8194089238977383,0.2476975439958573,0.6876693338430159,0.6726440490707172,0.7758416925754412,-0.5171149932175418,0.6681627717290839,1.0,0.3494402247003933,0.7558868906555287,-0.2589286719625139,0.32065785253998735,0.5501364032671184,0.649479669064806,0.6470624121181741,0.6690529937639005,0.0019699544091619026,-0.20830626328775761,0.7705990002158085,0.7772530653354341,0.7320732947941866,0.4780046682778064,0.6630444437132706,0.41868468428702704,0.2029882925347858,-0.5791421947116056,0.5933905375570037,-0.13795363104862318,0.373891594552055,0.21463416852002218,0.5431286419027561,0.7826078474203207,0.6870082955632028,0.0033084734542296185,0.4457890050529404,0.7214961032912312,0.5321422578732309,0.6011914075426001,0.2842538047099531,0.08992305781282858,0.6777653422049675,0.4644210107469581,,0.25519705572397283,0.6152372632853357,0.05254823960370742,-0.33771097320140453,0.7315061565618348,0.07367364778699155,0.3523308108202759,0.5185394502784975,0.7874161007908757,0.6686525699003898,0.796282275098697,0.6422074819143201,0.3471032450478482,0.5966435478761,0.7950488682567889,0.7338834012033378,0.5811234162062073,0.5784144141570622,0.517915276259959,0.5900989465775772,0.6251669409995985,0.010775241261942303,-0.15794083193465402,-0.5542003540525958,-0.29966518437746364,0.6604174570460146,0.5928108943023135,0.45435054706493455,0.5101417775326226,-0.03006800897234256,0.6797715157487413,0.6887085097822591,0.7348857312374341,0.36266044581540574,0.6138996228559059,0.7813432539502536,0.7420658695534644,0.7231718746345771,0.5694103443115207,0.7499941399487386,0.8653184394226412,0.737429100895059,0.6752871357601191,0.9632512165812429
USDSUSDT,0.2906487063247653,0.12674512263514873,0.6526905051209286,0.26668785172380366,-0.07892747452854035,0.12626136049052822,-0.3541190323977363,0.035228433051861546,0.14050866291168063,-0.151316103094774,0.0992428337981286,0.64358969786321,0.6386776787281276,0.1377302569961254,0.3544678762971785,0.3589761300223598,0.11392079261994843,0.3494402247003933,1.0,-0.16052226875078504,0.562288721975105,0.17092813806980287,-0.1532752545779204,0.2748558103179192,0.11513383455110987,0.16340988299802378,0.6110430126899596,-0.4044938604594602,0.27910120544710515,-0.13481805911948558,-0.024148037484947163,0.1416972161348677,0.033217324366294244,-0.34800699273860114,0.5543413557955681,-0.09863247590803216,-0.0047036034960728276,0.24318569271107218,-0.1077905948054502,0.5240985713113949,0.8588047439727483,0.4964501320629613,-0.08527969672767459,0.7063812551072028,-0.4783882032289742,0.28053207417917186,-0.26999958543904357,-0.020819853165800324,0.9461382278699118,-0.6147898933825384,-0.26227315215411445,-0.3791232762112081,,-0.408174232400192,-0.1094934890490936,0.3651787295359482,0.6663406954569907,0.40829115405829997,0.10046783715129598,0.37055067082879894,-0.19754373247379903,0.12502391007219585,-0.08249524803176461,0.17345941495852285,0.1333127733368466,0.2970542505836223,-0.2713369768432215,-0.12131230205308104,-0.021166256788737355,0.018234814320727117,-0.39677472852820267,0.40378645330922797,-0.33781083458032274,0.4069601232523009,0.1885749063653427,0.47810869651357873,0.3414834016203271,-0.4959827757706386,0.14966585797500448,-0.17635958389551798,0.7331890464947537,-0.24064268342996237,-0.6321869811231099,-0.02550591621767902,-0.09152629610908392,-0.09710545161630384,0.688007428363434,-0.3080279241600131,0.10352729922630544,0.10835521328302414,-0.2506877885343194,0.6757873022391849,0.33824692614951457,0.16279827754124737,0.45854707479691664,0.15577126696705168,0.3362787219818198
LINKUSDT,0.7916331717098056,0.8113506591715312,-0.4233770499363405,0.7191064959672389,0.9413605902525337,0.8973385306874274,0.40979582690034083,0.7209570721247512,0.8127374215380966,0.9446707631325754,0.8962088759177906,0.024096172029406566,0.49058955939239246,0.8187016332820699,0.7595082327005812,-0.5608816536375673,0.8227645340705031,0.7558868906555287,-0.16052226875078504,1.0,-0.45225735943651485,0.4713700758381367,0.5632341723663428,0.7065635141877461,0.8096755576013358,0.8009719587166744,-0.3590484214099787,0.29965302104929953,0.8001017652285273,0.9525621632842793,0.8536014074119588,0.5727518154499258,0.7314321817811996,0.6357686591382206,-0.0732630061810975,-0.4728061713615972,0.8274594493641281,-0.14182699929077472,0.5212544185740488,0.036706236537375134,0.009892073142525066,0.4430549289842415,0.7552560820106502,-0.26865920236050667,0.8484395411415617,0.696983381772126,0.6278735093379999,0.8839782306906463,-0.19550841651942344,0.6400382653075328,0.8537284714149507,0.879270511312837,,0.5479933316979193,0.5432592295280391,-0.2708922012141551,-0.6082295209122246,0.7271306676018254,0.010049024873705398,0.34155504485290583,0.6873760113596026,0.9032145174481624,0.8844109194001649,0.8984079833946647,0.6452776082920028,0.40001142782549765,0.6907674824292757,0.9738424190298764,0.8167423616559536,0.6836505783756107,0.9229800387205821,0.3480247688345112,0.8929557608313181,0.6248353207032895,0.16789855207778917,-0.5393507318626063,-0.7207552685911405,-0.1925257096674999,0.8021235510590548,0.7279347227377889,0.07197690800512682,0.7362547434714488,0.3314477943537768,0.8388144086186125,0.8482368911335076,0.9438500930706998,0.06555966664478904,0.7813041813343257,0.9073292628164443,0.8737672637458036,0.7963829525192484,-0.004186912427824606,0.695350922260923,0.7572795283836663,0.6784226175294783,0.8084795150580805,0.7596391936557606
