,BTCUSDT,ETHUSDT,USDTUSDT,XRPUSDT,BNBUSDT,SOLUSDT,USDCUSDT,TRXUSDT,STETHUSDT,DOGEUSDT,ADAUSDT,FIGR_HELOCUSDT,WBTUSDT,WSTETHUSDT,BCHUSDT,WBTCUSDT,WBETHUSDT,ZECUSDT,USDSUSDT,LINKUSDT,BSC-USDUSDT,LEOUSDT,HYPEUSDT,XLMUSDT,WETHUSDT,WEETHUSDT,USDEUSDT,XMRUSDT,LTCUSDT,CBBTCUSDT,HBARUSDT,AVAXUSDT,SUIUSDT,SHIBUSDT,DAIUSDT,SUSDEUSDT,WLFIUSDT,CROUSDT,UNIUSDT,TONUSDT,USDT0USDT,DOTUSDT,SUSDSUSDT,PYUSDUSDT,MNTUSDT,MUSDT,CCUSDT,TAOUSDT,AAVEUSDT,USD1USDT,NEARUSDT,BGBUSDT,BUIDLUSDT,ASTERUSDT,ICPUSDT,OKBUSDT,ETCUSDT,USDFUSDT,XAUTUSDT,PIUSDT,JITOSOLUSDT,RAINUSDT,PEPEUSDT,ENAUSDT,JLPUSDT,APTUSDT,PUMPUSDT,HTXUSDT,ONDOUSDT,KCSUSDT,WLDUSDT,POLUSDT,PAXGUSDT,USDTBUSDT,BFUSDUSDT,SYRUPUSDCUSDT,ALGOUSDT,TRUMPUSDT,RETHUSDT,HASHUSDT,ARBUSDT,ATOMUSDT,FILUSDT,BNSOLUSDT,WBNBUSDT,USDGUSDT,GTUSDT,VETUSDT,USYCUSDT,KASUSDT,QNTUSDT,RLUSDUSDT,FLRUSDT,RSETHUSDT,FBTCUSDT,LBTCUSDT,XDCUSDT
BTCUSDT,1.0,0.6993179810284422,0.23667478170900547,0.6287646630826773,0.6843211402555929,0.5112146008912253,-0.3177186447605273,0.8159649026851467,0.7009055281758055,0.5969877239099434,0.7504255431321748,0.43896207998522274,0.36469159827637015,0.698999032966506,-0.07298020541637869,0.8980827512955699,0.6971000243505246,0.3668910849257352,0.026274167567298494,0.6864062646809546,0.27157819739137123,0.11959901837719011,0.46464432489457785,0.7152157442279173,0.6965705677147813,0.6927561023157732,0.21222403353274372,0.5672936651323073,0.7207406666895482,0.892982618614861,0.7632537949394564,0.565351004255978,0.5499369132986303,0.5548836049657285,-0.14321422603516462,0.13477103035010865,0.09802280745122813,0.6888034037989732,0.7410300163911929,0.5171478847388769,0.037406964568596504,0.5716157028725386,0.17023516870571506,0.17435714457338142,0.6805916158339808,0.4936850896979177,0.5373409200303993,0.7601663793201577,0.676219269124082,0.2074933658275587,0.6223109391632085,0.4825736113413601,,0.47599218164313767,0.4989839017081031,0.7036890380494998,0.5922708673154197,0.10302055520566397,0.3204187197192663,-0.19324563545318862,0.5059407102241236,0.01466628687443467,0.5806904742148145,0.5892519636494634,0.6157275609183709,0.5485811886964218,0.3722468078431764,0.7712147495862394,0.6822690859262983,0.7398753109172689,0.42623016953547654,0.5953707318032864,0.28450196484457024,0.07277501478524623,0.262171572535113,-0.320686702593323,0.8310131707855863,0.5653076151774414,0.6982343832909331,0.46128969948111204,0.5568457354263471,0.22333424532140597,0.5122553222025772,0.5060331757058925,0.6832104682079275,-0.43431715542616356,0.775199782626345,0.735476879962629,-0.6373382727883778,0.6113508641680727,0.6731670501330896,0.396042952217706,0.6643339811459331,0.6986621579556842,0.8641807509071241,0.9005699627112077,0.18689664838352632
ETHUSDT,0.6993179810284422,1.0,0.31601307538232765,0.517892627907611,0.667965022377909,0.54313044153943,-0.008350150421351468,0.6442926910108524,0.6426487485250468,0.589400469457721,0.6480497666229168,0.32897807972020765,0.4876687771636361,0.6457225806460754,0.13102445222050146,0.6896078749851556,0.6362589173165075,0.16945766092209208,-0.2057858280086134,0.6040113546687148,0.3757142471461569,0.3442957981479544,0.2656279025807832,0.5617747549012732,0.6385294775055343,0.6339372845408877,0.13389994637776553,0.4914771864174579,0.6912032851890418,0.7006631966598609,0.5335169394918686,0.4917695559791035,0.4811405493433264,0.5504932971710852,-0.112548985231619,0.22167869294247763,0.14522917978398933,0.6491045114090974,0.6421821177912541,0.5263013349955581,0.1095891583703642,0.5817253679635678,0.13736946755067625,0.013577741342523004,0.521299282793923,0.35360760073086017,0.39679052149206356,0.5931703617297499,0.6125078938297484,0.1850233563338466,0.4888139988863202,0.4447356919177194,,0.5578771489265482,0.2845250416820854,0.6202412988725773,0.56646701311222,0.16682363413478268,0.30104524679596617,-0.17909479040288662,0.5418589703727265,0.0045394097767659765,0.5277110824258737,0.5765627560161166,0.5970020896802729,0.5326239314332633,0.4309606727651393,0.6840030279682405,0.5857558057585186,0.627653218124153,0.4677009581427071,0.6027930952455547,0.2501034345291066,0.015392819030602382,0.32515678868600906,-0.06604588599336161,0.6537379587159319,0.6222278891419968,0.6425751254285436,0.33834517540001974,0.540209390572823,0.27352191106517215,0.4383637875798677,0.5429848853880264,0.6662946850054954,-0.51733437192109,0.6769046491190348,0.6654546826763075,-0.6214605457805854,0.45738996830030393,0.5890323166876021,0.14246452305213878,0.40576240613220627,0.6415100548109998,0.6494741905693088,0.678987997038844,0.2989356364354785
USDTUSDT,0.23667478170900547,0.31601307538232765,1.0,0.297371539335678,0.19738322703431319,0.3855369395746799,0.018403900894175342,-0.03537902146837501,0.3165036107735179,0.24024617207529433,0.029339816466578808,0.5426073812721383,0.6613733539867185,0.32016429043136585,0.8404989687002745,0.26709551116395874,0.2936175132542436,-0.5078634861107758,-0.2745735253696716,0.04864085488222034,0.892189606370619,0.6586451753178607,-0.3067257744476202,0.40803712393134295,0.3140347986190315,0.32084569826332204,0.6870998674387747,0.3409831170042623,0.1821231159552259,0.23544329628311736,0.29292209963659777,-0.0850631725978933,0.03100859671350679,0.11029873785090516,0.3575626828954702,0.9154365966673205,0.7993647293092982,0.5193897924186268,0.24343713046565793,0.17289493413348359,0.723560482900767,-0.08969752545877407,0.7178879278783902,0.3268775809022427,-0.30200325504739167,-0.033151577749015455,-0.22807863060909347,0.13209218409626475,0.27770752420184913,0.7922616618942232,-0.27322519810631757,-0.10444410616411182,,0.6276590293971824,-0.44846625246682414,-0.02973924133169785,0.5103694969467795,0.8216598592321547,0.275849632911234,-0.598613141234499,0.384495164915742,0.03464535691944308,-0.03182630767620068,0.17630242990793069,0.3773800481120639,-0.1969768219644984,0.04031172306933354,0.07192193077217547,-0.010939084639926062,0.5663497947308349,-0.10526450668316331,0.02019490746777553,0.1426087295787583,0.5106977048468361,0.9784407218304311,0.48992952339557905,0.1931083652579781,0.029536025203702073,0.3241573240098997,-0.3046886586494278,0.08982139599355633,-0.4432622841073111,-0.33069757830231533,0.3664140378819896,0.19172851750591333,-0.495582077339111,-0.02394648877537053,0.22936502033780024,-0.40350326129711084,0.12919157974870912,0.24030398757436586,0.31892118640265504,0.07381372123167967,0.33056521628638086,0.29021172548821705,0.30143257970373805,0.568881654753593
XRPUSDT,0.6287646630826773,0.517892627907611,0.297371539335678,1.0,0.5948043418298619,0.485030386263335,-0.039385567661071215,0.5600271569343716,0.5203895517950418,0.5505842408267335,0.5247456688173078,0.1644236489434507,0.33740608183610915,0.5268906117039323,0.06533169579196137,0.6248147192233351,0.5102355253629991,0.23116828683588467,-0.10279914472881069,0.5388328139203372,0.2333630386110798,0.26033002647057873,0.32340438386633585,0.6461820526235786,0.5109189387197046,0.5138591620451669,0.10334234848088783,0.5258459411388288,0.54724911913357,0.6295648007416036,0.654167195987604,0.41724049389249174,0.4055402225378354,0.4671155272067655,0.12729361517638182,0.2115447797242285,0.08103143642151765,0.6008557528092282,0.4800240461446932,0.3152104337190805,-0.015910085974049106,0.38807041027609623,0.2803844210873585,0.19536991661008254,0.4386016798388828,0.1161916096375883,0.4394758668490834,0.6124005049064087,0.5406560995114004,0.24571230210156111,0.29228449978133125,0.43558011087984516,,0.3206465245474568,0.25525914962708074,0.5413316814788132,0.44618243328117174,0.16702683097650373,0.2491129001654248,-0.2149771217513511,0.4854499744149625,0.0015517322332923278,0.41411142876495116,0.4702717662812124,0.5425364349873111,0.40530710999586933,0.1914634145301713,0.5496601708846264,0.5302239536982333,0.5531426268931715,0.3890474854232125,0.4883857810519746,0.12557659249649117,-0.010808532155820129,0.33483035714822373,-0.09777123092950164,0.6772355097272436,0.48505429923943444,0.5206394369951459,0.09114368476819346,0.41706006715838084,0.22708419279386083,0.40370527292857145,0.48133044348616133,0.5884540380785928,-0.4688362502271753,0.6073502871185789,0.5461026396670854,-0.40782825891470925,0.46544479307051945,0.6203692026047557,0.2759275829623939,0.5452982129742552,0.5197080131282629,0.5488593675899008,0.6210043720852988,0.310131406191104
BNBUSDT,0.6843211402555929,0.667965022377909,0.19738322703431319,0.5948043418298619,1.0,0.7003785471767198,0.30111640070042517,0.7088136351264545,0.670372743253792,0.7951156930398114,0.7369386430286389,-0.02598246225213811,0.5001476065847026,0.6845228992608756,0.03070897824478184,0.6589372544908281,0.6610802919326575,0.33699409623077753,-0.3719591146592003,0.7658002096520523,0.19480856655890125,0.47156478130069723,0.4097386558407412,0.6757591684278952,0.6569887241949748,0.6571740521635729,-0.16935343702969416,0.5588801449017843,0.8102108259293046,0.6983184170177777,0.6253197731669615,0.6281637905343743,0.5831972733578282,0.7236874177187874,0.04559120940410484,0.10916915396401802,-0.12028063987686802,0.7355973472631927,0.5971331419263758,0.4940073683880993,-0.1835243448788879,0.7204129141388443,0.10113844524669084,-0.02225692756490999,0.6301781404097317,0.10871040730207186,0.610818157784109,0.7377147524893012,0.7025808241366642,0.06669767630740982,0.4685783660127124,0.6418870065772947,,0.4564271057551585,0.32207985170149545,0.77097513516383,0.5166758571120752,0.019663770053292215,0.3260870834620051,-0.07475597713476746,0.7059665929983202,-0.008922009679115843,0.6423396453781309,0.7105409312473712,0.7290733167792568,0.7495229456268107,0.44701507961146825,0.7644684938385264,0.7533877845331309,0.5630620153634155,0.7332010181358724,0.8066006368021456,0.17753936584325453,-0.27038642691438136,0.23138987841370345,-0.03638381959436409,0.7915551628816655,0.8570597188459493,0.6704530317046169,0.17081720891612692,0.649762724543809,0.6087778744077028,0.6776318069855358,0.7082875343704026,0.8576048208952698,-0.6719087101377231,0.8636523387878025,0.729094653620951,-0.5128266210626619,0.5151024923150508,0.7673311233062317,0.002156905648797833,0.5043632766414897,0.6653501877427086,0.5308709345519145,0.6245220448286684,0.39008909443997253
SOLUSDT,0.5112146008912253,0.54313044153943,0.3855369395746799,0.485030386263335,0.7003785471767198,1.0,0.29980574230990653,0.3900381343190681,0.547833845397111,0.7644544138512637,0.5588367174719224,0.016429665404439443,0.756323941348077,0.5652747049854447,0.12333079091671971,0.4948653836365262,0.53662410542927,0.3541927119212538,-0.5817379664802048,0.6729476368263666,0.30263322950168414,0.7061077076667055,0.374273018551404,0.6608541625291617,0.5306939351079765,0.5351866122352255,-0.05378133810620747,0.27718414818950293,0.7122203221415175,0.5237986197326914,0.5859891362914468,0.4242772331507654,0.4699452277729466,0.6119482168896612,0.18029237986722846,0.3960932862647409,-0.051881272747274255,0.7902416914426301,0.41174171854643854,0.30294626373409167,-0.10020677748422151,0.5664324735386184,0.3034165074692439,0.10646426802061372,0.3990838560747326,0.035490983781577876,0.3873920768780829,0.7455854961664103,0.6620349857348162,0.23712992707821673,0.3026301046790087,0.2853615763229309,,0.6206695533710757,-0.012590459240473079,0.49642939983233225,0.43499967909822934,0.050701649029779264,0.5799514091333823,0.025755553935679094,0.8032645217966573,-0.006815270634809281,0.5030562141867722,0.6839817802139877,0.7663905123017081,0.6864484097023987,0.47430151094253575,0.476994116919017,0.6129910642380152,0.5404322889265059,0.651047061366509,0.6603920632141619,0.378129947065761,-0.16410429880301475,0.38426804039279894,0.08421663491343409,0.6951499094982047,0.6847848000060531,0.5472277806238305,-0.013347307828565639,0.5462032682072008,0.5083685172828033,0.35489071224092017,0.7973612653785112,0.6929490231202117,-0.7897488441415011,0.6037204731483309,0.576293674349689,-0.4284659583155745,0.41902853773218596,0.5899999568276834,0.13253838716170036,0.4016913291615897,0.5462640411288432,0.37463784294979724,0.47667769627523393,0.35026378587443135
USDCUSDT,-0.3177186447605273,-0.008350150421351468,0.018403900894175342,-0.039385567661071215,0.30111640070042517,0.29980574230990653,1.0,-0.12441902147422607,-0.007603050490519934,0.3042000155160085,-0.002624232965914957,-0.641228341326601,0.24642844313082296,0.016201476966470865,0.2559854192229476,-0.3473496097926976,-0.018338052335205177,-0.1488756771674971,-0.5995209912905572,0.10509031940273289,-0.01084460950840587,0.5831317099452086,-0.11312853020108482,-0.0734933880804124,-0.02131841169143378,-0.014156440029859621,-0.5016252676118399,-0.0017711157974755057,0.15969102734435037,-0.282033149450879,-0.255228636538095,0.10838709078679602,0.06875866689472822,0.27877717839914146,0.3007748671757261,-0.002862834854670452,-0.26424093482092864,0.07874771402964256,-0.13978434226595843,0.03177095043808906,-0.21835192248870103,0.25735825250756056,-0.09010476813578559,-0.2736594290526756,-0.13565277490738495,-0.5394196927084745,0.11221577294389329,-0.07106231266004583,0.030833477188838852,-0.12937163918525665,-0.24549070544085344,0.22564512358990105,,0.048428871172384286,-0.26004733314853257,0.09219829834034265,-0.04495783771635039,-0.024519108234792867,-0.01864039003090435,0.0630892974218314,0.3150000670687696,-0.03228662542949235,0.09558260158000009,0.20053581648282578,0.18464610495589298,0.2905497023545843,0.14630087969577513,0.03831415772106914,0.10126913378186876,-0.20435803427912547,0.44497491228664626,0.3286153212713191,-0.18514338223533514,-0.4554045768629156,0.031559570898649476,0.47740650566715026,-0.07863561951173068,0.4699882551942371,-0.002207829434378266,-0.4357723164479169,0.16270977822410929,0.5502992096587525,0.27025100865041596,0.31807505055339913,0.29070336013729164,-0.35378271303565906,0.14197369558470754,0.02466388762282991,0.16587724936072287,-0.15277328415475347,0.1270266509071568,-0.6135120843831814,-0.2740508436687389,-0.010046988449914083,-0.4820380168180256,-0.3997163612285867,0.35180177716355726
TRXUSDT,0.8159649026851467,0.6442926910108524,-0.03537902146837501,0.5600271569343716,0.7088136351264545,0.3900381343190681,-0.12441902147422607,1.0,0.6454212478191459,0.5377818061937334,0.7875647258804721,0.2407150746590029,0.12109236986661914,0.6437782942889467,-0.2268034746048577,0.805785410851969,0.642781660692097,0.3598033437238404,0.18865525821947077,0.6417031779580518,0.07823365710882388,-0.049810820683683366,0.6034256502999152,0.5466345153135561,0.6374953111159817,0.6385109832220199,0.04987994116385754,0.4632552883512717,0.6980187146263788,0.812850659482626,0.5536406895763117,0.6708502283809848,0.6080747152062121,0.5985105059340442,-0.13938266774474853,-0.23582814512691863,-0.1766769984697923,0.4718214026310499,0.8270177455842136,0.5710090694895208,-0.05752561907193478,0.6932260029200901,-0.08807957918141522,0.17657839363336486,0.6397271048763556,0.5234190854270053,0.7439078247688503,0.6366922262779522,0.5138729351259959,0.0995736952231723,0.6521282046057103,0.5238506483305416,,0.31515992465180653,0.7685468382399132,0.7008364663820306,0.5225682817633995,-0.0048390985453003734,0.09116009141263244,-0.2783006250219526,0.38312242511689426,0.008577064712767942,0.6005665016559636,0.562972078348095,0.49602536096834987,0.6174817217485499,0.381906018118772,0.8804820559584587,0.7030763681873495,0.6465213250887637,0.4510139244383594,0.628197340491647,0.0821718934011599,-0.04139707796648665,0.016309189921805488,-0.4347261408270613,0.7372516490863149,0.6537179581027032,0.6429550475018622,0.5001914606579614,0.5763109091333555,0.40007192559196036,0.8020982627755341,0.3892790784789259,0.7038620472392916,-0.18501321880420582,0.8476761648768343,0.7204756017126728,-0.4036301273133886,0.5606469568630906,0.5654128568622041,0.22241959419985044,0.6269296686660291,0.6412976774742682,0.7507012732498408,0.8011879433995276,0.0692847756529659
STETHUSDT,0.7009055281758055,0.6426487485250468,0.3165036107735179,0.5203895517950418,0.670372743253792,0.547833845397111,-0.007603050490519934,0.6454212478191459,1.0,0.5936017648058416,0.6498335615209565,0.3260237421695112,0.4905539865073416,0.6465048488627423,0.1274994156477751,0.6912507748230622,0.6367638687302692,0.17596894248856595,-0.20713919635155675,0.6074108278154897,0.3735417110133923,0.3470348234663733,0.27329941127579166,0.5671806357280904,0.6388260939381994,0.634504805457884,0.13326444719319666,0.4889316889077844,0.6933941810462769,0.7022740630401297,0.5388519354839078,0.49335024797108623,0.4837330162436951,0.553084680618529,-0.106502335091659,0.22254571163845402,0.14026983483244054,0.6528170703694968,0.6426854389514842,0.5235091624299862,0.10589774229444392,0.582891048220574,0.1412223347462456,0.020592046864268625,0.5213300736306626,0.35188016727299704,0.4015463502926561,0.5997250034575103,0.6145920763762545,0.1886944114450598,0.48831124393273007,0.4422996759941149,,0.5587873263317672,0.28535331592246216,0.6198150836325819,0.566146365428075,0.16496080998232432,0.30595410492116165,-0.17871977816321166,0.5466817868812537,0.004524147540932252,0.5289885578149809,0.5798935945183236,0.601330265390377,0.536684487029081,0.43149394002590613,0.6840302025287156,0.5891549451198889,0.6303912159939593,0.47043308851776217,0.6045831214865679,0.2522903492765402,0.014283377330554601,0.32600305350405107,-0.06886641406073317,0.6587918747890216,0.6236428472798943,0.6431388502245146,0.33441385974473914,0.5417439948783005,0.2774121954243877,0.440674207719887,0.547645228921681,0.6685412202252246,-0.5200873830928547,0.6788818667973524,0.6665948878536739,-0.6175503827463147,0.46042412132010957,0.5906978236758604,0.1478428496187168,0.41172578748858846,0.642119808039887,0.649613161369401,0.6808754439301846,0.2978792030160518
DOGEUSDT,0.5969877239099434,0.589400469457721,0.24024617207529433,0.5505842408267335,0.7951156930398114,0.7644544138512637,0.3042000155160085,0.5377818061937334,0.5936017648058416,1.0,0.6506627151280442,-0.08312227692256398,0.6100205039992678,0.6112196352089221,0.007748872159717339,0.5728437986993569,0.5841125866384399,0.432401014095572,-0.49924492775549306,0.7534307112949449,0.1673408642663085,0.5785407329655723,0.43264291076759687,0.7047780178321484,0.5769297311373824,0.5794661229844957,-0.18820805733645218,0.4282268386115282,0.7644742870255489,0.6111012127506645,0.6605908651696412,0.5359322284934197,0.5301890306033027,0.6777138614828391,0.13400405750241462,0.2270119115580682,-0.15366007131262857,0.7790753009641087,0.4539201650012319,0.3513685064062387,-0.24698402588940715,0.6382143059056085,0.203432337110541,0.03460628468298013,0.5654542545617649,0.011694981350570396,0.5286197616247468,0.7927135903108458,0.7056779783937186,0.09761939216933974,0.3875287543692137,0.49945412093521163,,0.48107422918316406,0.15305520678535472,0.6610900934326488,0.4324239539217042,-0.03785207549290331,0.47808684598764795,0.05253085377955291,0.7743449092980295,-0.012134365194542522,0.5862394203770137,0.7069613465614745,0.76382773381301,0.752676849835783,0.438006317968101,0.603090102742473,0.7120431146820919,0.5146552255944459,0.7372027096928795,0.7546139264012064,0.2840127738688128,-0.2866326331280455,0.2604832088686803,-0.001905782792658651,0.7829470398132748,0.7827416709033787,0.5926373044396577,0.04894602090355707,0.5992757667882431,0.6167213083269459,0.5328578077005647,0.772490864346744,0.787427072149758,-0.7615773568234749,0.7558853106632982,0.6438774947930315,-0.44602939899421745,0.4855198532194208,0.7194191722997777,0.07373005288853815,0.49679585727048137,0.5888665277013213,0.431663534298901,0.5421482515103174,0.3604654807869735
ADAUSDT,0.7504255431321748,0.6480497666229168,0.029339816466578808,0.5247456688173078,0.7369386430286389,0.5588367174719224,-0.002624232965914957,0.7875647258804721,0.6498335615209565,0.6506627151280442,1.0,0.1757205745271776,0.3835462472246645,0.6538533690437154,-0.18367233619210857,0.7302537312601736,0.6490224979463858,0.44891012874578956,-0.1510910123001993,0.7241111160105899,0.11352465131712637,0.20902449617052446,0.5305030719142919,0.565793801026249,0.641599152940908,0.6379981072579436,-0.07066367615978936,0.38682731888156413,0.7744709696465678,0.7525217147812633,0.5620583909838747,0.6273552376872005,0.5927361318279859,0.639859981524293,-0.1835043488388444,-0.05751944118926155,-0.17895481076010966,0.61349966470928,0.6954549937740725,0.5322488328707206,-0.14558070871781142,0.7396744808869004,-0.053215240187610695,0.01008587497439897,0.691854164801001,0.4359709465031999,0.6092388539702973,0.7202042353678539,0.6312239105364521,0.006997959803522298,0.6679776120632464,0.49052989788708534,,0.46863130803608327,0.5141400838246006,0.7093320899959206,0.48819017474327475,-0.10760322527867303,0.32019435490493553,-0.015943383966454158,0.5588017933189121,-0.003067376558486534,0.6434908365202315,0.6592676879577261,0.6183220296565293,0.7476707124700156,0.5182853028893557,0.7803952822615449,0.7278345217160229,0.5845641233189246,0.6077579504004341,0.715080896602371,0.2781491917128958,-0.155584961713842,0.04785731600158383,-0.29172999821955303,0.7475673234994771,0.7334243430828308,0.6464496180261409,0.4643202948644835,0.6241043549754303,0.5212758495721947,0.663920526048622,0.5643943032044515,0.7347726738953396,-0.444745461024183,0.816717771947547,0.7141989159903804,-0.5215664152626118,0.5233997143166903,0.5952920492437924,0.12653334053715667,0.5139909313576029,0.6440159671775495,0.6601281793640931,0.7112957745188864,0.11939293855812877
FIGR_HELOCUSDT,0.43896207998522274,0.32897807972020765,0.5426073812721383,0.1644236489434507,-0.02598246225213811,0.016429665404439443,-0.641228341326601,0.2407150746590029,0.3260237421695112,-0.08312227692256398,0.1757205745271776,1.0,0.32158608076597733,0.30504925807029365,0.36828335741355583,0.4739255994298104,0.3243511940174973,-0.3152948275059386,0.2558751718148431,-0.014890474944033928,0.6918124378106508,-0.008367545194285004,-0.12049573841240274,0.12439254838292625,0.3400815947392979,0.3324783449481876,0.8325602617462251,0.11091497623624658,0.1438519212152577,0.41279282233648024,0.12467522247471645,-0.015551751109991284,0.07552318733957855,-0.04046625825497194,-0.28803494780679495,0.4432768217076126,0.692649708013109,0.2186816944258383,0.514311354306303,0.36892563523125393,0.7860439833083495,0.021611382728289823,0.25042963711096633,0.2269089876396371,-0.03969231667186884,0.7240369720312042,-0.20528738194966978,0.04225982653316189,0.14693108778329603,0.5197302109650658,0.2569996199667287,-0.24729668663948912,,0.5985243092120763,0.0711428796469068,-0.025377429000790992,0.4835682730457701,0.5232827482588894,0.14216579510835015,-0.4615302780667459,0.0006104904084049814,0.04526283911956894,0.03408080153890471,0.061522702343468835,0.0972891068983674,-0.1872271684203833,0.20646256358020967,0.22224670917032197,-0.029436140033488222,0.5840361039067667,-0.33841211788250986,-0.11240059536639792,0.2913180442530294,0.7010571969297921,0.4994360520144474,-0.07223979936632165,0.09504153096234606,-0.16106928394371675,0.32659931620229726,0.46628559578756057,0.07678006293878713,-0.6067898888366954,-0.26422257514474956,-0.004774318111540314,-0.017768881382557764,0.03284659410440852,-0.030092824714855883,0.2573974154745132,-0.534323656583575,0.15693779656030962,-0.06148436760020667,0.4585756107742962,0.061464255688533045,0.33628458151999435,0.6342603633949905,0.5290213680764905,0.013401445106038261
WBTUSDT,0.36469159827637015,0.4876687771636361,0.6613733539867185,0.33740608183610915,0.5001476065847026,0.756323941348077,0.24642844313082296,0.12109236986661914,0.4905539865073416,0.6100205039992678,0.3835462472246645,0.32158608076597733,1.0,0.503018320428797,0.43124651390368296,0.36069174832854545,0.4790172752809909,0.06262998487457926,-0.7113916698872145,0.47949755209676453,0.6301430929544826,0.8854181468197206,0.07684135455055668,0.48442747852436363,0.4810589612561905,0.4811030217887742,0.22170824661454072,0.10493970658727195,0.6014346046748841,0.3733168878049608,0.3599499445138217,0.20500422128442972,0.31910021399250216,0.4531635968510119,0.08723957987903451,0.7114346584576419,0.28465543050183845,0.7640597322725762,0.3513164136688836,0.315397541414439,0.26578387082116445,0.4312170620057525,0.40066401202211704,0.049378820568676415,0.13988462714559935,0.14736829498888251,0.01747713832915695,0.5334286136606973,0.5780289481072214,0.40117995999642414,0.19771896982562176,-0.013856301153076287,,0.8860203717447662,-0.32977381296389247,0.24964192375953412,0.4832513102480471,0.26729702370619823,0.672347931345858,-0.0259782955044898,0.7656911565212821,0.008789776623753466,0.35231014461484045,0.5901836557935164,0.6987061979308763,0.48702870890868205,0.5514538716539354,0.27986251909112553,0.3801168098190795,0.5549104780702042,0.4499249124211328,0.475710175448927,0.526508955876286,0.08947120181692468,0.6099204790338675,0.3111039078855629,0.45026177003547,0.4969705113347143,0.4916004085529012,0.0009415299414152429,0.44124873445459056,0.21434004141244117,-0.022588958352628807,0.7566065863587733,0.49794948059523736,-0.8105515870778602,0.3115788278457387,0.4642688859860569,-0.552090287200836,0.2542613099766952,0.35480989389702916,0.11920153860931404,0.10435135334835934,0.49457508765758434,0.31797779746761934,0.3582643217155963,0.3792112633916594
WSTETHUSDT,0.698999032966506,0.6457225806460754,0.32016429043136585,0.5268906117039323,0.6845228992608756,0.5652747049854447,0.016201476966470865,0.6437782942889467,0.6465048488627423,0.6112196352089221,0.6538533690437154,0.30504925807029365,0.503018320428797,1.0,0.24750513916126646,0.6884999716401771,0.6395793057627811,0.1840921128068331,-0.22766650925167117,0.6189621517547477,0.37036089232749536,0.3676775622542256,0.27911481214365413,0.5790910025616066,0.6413427278909652,0.6374268475374795,0.1177705866115396,0.4932326401001527,0.7029009453410365,0.7013093762322948,0.5477769044658388,0.49921446140462195,0.4894863800000055,0.5653856382254382,-0.0904425719874937,0.22828524743793585,0.12963550229882811,0.6657792823319074,0.6376567449322067,0.5198266675467961,0.09151613026021958,0.5902229037673237,0.1482239078568098,0.020604862821684538,0.5240360155778072,0.3315419074341663,0.41048503990710306,0.611986688139761,0.6242026063348838,0.1884358837711345,0.4820256682682969,0.451268383599595,,0.5603470994453581,0.2769372645477073,0.6271805532186987,0.5657383361025407,0.16144566491909473,0.31530332705124314,-0.1728747979736706,0.5647441463530639,0.0036868625867936184,0.5354207210381925,0.5914646755372638,0.615753968971315,0.550602345576062,0.43420054935844193,0.6857395822357664,0.5993924470601958,0.6297024062730752,0.4890192120359596,0.6183570473516591,0.2523513045656453,-0.0015450241823058248,0.33059280181784495,-0.05896072591792572,0.6692361966981056,0.6393636091311549,0.6464558303805079,0.3165827634084288,0.5493878451686636,0.29724695584070915,0.44930142707429055,0.5655202326435792,0.6822576830118818,-0.5399186963750795,0.6884799645248446,0.6711153846215965,-0.6136483216057892,0.46401598003403044,0.6040914574366755,0.1410634445451382,0.4169431244216148,0.6452408320414844,0.6406670694950596,0.6767544755980832,0.31005285655724835
BCHUSDT,-0.07298020541637869,0.13102445222050146,0.8404989687002745,0.06533169579196137,0.03070897824478184,0.12333079091671971,0.2559854192229476,-0.2268034746048577,0.1274994156477751,0.007748872159717339,-0.18367233619210857,0.36828335741355583,0.43124651390368296,0.24750513916126646,1.0,-0.05157283346320367,0.10785196779827716,-0.8160679958523898,-0.28344363268728595,-0.19833019503395613,0.8246772088552385,0.5658697172641449,-0.6606145573328251,0.03447604034266667,0.13397078717275226,0.13384381085810493,0.508588359104235,0.3295000325357779,-0.03183648650691813,-0.06583874817777768,-0.11229731102490995,-0.21221453427920783,-0.156614637442275,-0.043675831140850926,0.23090388053586522,0.7497083604194483,0.83139049883045,0.20619611883559544,0.04285981114733601,0.1619702011939045,0.740281236964696,-0.19396040866650915,0.47244201608163294,-0.016710373435455166,-0.44280029591493775,-0.1950321448674366,-0.4286627129625161,-0.2853240219094116,0.03848914708756155,0.5383935224247179,-0.4232008763016303,-0.024536431270313994,,0.41516134549407546,-0.5534939927154945,-0.11936288686658784,0.3553817220878984,0.8127768438982788,-0.03840723755459789,-0.5577188475347741,0.12160823450462581,0.019884403086824824,-0.1759661532784026,-0.04764464462345991,0.09244221549843935,-0.39394280041352037,-0.06478620055816407,-0.05885517119870906,-0.2429609146730252,0.23720968938284362,-0.20049709407192445,-0.10038796382475441,-0.09462426125066618,0.40256601325526464,0.8212733661088253,0.696275745904743,-0.17492662561595254,-0.03953150606882625,0.13816789994168263,-0.33560416623632405,-0.05661435234415733,-0.48317940717452434,-0.3952948659990102,0.11141306148585566,0.028292568878256645,-0.313715340821832,-0.19844320710550648,0.03183072126196767,-0.3257312868236275,-0.1335189173067796,0.07166521900017574,-0.0959177050509763,-0.30459265251026196,0.14042265897243836,-0.0020555565084570803,-0.039422432809693105,0.6049735169227844
WBTCUSDT,0.8980827512955699,0.6896078749851556,0.26709551116395874,0.6248147192233351,0.6589372544908281,0.4948653836365262,-0.3473496097926976,0.805785410851969,0.6912507748230622,0.5728437986993569,0.7302537312601736,0.4739255994298104,0.36069174832854545,0.6884999716401771,-0.05157283346320367,1.0,0.881007113031728,0.3398424207875987,0.05678619934700483,0.6589077574936169,0.29809307548093594,0.11041586745581947,0.4587769079033058,0.7134820783977831,0.686947731638095,0.6841180622258534,0.2632313154308624,0.5562289124420302,0.6968153519946462,0.8877162024379226,0.7602972391608899,0.5436619434893469,0.5358977621874856,0.5317167088093383,-0.1228638688668534,0.15720676171256573,0.12984870293742928,0.6783921018691258,0.745202947100115,0.5065169063492283,0.08074944671843451,0.5405470977217054,0.19950151798601382,0.21677514702459258,0.6412634943970008,0.5050041159227,0.5215326742407843,0.7445476488287998,0.6559795943000759,0.2543377334844866,0.5979479535018037,0.44497847343602853,,0.4815692035206798,0.4924853147822893,0.6694439714292162,0.5984582348689703,0.14061173716613584,0.31424880010445333,-0.23491306841836468,0.48884949972895503,0.0172200666773857,0.5545515040041289,0.5686987866219818,0.6016809074372533,0.5097965285132942,0.352357625250539,0.754158806416051,0.6570561283914498,0.7567702628556687,0.3827125847732159,0.5598447554533004,0.2791509769959904,0.11871018249274481,0.2929260107599756,-0.32147752940789087,0.8174581409027312,0.527072624795601,0.68878616164427,0.4481091035510117,0.5354524355880349,0.17445079920862364,0.4844965037584583,0.4878559234697145,0.657537235323089,-0.41094009606782267,0.7458016714609019,0.7214126587510145,-0.6229864220770938,0.6065415299335912,0.6497019920280185,0.43305103410662865,0.6678476998993859,0.6899657957853444,0.8703460627685772,0.9051875523104368,0.18298401625408575
WBETHUSDT,0.6971000243505246,0.6362589173165075,0.2936175132542436,0.5102355253629991,0.6610802919326575,0.53662410542927,-0.018338052335205177,0.642781660692097,0.6367638687302692,0.5841125866384399,0.6490224979463858,0.3243511940174973,0.4790172752809909,0.6395793057627811,0.10785196779827716,0.881007113031728,1.0,0.18775686328509805,-0.2027540835890439,0.6054581131917804,0.35642587007690063,0.3297554673789465,0.27412053716089807,0.5532912722623974,0.6328708687640707,0.6278495801812436,0.12086611754237819,0.478709634266443,0.6892871371730561,0.6981382582490705,0.5294705272288848,0.49229970187836997,0.4806650970374807,0.5468341670091034,-0.12863993079316596,0.20494464211157692,0.1285170637962032,0.6409890498529387,0.6366154382599338,0.5225034009162585,0.0931688159824438,0.5847846477433041,0.12097569417471177,0.004011062884121542,0.5329385441902463,0.36262708114387904,0.39730133064843837,0.5948588183391685,0.6100694290562361,0.16493129843277302,0.5021083092315842,0.44173264385902844,,0.5503437713016792,0.29206969229135693,0.6203436137377691,0.5549504787052311,0.14318672409040967,0.3037944457406211,-0.15663692004820026,0.5353839299324423,0.003816618397059258,0.5302238930617011,0.5747009707308963,0.5906742041929092,0.540302876602662,0.43586429332228643,0.6802712571319424,0.5868492947379769,0.6165142604248506,0.4704239290453669,0.6021520600789723,0.2577978302773067,0.006102378185797052,0.3015720741301439,-0.08097568737676886,0.651139732915095,0.6193829853796509,0.6363767979820137,0.3533859828161557,0.5392060827270495,0.28205145825577393,0.43941712461712884,0.5369188944884206,0.6598012674216424,-0.5092030439453705,0.6756817921692451,0.6610403907359357,-0.6190174579990741,0.45572501192727677,0.5815713292887343,0.1400995051101807,0.40377798907120066,0.6352609798597322,0.6475928267264872,0.6755569016977659,0.2805582452250195
ZECUSDT,0.3668910849257352,0.16945766092209208,-0.5078634861107758,0.23116828683588467,0.33699409623077753,0.3541927119212538,-0.1488756771674971,0.3598033437238404,0.17596894248856595,0.432401014095572,0.44891012874578956,-0.3152948275059386,0.06262998487457926,0.1840921128068331,-0.8160679958523898,0.3398424207875987,0.18775686328509805,1.0,-0.10087655218514588,0.5700881482849628,-0.5903921917174321,-0.10630943584504332,0.7998724523823479,0.4074616179325582,0.16063292958366537,0.1626471139871953,-0.47920366171580403,-0.11817370181968481,0.40674926688309876,0.3651502269755076,0.5293096515548964,0.3880349838529008,0.3751020509670244,0.35103612683799956,-0.08300230217729251,-0.3731683459011233,-0.7473067889424143,0.30826031075078064,0.11724822253595034,-0.048822929607781125,-0.76851345179099,0.4215753408620581,-0.17283545062706748,0.09646030360772688,0.6523209090018321,0.14386693205309037,0.5590818285012279,0.7349483513291221,0.3771057118667945,-0.3492186901905184,0.5282190129786656,0.17194981997321254,,-0.04778743379332238,0.4187507555445942,0.38049009323114835,-0.10340450218006748,-0.723698596805223,0.43239279986091766,0.5875754693000397,0.3629756297248758,-0.020400734731088336,0.42198771291228526,0.4150393549032734,0.36861277401261555,0.714223113925494,0.2774878504590759,0.25371597079856445,0.5568833594643239,0.08170358360278523,0.5373583248581566,0.4332239847829765,0.35119344532877844,-0.454216735873729,-0.4946207648821841,-0.5837942743365243,0.5903411962147832,0.36361564034739247,0.16532455785285205,0.2532598786503287,0.32808336191627413,0.6821971308840105,0.4662732599552464,0.36657060617026777,0.3358616400325879,-0.22092798592844518,0.4873307730517012,0.2700577691372599,0.031167051679491554,0.3789363203376701,0.30611501220177983,0.24269535518937707,0.5514319929549907,0.16321301614028944,0.2252460250614683,0.32059449763236814,-0.3413938904885119
USDSUSDT,0.026274167567298494,-0.2057858280086134,-0.2745735253696716,-0.10279914472881069,-0.3719591146592003,-0.5817379664802048,-0.5995209912905572,0.18865525821947077,-0.20713919635155675,-0.49924492775549306,-0.1510910123001993,0.2558751718148431,-0.7113916698872145,-0.22766650925167117,-0.28344363268728595,0.05678619934700483,-0.2027540835890439,-0.10087655218514588,1.0,-0.3585251708174554,-0.21486152291267818,-0.8110936403865078,0.1525260578557084,-0.20142825609509876,-0.2007931247151425,-0.19396591404750566,0.33948865379118043,-0.07653797121162607,-0.39223224381757715,0.002140129468832461,-0.10058072309446063,-0.09998748374984236,-0.12965602542445034,-0.3411878420922231,-0.03218158968392632,-0.4407500358881568,-0.005830941463089259,-0.49693608364587355,0.11285710200854306,-0.10041614591807028,0.17888673055204674,-0.3189482063982217,-0.11428834996380428,0.39785516570946905,-0.17951687731455296,0.30979050318877216,0.10127971333147312,-0.281803544347629,-0.41795737690007856,0.1294127459176031,-0.03506766538139263,-0.19333968747285993,,-0.44627612682969914,0.506966825327616,-0.24705907718756498,-0.11456107638338897,0.07717165794469827,-0.47846492219837566,-0.39758995814197823,-0.5990313984401286,0.018247677341498934,-0.2589102826035489,-0.4090084278055752,-0.4733776687129012,-0.45305983419470397,-0.38881668963125326,-0.03379400959872214,-0.24555596968551108,-0.007756779251942384,-0.5764391031495787,-0.45284331245257603,-0.33061748518885364,0.36403573419408813,-0.22588178425667288,-0.47756259649806976,-0.18627448967307822,-0.49719076338221885,-0.20848093198014384,0.18345986442927317,-0.3003548523394642,-0.4648046455687574,0.039631685829090935,-0.5986928161901575,-0.37230252911574485,0.7786453192274192,-0.1947210220044401,-0.1991692568677174,0.3514225726400169,-0.019502865866898908,-0.3177822465663896,0.36743894118030906,0.17861950556290299,-0.2035625103633,0.1479806576512114,0.10641472253807666,-0.3841361875329215
LINKUSDT,0.6864062646809546,0.6040113546687148,0.04864085488222034,0.5388328139203372,0.7658002096520523,0.6729476368263666,0.10509031940273289,0.6417031779580518,0.6074108278154897,0.7534307112949449,0.7241111160105899,-0.014890474944033928,0.47949755209676453,0.6189621517547477,-0.19833019503395613,0.6589077574936169,0.6054581131917804,0.5700881482849628,-0.3585251708174554,1.0,0.1454699578128223,0.3581972220941397,0.5159514503805891,0.6632962657659103,0.5953939648265689,0.5923331061805034,-0.22877218659454943,0.41310797369521995,0.7794209987016146,0.6939527019578099,0.6754164782026927,0.5899377808476036,0.5614030629011822,0.6598052988709041,-0.07154866182637981,0.04961984896829559,-0.2395576364983571,0.7162359410757098,0.5083984712306527,0.39665033379754283,-0.3333571105342683,0.6900519308156123,0.0455758162588825,-0.03737605509270418,0.7338013089282815,0.1943562502028451,0.575022858458649,0.8213267033922295,0.7116900162055826,-0.06157656925299632,0.5782134426482921,0.5403749030675083,,0.41749876264242947,0.329411439406987,0.7323011196108007,0.4022315774094228,-0.19837094115528042,0.44896361898025516,0.1699009617182949,0.6795045238319691,-0.012639463941175409,0.6437132624773653,0.6942255602115148,0.7029986716853964,0.8021687275635657,0.4756514126398448,0.6670645295185568,0.7553313743158652,0.492492329467791,0.7296971456612769,0.761742528801275,0.3296081769381308,-0.3086479979657022,0.06508549830161285,-0.1967183648933153,0.8090421259707268,0.7645510308588581,0.6037141762828804,0.2837171524540012,0.6166798367928834,0.632712440074632,0.5927576179454486,0.6824484122228185,0.7625640157258134,-0.6424319629251798,0.8092729103838756,0.6707810553606215,-0.5017955107901938,0.5260392118162494,0.700341955162179,0.10201025778803235,0.5405988886514188,0.5996850513558816,0.5437740233311603,0.6273049665307912,0.20060431175618304
