,BTCUSDT,ETHUSDT,USDTUSDT,XRPUSDT,BNBUSDT,USDCUSDT,SOLUSDT,TRXUSDT,STETHUSDT,DOGEUSDT,ADAUSDT,FIGR_HELOCUSDT,WBTUSDT,WSTETHUSDT,BCHUSDT,WBTCUSDT,WBETHUSDT,ZECUSDT,USDSUSDT,BSC-USDUSDT,LEOUSDT,LINKUSDT,HYPEUSDT,XLMUSDT,USDEUSDT,WETHUSDT,XMRUSDT,WEETHUSDT,CBBTCUSDT,LTCUSDT,HBARUSDT,AVAXUSDT,SUIUSDT,SHIBUSDT,DAIUSDT,SUSDEUSDT,WLFIUSDT,CROUSDT,USDT0USDT,UNIUSDT,DOTUSDT,SUSDSUSDT,TONUSDT,PYUSDUSDT,MUSDT,MNTUSDT,USD1USDT,TAOUSDT,CCUSDT,C1USDUSDT,AAVEUSDT,BGBUSDT,ASTERUSDT,NEARUSDT,BUIDLUSDT,ICPUSDT,USDFUSDT,OKBUSDT,ETCUSDT,XAUTUSDT,PIUSDT,JLPUSDT,JITOSOLUSDT,ENAUSDT,PEPEUSDT,APTUSDT,HTXUSDT,PUMPUSDT,KCSUSDT,ONDOUSDT,POLUSDT,WLDUSDT,PAXGUSDT,USDTBUSDT,BFUSDUSDT,SYRUPUSDCUSDT,HASHUSDT,TRUMPUSDT,ATOMUSDT,RETHUSDT,ALGOUSDT,FILUSDT,USYCUSDT,GTUSDT,USDGUSDT,RLUSDUSDT,WBNBUSDT,BNSOLUSDT,ARBUSDT,QNTUSDT,VETUSDT,KASUSDT,FBTCUSDT,FLRUSDT,RSETHUSDT,LBTCUSDT,KHYPEUSDT
BTCUSDT,1.0,0.9480173214916254,0.30100847436016925,0.7790872063127302,0.7760744202086086,-0.12439177397178572,0.6128823657973813,0.8427354485499211,0.9082601017355182,0.6795037018021078,0.9048249273310702,0.4140279067016418,0.404461848337366,0.9004315994779064,-0.02011707265132824,0.9384491403734776,0.9112491805007343,0.35412974445323425,-0.2998886487508542,0.4793731123996987,0.15001776014997284,0.7751921408130346,0.32980871018492985,0.7619124483429829,0.24430794036548137,0.9124738766797368,0.41792719496242825,0.9102454324278794,0.9478544294749386,0.8523295274750372,0.8058833165491233,0.814767172147284,0.8459889422162239,0.7681411161169743,-0.41400979889484674,0.18357042185069092,0.20378097290560526,0.6531442331855907,0.09815257953496337,0.6867620687505057,0.8177502070441098,-0.0028798190055653945,0.9491722820942619,-0.06626332881693812,0.6595285349664746,0.6990453073582895,0.17046490095334177,0.7371513992288049,0.4950390431140766,0.13021392353326192,0.781320274285747,0.5046438218710327,0.6373548949129266,0.7531900202184304,,0.08412087500890897,0.13948958537537834,0.7384632304060819,0.8306881327607344,0.4627250809000912,-0.17412904801739273,0.7178827144088299,0.6029852301013894,0.7737376343769534,0.835238880808144,0.6185311929707525,0.9034027441946956,0.7046902390025126,0.7213678602805874,0.8136884842587292,0.7511661037511684,0.5411037186813185,0.5028829558505669,-0.10671611725383359,0.28528818345295176,-0.45724533627021297,0.4715236701083796,0.7111860128638099,0.34534045635199523,0.9090232936275501,0.873541150435808,0.4088240134048348,-0.6986082410662506,0.8164504669648646,-0.11493286771414718,-0.09999688467288659,0.7804593813772088,0.6052945024324831,0.8483427635845797,0.6518824750613209,0.9257609362469738,0.9200828550498782,0.9148386980639824,0.6808954977913286,0.9051535940711943,0.9236528321174231,0.34882919300246584
ETHUSDT,0.9480173214916254,1.0,0.44640461999932,0.8514218946595382,0.8850957708194792,0.09428447298027179,0.7665929148149205,0.7854301898566615,0.9759800542451915,0.816799029708262,0.8985078812671358,0.3626698079340986,0.6158755739184808,0.9749230237598491,0.17654347777448762,0.9029821223996405,0.9741356444925761,0.2633060005758459,-0.41049943104221276,0.5535716245951029,0.4306221202843755,0.8372808259021669,0.2573700664144047,0.8720849410573542,0.20196457688832123,0.9758013542335778,0.500714369194258,0.9752892131685365,0.924026774522734,0.9144700922631019,0.9009445814809087,0.7815568704124376,0.8650519963359954,0.8507594795377764,-0.2654944042496325,0.3402337859924739,0.25414889746300745,0.7861036727887037,0.1330702818340425,0.6959370964196376,0.8376167192354655,0.1761281249907524,0.9571375812995373,-0.09843906953233275,0.4969435454693281,0.6419735175645164,0.23008212393847305,0.804666483715211,0.4760588276877075,-0.02002294530165517,0.8974856253900705,0.554116638535813,0.7487515590044126,0.6653778322997713,,0.017877901643395214,0.2362669357424004,0.7865748161927619,0.8764485523834852,0.5041962915479676,-0.19049353439211894,0.8441844205817302,0.7552665784360006,0.8589486846706166,0.8705719199307683,0.6739162709827672,0.9064078841578339,0.6940340830225228,0.7602034091829143,0.8364289218607814,0.8264666063385,0.6560464643067088,0.4763025033007975,-0.12197488094000043,0.44186257634757253,-0.2265794877663676,0.34777073110456613,0.8237222457995698,0.39746196031582287,0.9759519137349612,0.9119915270681842,0.41620118438935044,-0.7431521326713738,0.8490755412626835,-0.33020514481483304,-0.11437701390023326,0.8879800737033231,0.7601422094355716,0.9151880639592113,0.754161928070468,0.9620380438412318,0.9270467659131306,0.8468185450806435,0.6217555303460637,0.9713585995592212,0.8822104169523236,0.2838401124019918
USDTUSDT,0.30100847436016925,0.44640461999932,1.0,0.39855766810548077,0.27784583295675797,0.15218575232586373,0.5013706697669045,-0.016448733290074378,0.44191012391727086,0.33261108873020656,0.16206285830211348,0.48164988270818004,0.6657598314350549,0.44570328506142387,0.8444865181997534,0.3304906334381229,0.41659322278017813,-0.3437665674835252,-0.46866446056840827,0.9345721130326036,0.6480051443539311,0.12921565406604482,-0.3958743237942734,0.49394185258896006,0.7064068403975743,0.44435905229196243,0.23357273594243663,0.4542047891652419,0.3083828926286404,0.3215109104811128,0.2523562035499441,0.14747806832593277,0.14479890591029848,0.2636127152058939,0.2782766393492661,0.9164322684778435,0.8294499436707172,0.5244690915642451,0.7068288998589615,0.14534247077565834,0.10226808519375734,0.9143773340640786,0.4071882255880994,0.21362118513478545,0.056267175753373935,-0.09781023308224567,0.7481483500534386,0.10465601601019094,-0.3239646838876765,0.31649451624745895,0.3561418430681507,-0.0602589102835191,0.7049141225837129,-0.2407365786875512,,-0.5806952101126269,0.8608672986071927,-0.0051462575765906845,0.7073289971483372,0.4573393075766838,-0.5479280519214853,0.4954115476797041,0.49838648308967665,0.3261931338916309,0.06722903952436413,-0.11386696898791948,0.14412561636933963,0.3522906781731061,0.5557673988966808,0.11734728914716543,0.178837181835101,-0.0029705315230355686,0.3836507748320152,0.31909671496216774,0.989408818669035,0.22940393266071718,-0.3519873293369428,0.14354433772555808,-0.2923905684598135,0.4577488183243702,0.2614122441862309,-0.40613019243378895,-0.37205660885981373,0.03734367185973721,-0.19371572865033154,-0.06507109500231881,0.2734533736117382,0.47834680339683955,0.24458554728122245,0.26973127492180815,0.375575893699903,0.2069424186493718,0.3588280289425076,0.06541334601762591,0.46131798973048344,0.3439111183827271,-0.37918751223806607
XRPUSDT,0.7790872063127302,0.8514218946595382,0.39855766810548077,1.0,0.8364060143626926,0.22851494099132633,0.6790333172930405,0.732859875248381,0.8512680520955417,0.7517396862167772,0.7879057111890625,0.19781470483621577,0.47661274429330747,0.8545842648977692,0.19136727313362575,0.7713361372605584,0.8443151388149096,0.19107839379402036,-0.3522003589046352,0.4725215179926541,0.3906729043223257,0.7325272994868648,0.2408340850918367,0.8049731428921486,0.1333468742490282,0.846731131674815,0.505684151162101,0.8516862514011301,0.7953651592912218,0.7992394745922474,0.8012519856069277,0.7267077968344471,0.7802269158791127,0.7905266826560169,-0.07369901348882585,0.2602853834162647,0.18774344233982582,0.6758363829959233,0.08681810143248495,0.6095075503354668,0.7375083395098131,0.19171913616883388,0.8278740594352653,-0.028867060018984432,0.31094401686719364,0.5310021423879059,0.23975049158649903,0.6869665178236476,0.517822363706018,-0.1195479283486069,0.7576966180471246,0.5658731688636669,0.5785855088868321,0.4857863866696218,,0.032800474201981525,0.2636165996373388,0.7141755674986874,0.7755189914588063,0.3691810024877708,-0.27259666294564894,0.7463014376104103,0.6700577008838634,0.7530127368990807,0.7552557169995529,0.5800969069264635,0.8347241706684646,0.5553840848958765,0.6607906798344098,0.7552308938113157,0.7525259288664558,0.6006763647387439,0.31109446475641933,-0.15673173549862607,0.41592883253146384,-0.17410497444370715,0.17830128823631117,0.7722206686976527,0.3968612803064725,0.8535980983760887,0.8211331545542676,0.4587262653555551,-0.563548593714931,0.7934098949824315,-0.2765683436511031,-0.14733643425881493,0.83482221133813,0.6732322357898706,0.8070017616072259,0.7186746657057659,0.8526722169630794,0.8227216854141663,0.6923329259828059,0.6015437119812179,0.8479695175580841,0.7485582904220082,0.26232913074986985
BNBUSDT,0.7760744202086086,0.8850957708194792,0.27784583295675797,0.8364060143626926,1.0,0.4627549627007958,0.8405445750660877,0.7525009354688914,0.886306690973043,0.9387790486122501,0.8889175853966309,-0.0579631912203125,0.5486820743099852,0.8989958382349517,0.04808579640576715,0.7515967483380004,0.8811709813125768,0.3903544752319565,-0.5132758859809122,0.3488167171354551,0.5058076469230527,0.9100590728862861,0.3655199639885953,0.8915083038567206,-0.13815433700161675,0.8754354659718874,0.4877320389423079,0.8807748985044638,0.8016314097082344,0.9292074971430797,0.88880849917053,0.8496795594298223,0.9042626190573733,0.9552324207307181,-0.05380694575300975,0.1891762349592032,-0.0318785252382817,0.7657888114119343,-0.19173696489266917,0.5471977367499001,0.8979643197756129,0.0699061804641694,0.8143852929975712,-0.15598771740331738,0.186417940243757,0.6673755431698274,0.07687682874201227,0.8584530045470617,0.657349811230189,-0.4199071088934759,0.883971317371753,0.687351465824328,0.5650242982230272,0.5608542846546442,,0.01233959006645673,0.044816039060773784,0.8451472807797372,0.7222443170522653,0.47805529760074394,-0.05614656481093034,0.8826869175924644,0.8349367287790549,0.9094505817446794,0.9143325176365684,0.814586495688868,0.8844805422659341,0.6583910226108949,0.5908934147039681,0.9194899391158239,0.941681216856182,0.8644261902286196,0.3726508755708718,-0.4258263097894034,0.2883789601104251,-0.19381560168133097,0.12811213400199176,0.9729369600394695,0.6926001530458716,0.8875570132527366,0.9452608509148277,0.5937473593813472,-0.5203577933371928,0.9356881165548471,-0.38056270157727295,-0.2885619053594903,0.9838003443135233,0.8423653800688312,0.9511306708476812,0.8395367291293505,0.9193223394400443,0.8889050386319602,0.6137309064980645,0.6543751359283704,0.8781886607528439,0.7038898620005815,0.3952166098597441
USDCUSDT,-0.12439177397178572,0.09428447298027179,0.15218575232586373,0.22851494099132633,0.4627549627007958,1.0,0.5220210832951918,-0.06524677872920573,0.09729072276385684,0.5489847413178092,0.1099009368445824,-0.7253933663665205,0.3110597451204688,0.1328355828190539,0.18417287715347705,-0.1526645902543803,0.07762336848891069,0.11614382755485023,-0.5247190558670584,0.014210766683927015,0.6358169263758499,0.3190475969800033,0.04903434057280202,0.37068960329136647,-0.47757611077186696,0.0726781626480267,0.14337205838206019,0.08950264985348184,-0.08878813611208924,0.27370048333834407,0.2011688508583975,0.2445214695656005,0.2198390874829107,0.4484972530666883,0.6221780178416454,0.16581394021674883,-0.24281550293878917,0.3128492290116889,-0.40316216733290094,-0.2167529430738018,0.2528508279166225,0.2499442228865331,-0.07139317122003677,-0.0866060507697034,-0.7098976164678794,0.039908636957301194,0.0043970000196777185,0.26957114243264474,0.2762523344833097,-0.8407986279263667,0.26291028285135726,0.3342468755209541,0.016962365950488095,-0.3142881214645427,,-0.29407004320748525,-0.012633126915758386,0.21621866862032443,0.03688212580326802,0.20773796442004802,0.07754385835990718,0.4294523349210097,0.5317264730716698,0.36452760563298636,0.2167588992903511,0.3567529990768851,0.07321040239036755,0.12214246617122429,-0.07180324904750257,0.3080712485972572,0.43622807433774474,0.5829423709575182,-0.03241930650043056,-0.5608364564795472,0.1838531577480265,0.287515623192364,-0.6574036904664614,0.5159727474290816,0.5946613476545578,0.10567426797325094,0.27082288537513227,0.24753758660430372,0.24553062160596165,0.2850607707473977,-0.35480977414209663,-0.4291544820929575,0.4494362284121409,0.5314138616413568,0.29140205253724333,0.41173820954456625,0.15238492521281738,0.07211943915600344,-0.3421476746156463,0.09698646969123999,0.09581499197778977,-0.21232447453836234,0.07013868040233388
SOLUSDT,0.6128823657973813,0.7665929148149205,0.5013706697669045,0.6790333172930405,0.8405445750660877,0.5220210832951918,1.0,0.41867458476347014,0.7668830177693555,0.9372538337161677,0.7515627931772672,-0.02816944004153854,0.8258027780322201,0.7858752216813119,0.1579332085314512,0.5959794338852136,0.7567821900188174,0.43561279643345696,-0.7844064573300936,0.5386737391589234,0.7566472275339571,0.8340930133301452,0.28094335523406777,0.8488900793133357,0.0025237919471612935,0.7532465950997552,0.17243550688803203,0.7623517979951311,0.6388531760640531,0.8932646739641017,0.7049224660300976,0.7301405156944545,0.7866030075382903,0.8845323289871134,0.04632355415626808,0.5053585088150205,0.08046126357070096,0.8334603785894152,-0.10042353258150322,0.3110177962269778,0.8177747268335573,0.3218567430576066,0.6460552940411874,-0.07153670213753047,0.1485899571166988,0.520167070269299,0.24818563054907236,0.8338523123472419,0.35461329052478013,-0.35178491838269876,0.8475960392317654,0.33282206895066224,0.7809996650205567,0.39218549953749166,,-0.35429319024342,0.09523140139182258,0.5542894594213967,0.7038913645105029,0.8069802795371965,0.057427543862303906,0.9672248098342597,0.9866994600604115,0.9380340516065263,0.7772452436693095,0.775473956667315,0.5987335177690153,0.8216751626596716,0.5686159833879192,0.815571037510039,0.8590434162830909,0.8169628152018055,0.6700443855041183,-0.3898780967354545,0.4662700316034026,-0.15278760128550722,-0.0875671341283714,0.8423225142851659,0.6368720589190459,0.7732555172195825,0.8463775009182902,0.2234160122774291,-0.4810329542573198,0.6855630292506966,-0.4021318130424303,-0.32443711311455453,0.8372785659810976,0.9836029358372882,0.8745338192489205,0.6554595083566358,0.8053681683519212,0.7105397809234008,0.4764965202968399,0.4862800146635384,0.7674884269370889,0.5522591744227983,0.3180669655989683
TRXUSDT,0.8427354485499211,0.7854301898566615,-0.016448733290074378,0.732859875248381,0.7525009354688914,-0.06524677872920573,0.41867458476347014,1.0,0.7879447444419563,0.5787109712154465,0.8511092084607288,0.23297100580637992,0.13048063065768375,0.7798397039809855,-0.2222841596407917,0.835536514035755,0.7926124356486892,0.3332810146293082,0.039933447298435405,0.13141332523815644,-0.04570898319543414,0.698009222029712,0.5926631741083662,0.6562880791432079,0.05454074492761921,0.7823364745062446,0.4112929611752739,0.7878436355125563,0.8474286982410105,0.7179709869090173,0.7797692198036563,0.7532885427392365,0.8570564724968668,0.7125794970699973,-0.23749486157089802,-0.21313755517481076,-0.14189918132497745,0.4466156367806176,-0.036842049269366996,0.8308287353884392,0.7706011950362136,-0.21221244983165605,0.8203911225669404,0.11723023033993789,0.5888974878185959,0.5797620386706156,0.08743221356711005,0.7053593440481033,0.8233696050634721,0.001928499333662864,0.59258141284169,0.5304794320467914,0.3617001862297515,0.7372178282624822,,0.48497941831216884,-0.003339360176108099,0.7338637365524907,0.6199258039085361,0.11635489225686445,-0.27537302929535423,0.5351253090633739,0.4048422879027037,0.6454870836706582,0.7816968337168273,0.6337036797933754,0.9588620993654713,0.43681800296767365,0.6411906704999122,0.7657199893010073,0.6625537768091689,0.4937080023221556,0.13025240201176647,-0.09004790422034394,0.018950753713815285,-0.4507142629144015,0.5165541042976175,0.6974999103367789,0.426491646513843,0.7811770705706095,0.7992121076009119,0.764548778890102,-0.5440756345732316,0.8635375323210344,-0.06650732252621797,0.07983118004757248,0.7520207097471644,0.4160778869718977,0.7637009754343971,0.5682971425469975,0.8122885728978131,0.9076701374842039,0.77204421494764,0.7666699373269602,0.7778815327131017,0.8342561574636593,0.5991866222005363
STETHUSDT,0.9082601017355182,0.9759800542451915,0.44191012391727086,0.8512680520955417,0.886306690973043,0.09729072276385684,0.7668830177693555,0.7879447444419563,1.0,0.8433114053093251,0.897425011331352,0.3625059695262459,0.620064373698431,0.9749181402620325,0.17574815989401615,0.9001468177573295,0.9742057058772804,0.26079738701067806,-0.40217285224364413,0.545917895092004,0.4357626562641438,0.8376329207411625,0.26620055153944516,0.8719983977372959,0.19817626488941106,0.9753560596951253,0.49853271649223707,0.9750549048368038,0.9212778383233432,0.913328098360932,0.9042624151024834,0.7761337748097551,0.867035742272229,0.8507712614646245,-0.2594696801492946,0.33473732807714557,0.24511165587420025,0.785642660695193,0.1335848504165103,0.7048769502614971,0.8376717927683515,0.1759128453044967,0.9544155634463669,-0.0917680106930099,0.49684741313664144,0.6353705915503443,0.2309369317286694,0.8091001862727757,0.4839247165369898,-0.023571973440473397,0.89712845649083,0.5501893302374383,0.7502322134087045,0.6669757916146595,,0.03038027223844853,0.2335635184137805,0.7859934419578359,0.8718067626614546,0.4980404267519828,-0.19195045607001382,0.8438058492952847,0.7552330129498024,0.8592372479979008,0.8709984715505884,0.678455398955809,0.9077192571323766,0.6875735769527336,0.7621487077339634,0.835167203953877,0.8249118739474054,0.657292115600408,0.4677654135794424,-0.11663220112938626,0.4387211397170041,-0.2186156558600158,0.35162579735184507,0.8256036508040264,0.39973143258871785,0.9754542941093242,0.9108725322989625,0.425692600216645,-0.7454882416364771,0.8499547448189206,-0.33846361253711305,-0.103013890516009,0.889111431676522,0.7605759353918352,0.9157768193687628,0.7511402819361096,0.9600673840778775,0.928018258366459,0.8427393987686925,0.6210511864817557,0.9709982638453796,0.8802465424114708,0.29258629062630664
DOGEUSDT,0.6795037018021078,0.816799029708262,0.33261108873020656,0.7517396862167772,0.9387790486122501,0.5489847413178092,0.9372538337161677,0.5787109712154465,0.8433114053093251,1.0,0.8348009040272483,-0.1267753127779896,0.6838503390587132,0.8359807516071038,0.047447994111125304,0.6532843836847807,0.8113544394672279,0.4705933530901924,-0.6862255396875331,0.38864899714029344,0.641877632044135,0.9098563013203357,0.347034951435201,0.8726850423541447,-0.16237390553482214,0.8044060786645308,0.3240181541571863,0.8107867064764669,0.7076470052142707,0.9311179030737918,0.8059531460886082,0.8139672264842179,0.8624304305468874,0.9490158216290588,-0.014900134013908425,0.30959223942584463,-0.04554772009948496,0.8057501399011361,-0.241846935784921,0.3922048208778016,0.8893132398934761,0.13819665139272197,0.7118428523385849,-0.17131691464516294,0.12362568281628754,0.6356630078540993,0.08913152891104485,0.8775404521821404,0.5346538909700941,-0.47539851118990994,0.8881712703083964,0.5506411382274136,0.6432104189776362,0.49672006180684714,,-0.17444028476512335,-0.01103273233642705,0.7342823846213221,0.6759835789511208,0.6594107504559571,0.08219786978596293,0.9418449727504999,0.9359459770347274,0.948852935368719,0.8803582405627253,0.8506152061141068,0.74161217280988,0.7557206838283353,0.5343320199491789,0.9011842175057322,0.9421998268373196,0.9080992778267131,0.5300219825550057,-0.4937511099625222,0.3174862196806674,-0.18002589039693542,0.01256169666303073,0.9511296837198397,0.7452140775381099,0.8211569644727184,0.9144167442904637,0.4405573354525877,-0.47360034235625625,0.8402014506182686,-0.41332637292368174,-0.3557772782599918,0.9361344911645584,0.9395552817379891,0.9372695056402678,0.7738263203793357,0.8638470448568629,0.8015978670416251,0.5099020476439915,0.5706532238773978,0.8122426202717588,0.5992252432147395,0.38235305697570654
ADAUSDT,0.9048249273310702,0.8985078812671358,0.16206285830211348,0.7879057111890625,0.8889175853966309,0.1099009368445824,0.7515627931772672,0.8511092084607288,0.897425011331352,0.8348009040272483,1.0,0.13925642629942472,0.44413602628569443,0.8993798934908287,-0.19824276349815995,0.8873076151343787,0.901007192981029,0.5666746773818546,-0.4366145733444575,0.33725021951010614,0.23616925304121147,0.9160598979950589,0.5059049612231223,0.819485309870749,-0.00851115421154601,0.892934790599034,0.32840917810073256,0.8944337454250688,0.9191517359960926,0.9492503109147137,0.8423103285939165,0.9255359176494412,0.9598125597279532,0.9089592528117086,-0.3383613061420908,0.08265248690732589,-0.05649913257823802,0.7018710300524416,-0.17828967479210028,0.6150100530847821,0.9582162311296555,-0.12142768567586652,0.8899891350928832,-0.10914834241857327,0.5407860867031712,0.7878682634571302,0.045845678005681484,0.8892406158618856,0.6560934920316972,-0.1507637762181893,0.8450118527124921,0.5554479703000874,0.6029550428852957,0.7937152266672899,,0.07224719858291033,-0.08462992140129619,0.8026138352865868,0.7486217282043668,0.567416588131539,0.012457032804774582,0.8275391712849698,0.7457610749194631,0.907272094947884,0.95359003651674,0.8366739982646513,0.9221858180917097,0.7986282178020083,0.6446906613370521,0.9549167060307002,0.9023207751525576,0.7659377117314854,0.556350959022099,-0.35734675855193454,0.14090500150975224,-0.5151696790103542,0.38794426873063914,0.8731374215584718,0.6359461046572576,0.8976247152403979,0.9716888023539894,0.5445239219230903,-0.6072089861934489,0.9231433965588497,-0.16867411904067134,-0.21594921955335467,0.89081666620017,0.750489027940193,0.9590970427511271,0.7117625689986687,0.9570697777920768,0.9607899750301117,0.8039228138527954,0.7472936076492311,0.8909143604234913,0.8526129314196226,0.5307023083346806
FIGR_HELOCUSDT,0.4140279067016418,0.3626698079340986,0.48164988270818004,0.19781470483621577,-0.0579631912203125,-0.7253933663665205,-0.02816944004153854,0.23297100580637992,0.3625059695262459,-0.1267753127779896,0.13925642629942472,1.0,0.2971052963925733,0.33309110980339224,0.39078780442576994,0.4529950946437353,0.36579388578819844,-0.3319766569384305,0.2535157221681162,0.528941285764663,-0.010841233474873294,-0.05250166562033004,-0.12404463729443084,0.12637585035381826,0.8198488676563478,0.3798430032147941,0.10854195067439931,0.37320154225378244,0.38896709547041003,0.09228826743092135,0.20088014550249875,-0.08271888368758341,0.0698774214286763,-0.08950183885166446,-0.33879173832100035,0.38149964408809306,0.6358221744007923,0.17350395012945674,0.8246189238228323,0.5531496454038516,-0.021430892643716847,0.36252775624028305,0.44621009125050837,0.2711260216065551,0.7334202099687585,-0.08394506431571135,0.49244603609847376,0.027589912417154465,-0.23477824489671925,0.8692162561411616,0.14431424383326558,-0.2639402482855453,0.5570072565834285,0.27238771573688875,,0.12295605733978815,0.5465713736573693,-0.042725700373914564,0.48046741282938676,0.056305337915144554,-0.4668710363676079,0.056114073458164083,-0.04628421999854173,0.02194824914487234,0.010651830034627602,-0.20530593867472832,0.21411491347560468,0.10234846156031996,0.5631972542980264,-0.07931373172252458,-0.15592492325895027,-0.38223177449172246,0.18190160763564123,0.7577730752506777,0.47206290772444354,-0.00012798191607648235,0.49819004315890686,-0.18869064015499398,-0.6086879071924467,0.35682937369308576,0.05916507347130417,-0.2315780672023748,-0.6189676119683036,-0.057247177512930354,-0.010148051537548275,0.499702963318593,-0.049248816070058606,-0.04895580281712199,0.059596058556948966,-0.0955293383500947,0.23387062470170455,0.24203090871079405,0.6083312789022666,0.043436331846232884,0.3687428447194674,0.5232658467136102,-0.1292913412254639
WBTUSDT,0.404461848337366,0.6158755739184808,0.6657598314350549,0.47661274429330747,0.5486820743099852,0.3110597451204688,0.8258027780322201,0.13048063065768375,0.620064373698431,0.6838503390587132,0.44413602628569443,0.2971052963925733,1.0,0.6373002553480847,0.4515384749823647,0.40231467899256407,0.6113911255725439,0.09156713657140125,-0.5936914672077694,0.6045351215469855,0.8957985519671071,0.5493714857940833,0.05645367057469222,0.6476341923967699,0.24178712091949697,0.6113199837454101,0.07686806766010269,0.6157349396952617,0.4187153699799965,0.6340623092430058,0.5528890825144303,0.2922257619304927,0.4835019640279705,0.5638332561354668,0.06496223700220755,0.7070378294839067,0.30720827338395873,0.7480224878191521,0.26866052557935804,0.3290229395319287,0.49224985934263177,0.5721645138397152,0.4746937416523499,0.01755713865416257,0.17805004372365982,0.1671948871164565,0.39884556823218914,0.627113019871834,0.002205529713219238,-0.07360910037631734,0.7065391604963168,0.0002792536492515589,0.9020341591701575,0.23229797677357952,,-0.33004492821062087,0.29639238849571564,0.27169303762713504,0.5910433185947895,0.686662271735546,-0.018249474741909688,0.782659740992097,0.8188359942292696,0.6953259335669694,0.48589261866466515,0.501045382680125,0.32039436454544395,0.5781674450365607,0.5625529565942456,0.45102892062949745,0.5199140013095911,0.5036107256544735,0.5576400316804065,0.0316871628647837,0.6325589103907204,0.21860344568196508,-0.024442994571345297,0.5317825222011977,0.2397736843950728,0.6191493945002088,0.5312729235324928,-0.056325625024205066,-0.5822902524381556,0.33427652600845714,-0.5658184380565713,0.001262903107921576,0.5493590635917837,0.818774871825297,0.6097098567369155,0.38345973822486246,0.5525637994913297,0.45465713282872167,0.354219760278142,0.14369218463267075,0.6209833844837234,0.397079197877487,0.08979865700771626
WSTETHUSDT,0.9004315994779064,0.9749230237598491,0.44570328506142387,0.8545842648977692,0.8989958382349517,0.1328355828190539,0.7858752216813119,0.7798397039809855,0.9749181402620325,0.8359807516071038,0.8993798934908287,0.33309110980339224,0.6373002553480847,1.0,0.17760619559286434,0.8912523385521854,0.9725092778714943,0.27055697021833464,-0.4261847123863882,0.5458936307818454,0.4571784301704459,0.8479110738080212,0.26800326837373717,0.8820810578297578,0.1795932430991747,0.9734519925667567,0.49634450227528654,0.9737341417427566,0.9147237609802019,0.921857958003508,0.9059377176107888,0.7849387315849325,0.8726371658406546,0.8650889011360349,-0.23895465449532524,0.34150053346843867,0.23451017136048288,0.7952814168240464,0.11481501212862182,0.6893750253439973,0.8460402931501051,0.1827830769506072,0.9474337601315543,-0.09630260615981134,0.4709479671809984,0.637783386227784,0.22896837617795607,0.8175662315704166,0.4894604672280357,-0.05413455335757673,0.9041871041436179,0.5574230290065226,0.7500076533881432,0.6546269683744522,,0.013129837853353032,0.2281846621644416,0.7891398503610502,0.8699597966972523,0.5114878204485382,-0.1826129319634344,0.8586061128171792,0.7748215094238662,0.8718557758048359,0.8768387845678727,0.6913830779958057,0.9046442797446,0.695974037558773,0.7553297386634761,0.8453640922887912,0.8395335860598607,0.6781299838816945,0.4731467618084998,-0.14098313506381976,0.4423905988716175,-0.2131562902471634,0.32524948514758156,0.8412683981137339,0.4228783305973819,0.9748618633653917,0.9186585741481268,0.42851515169187254,-0.7327225557154068,0.8561829093375646,-0.3472686319766798,-0.1226639770701263,0.9013409358578941,0.7799350875634682,0.9241922223908584,0.7620820710911749,0.9625240485957234,0.9267508438379487,0.8273361374717828,0.6226109864993802,0.9700431905295355,0.8688652523268938,0.29521703679377365
BCHUSDT,-0.02011707265132824,0.17654347777448762,0.8444865181997534,0.19136727313362575,0.04808579640576715,0.18417287715347705,0.1579332085314512,-0.2222841596407917,0.17574815989401615,0.047447994111125304,-0.19824276349815995,0.39078780442576994,0.4515384749823647,0.17760619559286434,1.0,0.005828673135930968,0.15202575485525602,-0.7114972004357251,-0.1370046650661718,0.6671357127095606,0.5826816270671019,-0.17970508836306054,-0.6407717176071838,0.21343214050551565,0.5456180979730537,0.18089194874983883,0.38703986054361367,0.18476387646003134,-0.015332675589849317,-0.04293666742369074,0.09204670845169402,-0.25277851589603545,-0.21005357855798756,-0.057695872065934774,0.3983159414890032,0.7617230294399935,0.8086308460406697,0.26045765795153053,0.7411089705935869,0.055973148756372396,-0.269249185016382,0.8882592223098031,0.13151585348299896,0.11052397723067539,-0.2664562152404651,-0.38012136658163903,0.5883954342617049,-0.2208721640466287,-0.44881746392235095,0.22263608690050463,0.11337815058037244,-0.010129260556104807,0.3702585145929387,-0.4980133129164213,,-0.36506764286267523,0.8946796658705781,-0.09988910104687349,0.3866371157799011,-0.020952284590757982,-0.5823048593673985,0.14043624271712957,0.1507797184201766,-0.05202554127392945,-0.228372082441237,-0.4106707029436597,-0.07536295261441849,-0.15656850977578432,0.2893064220816238,-0.24036480358179685,-0.12220486276720226,-0.2202254820960672,-0.10957836974209006,0.4581230516570087,0.8824874508734476,0.6568330626359515,-0.3918241606578766,-0.07648749463925131,-0.511660703245978,0.18445825261199447,-0.09696795019432271,-0.38623376429497475,-0.20127663736907025,-0.18356442293896102,-0.3223821617745874,0.07598625731202699,0.04465783028949672,0.14136221892210898,-0.08658457160969046,0.1536048167392115,0.038451414784008736,-0.10354597193801077,0.04137871302327384,-0.24667742835934256,0.18799262130655975,0.027665778792678,-0.6338846980605782
WBTCUSDT,0.9384491403734776,0.9029821223996405,0.3304906334381229,0.7713361372605584,0.7515967483380004,-0.1526645902543803,0.5959794338852136,0.835536514035755,0.9001468177573295,0.6532843836847807,0.8873076151343787,0.4529950946437353,0.40231467899256407,0.8912523385521854,0.005828673135930968,1.0,0.9022047077812455,0.3250579197437445,-0.2806243691421903,0.5070155996687086,0.14201909599792686,0.7452399469200772,0.3200410219005501,0.7521542909457449,0.297451463591705,0.9046012588193126,0.40533422293240645,0.9033131219770906,0.9429238967934885,0.8326343196446967,0.7867467456117574,0.7958263510495602,0.8293864931303889,0.744775300140803,-0.39766527188787054,0.2032807026903831,0.236630984886898,0.6417446392284315,0.14892872167247834,0.6962350042054349,0.7932187159779969,0.031176371827272596,0.9456866748586955,-0.02416626783614922,0.6789628353318692,0.6661445532789788,0.21541106640444013,0.7129891626236702,0.4752113668770679,0.18027336264845764,0.7563443872093298,0.46725321975852024,0.649049212048109,0.7310902843528447,,0.07943341440752061,0.18164631624972657,0.7035666437443483,0.8423518629672008,0.4562874219239969,-0.21841256852918184,0.7028109287962484,0.5856934323397843,0.7537281311347787,0.8052368386655839,0.5825983401033236,0.8904118099619115,0.6948423586979896,0.7396610112800444,0.7875898404994209,0.7193945014531486,0.4968853527451438,0.49992991419490085,-0.059461030439176665,0.3157173374864526,-0.4576023097404948,0.464477589901451,0.6774053788791085,0.2997862275309423,0.9013461855213586,0.8546114813207819,0.3835863260352871,-0.701165175819335,0.7884265798772223,-0.09452001783081405,-0.07304450842286317,0.7556268486718507,0.5867486006885405,0.8253896352030836,0.624528443238417,0.9141031740738097,0.9082105906247069,0.9227522838691609,0.6771063620159667,0.8983416413465126,0.9284957938942149,0.33773949642819484
WBETHUSDT,0.9112491805007343,0.9741356444925761,0.41659322278017813,0.8443151388149096,0.8811709813125768,0.07762336848891069,0.7567821900188174,0.7926124356486892,0.9742057058772804,0.8113544394672279,0.901007192981029,0.36579388578819844,0.6113911255725439,0.9725092778714943,0.15202575485525602,0.9022047077812455,1.0,0.3344947763540412,-0.3911068459678384,0.5254514826444678,0.4186722085539494,0.841559030749457,0.27430931303967976,0.8616917359786223,0.18351898221989627,0.9741590729963618,0.49548689110298894,0.9728224368851336,0.9236850116538006,0.9123637721592216,0.90616074681737,0.7742196273158363,0.8676015754116276,0.8458513152720144,-0.2887934947727562,0.31490501319790937,0.230072677338054,0.77891860536552,0.11861732616374558,0.7085133888684602,0.8410874712412898,0.14676028936071991,0.9549661541064568,-0.10890415969243439,0.5116028862860537,0.648546171772351,0.20523904016999314,0.8138221741093582,0.4866997108736583,-0.022408426591409156,0.8994306441468297,0.5540733552934445,0.7430359713994402,0.6906701977938288,,0.0474989655563875,0.2069652331498431,0.7944825961321357,0.8595284871714531,0.4929562110446178,-0.1680842208492286,0.835300609409911,0.7449350207678088,0.8562652155505867,0.8784135358765283,0.6872318434458671,0.9098175730668917,0.6863675674707602,0.7532789605571492,0.8366572294233512,0.8246072868405064,0.6605130132297307,0.46857464848078445,-0.1210505347067863,0.4118948202476921,-0.2266711827550866,0.3803177972907847,0.8245312631536099,0.40478801007113785,0.9729641639493197,0.9093312452112271,0.4326626252223943,-0.7520448038879993,0.8531175152967464,-0.3392638082677703,-0.09795106392458817,0.8846227868167847,0.7511302528771576,0.9165696179966064,0.7473102183073592,0.9578949541550613,0.9301275244349152,0.846799011345121,0.6178793777270012,0.9684602473800867,0.8820524114986465,0.3006189223923701
ZECUSDT,0.35412974445323425,0.2633060005758459,-0.3437665674835252,0.19107839379402036,0.3903544752319565,0.11614382755485023,0.43561279643345696,0.3332810146293082,0.26079738701067806,0.4705933530901924,0.5666746773818546,-0.3319766569384305,0.09156713657140125,0.27055697021833464,-0.7114972004357251,0.3250579197437445,0.3344947763540412,1.0,-0.4470622620398833,-0.15141140045364274,-0.0683070957154587,0.5960768282029942,0.5777377168046856,0.28463195986614376,-0.39853719432429,0.25299400814927836,-0.24984962310922318,0.2527393351554929,0.3650936144718972,0.5352412811667273,0.2546659451632337,0.6422858217955731,0.5674940161810906,0.5239728499175251,-0.3563102563906767,-0.24563038583003982,-0.5166734143954926,0.2618136556777432,-0.662526555704961,-0.0013085247560654302,0.6605554941070126,-0.5173264720533255,0.24920381121683652,-0.19750855754346372,0.2944666339395243,0.645806560709143,-0.3418573826771747,0.5973371381470581,0.4364353463967451,-0.33800630039007273,0.3784568418035477,0.1806318821902678,0.14607323170896003,0.5905120256462169,,-0.07419719826094581,-0.6580277952450447,0.35390998659519013,0.10800723127893652,0.5754646684923667,0.5570493917457886,0.43564806442830956,0.44576474612407935,0.563182536622748,0.5953152115308135,0.7202658802646406,0.33373242821087007,0.670847951788566,0.04668541513484691,0.6443204043091123,0.5795636213253573,0.6190059345995517,0.591739193491054,-0.642765544708116,-0.41549193031791365,-0.6886752825421817,0.2109181480258208,0.4922909237381222,0.7449023858486743,0.262305109816919,0.5420179910831523,0.28887381168281684,-0.07352867586752218,0.48258683176112266,0.10886773737179622,-0.3620967545525247,0.3922694685935822,0.44594722943290815,0.5383882998479169,0.23818334110032918,0.4137027298043634,0.43869926743316046,0.24498146408722135,0.44327548306374753,0.2552251344302741,0.2742206983484094,0.594936432805511
USDSUSDT,-0.2998886487508542,-0.41049943104221276,-0.46866446056840827,-0.3522003589046352,-0.5132758859809122,-0.5247190558670584,-0.7844064573300936,0.039933447298435405,-0.40217285224364413,-0.6862255396875331,-0.4366145733444575,0.2535157221681162,-0.5936914672077694,-0.4261847123863882,-0.1370046650661718,-0.2806243691421903,-0.3911068459678384,-0.4470622620398833,1.0,-0.531134082668197,-0.5936078754105474,-0.5696416968969548,0.1155682906703296,-0.5475484552219616,0.0876868308395596,-0.39976572851758696,-0.04629322895207588,-0.40003399534419726,-0.3267147684165131,-0.6216598552648511,-0.29824184057018377,-0.5757739916442856,-0.39812102213164224,-0.6053406112579932,0.03296870327931261,-0.5985440587035632,-0.21359027756275073,-0.6207107100892382,0.2599498211191649,0.29108590506373405,-0.5278807304284641,-0.27060971045607735,-0.3291062108261609,0.3570405377335055,0.14395316322898327,-0.5005422813972596,-0.05201624398494299,-0.458475089806204,0.10218092158048092,0.3896663246322386,-0.6046168482888182,-0.2744316441694805,-0.4938567427472506,-0.09191889385139806,,0.8019392546775191,-0.009918238254930697,-0.3144573045186428,-0.4691730120948104,-0.8742918077562515,-0.3231153196992777,-0.730035651899889,-0.7998805368864589,-0.6636534734486078,-0.48013524686862696,-0.47043129777086645,-0.17434760264064406,-0.7805921884261495,-0.1670564428854136,-0.563102139022123,-0.6579186751548534,-0.654782385647308,-0.787679829923771,0.6037795540581279,-0.3864020984198745,0.19528273094466084,0.3735110206607211,-0.5490845812975891,-0.5177950711582371,-0.4213352332845719,-0.5487622023454035,0.23774898335526085,0.13769924478600748,-0.3491032035008809,0.170532851228717,0.6825517742743639,-0.5124793703840834,-0.7840638524261133,-0.5541166763112219,-0.5108431975172014,-0.4960853220184383,-0.30694503024684855,-0.19811690769778106,-0.1972189744147099,-0.41172318469848035,-0.20605930395593033,0.0789705887265698
BSC-USDUSDT,0.4793731123996987,0.5535716245951029,0.9345721130326036,0.4725215179926541,0.3488167171354551,0.014210766683927015,0.5386737391589234,0.13141332523815644,0.545917895092004,0.38864899714029344,0.33725021951010614,0.528941285764663,0.6045351215469855,0.5458936307818454,0.6671357127095606,0.5070155996687086,0.5254514826444678,-0.15141140045364274,-0.531134082668197,1.0,0.49473825629148516,0.25662451856292257,-0.3076858160664029,0.5543589055549065,0.718684237423455,0.5529595107802123,0.23316187568106042,0.5592934867746845,0.48473858340855036,0.45374457938678237,0.31929299314395726,0.34477239324144626,0.28201876453699815,0.3643422624707358,0.062037905316387,0.8564108583288024,0.8134619798613983,0.5684943967719528,0.620903774195758,0.18148343157458383,0.2588322159213492,0.7546458270824636,0.5559563335830306,0.14302237592871167,0.2522067060946349,0.12334872551606073,0.6752085868269213,0.20524970072801352,-0.25585647645215653,0.3844899318618752,0.44354565965048076,0.02002374356815618,0.7346865186719694,-0.03464130053848837,,-0.5949721262375414,0.7550450643571401,0.11048881940082325,0.807694766457712,0.5779112020389322,-0.46962274454176933,0.5622630945823687,0.5374652581203075,0.43214197663075815,0.21645161315275224,-0.007029833865892416,0.27741371246806334,0.5384133678451292,0.6108351691851883,0.2747082945539416,0.3000345843365987,0.06991371741995946,0.5592228743693284,0.21870107434060257,0.90183415601828,-0.03899826822297733,-0.20676133044072123,0.21649251929318064,-0.20842219747433346,0.5638339815835817,0.4050521646998323,-0.3757153952165242,-0.4439231050786319,0.16585835674019034,-0.06427707282645388,-0.15603005808264447,0.3471285627465275,0.5153726927769535,0.36735890824466527,0.33895927197245623,0.5182973427075379,0.3534910855502095,0.548045871023567,0.21337792750103146,0.5659158429895361,0.5115994540693365,-0.2897791996713956
