,BTCUSDT,ETHUSDT,USDTUSDT,XRPUSDT,BNBUSDT,SOLUSDT,USDCUSDT,TRXUSDT,STETHUSDT,DOGEUSDT,ADAUSDT,FIGR_HELOCUSDT,WBTUSDT,WSTETHUSDT,WBTCUSDT,BCHUSDT,WBETHUSDT,USDSUSDT,HYPEUSDT,LINKUSDT,BSC-USDUSDT,LEOUSDT,ZECUSDT,XLMUSDT,WETHUSDT,WEETHUSDT,USDEUSDT,XMRUSDT,LTCUSDT,CBBTCUSDT,HBARUSDT,AVAXUSDT,SUIUSDT,SHIBUSDT,WLFIUSDT,DAIUSDT,SUSDEUSDT,CROUSDT,UNIUSDT,USDT0USDT,SUSDSUSDT,TONUSDT,PYUSDUSDT,DOTUSDT,MNTUSDT,CCUSDT,MUSDT,TAOUSDT,AAVEUSDT,USD1USDT,BGBUSDT,NEARUSDT,ASTERUSDT,ICPUSDT,BUIDLUSDT,OKBUSDT,USDFUSDT,ETCUSDT,XAUTUSDT,ENAUSDT,PIUSDT,JITOSOLUSDT,PEPEUSDT,JLPUSDT,RAINUSDT,APTUSDT,PUMPUSDT,HTXUSDT,ONDOUSDT,KCSUSDT,WLDUSDT,POLUSDT,HASHUSDT,PAXGUSDT,KASUSDT,SYRUPUSDCUSDT,USDTBUSDT,BFUSDUSDT,QNTUSDT,ALGOUSDT,RETHUSDT,TRUMPUSDT,RLUSDUSDT,USDGUSDT,ARBUSDT,FILUSDT,BNSOLUSDT,WBNBUSDT,GTUSDT,ATOMUSDT,USYCUSDT,VETUSDT,FLRUSDT,KHYPEUSDT,RSETHUSDT,FBTCUSDT,XDCUSDT
BTCUSDT,1.0,0.8647110452968093,0.1667810978353984,0.7970071043968568,0.8196076782021738,0.6947936299880517,-0.4455659203903645,0.8475799471960248,0.8660634644190831,0.7385135820248806,0.8722486105803047,0.4731644181282112,0.896630640801301,0.8622104625317051,0.9824935456147857,-0.2110816291156337,0.8655872400423017,0.4071365823997834,0.5520544815673057,0.8002499777919739,0.26429462135235376,0.07170947403732672,0.34791173182059265,0.8207695152519895,0.8675079432991994,0.8657762551604861,0.16418482691027877,0.5478805187894852,0.86345185902937,0.9843336307642586,0.7555767283368671,0.6452816740955435,0.6781143615336338,0.49221175297542996,-0.037067327935827885,-0.24806013114239642,-0.003068214949422472,0.9105838532938425,0.8221683702394577,0.16537053411440977,0.08524086038111293,0.6768602473296054,0.1935672571956543,0.670129177028663,0.7225173195687798,0.5909988932881671,0.6522370865304906,0.6061487140512224,0.8130440536449781,0.20263220443087282,0.4586169244334868,0.8216452526308454,0.643585293649974,0.6616316228309098,,0.763876681488929,0.023046618650997122,0.77193996145695,0.5484285272833086,0.5195308839855269,-0.1510742889307239,0.6798005829281045,0.7239687443673911,0.7963452094694954,0.2807688058719197,0.5698834240295834,0.5647498562765391,0.8797706838127181,0.7822136048964582,0.8300270962103024,0.48046349405687344,0.7040450485362593,0.2329348362497199,0.5538540797296853,0.45662055113151934,-0.21831950549984003,-0.00907416473295586,0.10597048014208314,0.2856631433075,0.7961918931744136,0.8611782606655265,0.6223347340037333,0.443444049048119,-0.056245721545561185,0.7478422454297957,0.550292291378932,0.678666293528672,0.8179178249753709,0.8143019323277007,0.20446015005848342,-0.6038457223805155,0.8848377224802435,0.7652081984949408,0.5539982704082536,0.8696393642869987,0.9633850120732372,0.22256268046595565
ETHUSDT,0.8647110452968093,1.0,0.09003285258755381,0.9050525899799755,0.8633937226298224,0.846189547527579,-0.17526525893580006,0.684796479732854,0.9928004750684157,0.8081524397509097,0.9175273263420687,0.3492230124366797,0.8739416374352001,0.9927095597380289,0.858701308394317,-0.11905147098769542,0.9924133121360245,0.2924890339884251,0.5304066562878084,0.8334791830601072,0.3649643502093029,0.48322669253976125,0.03786103009409222,0.6788537634248193,0.9936469119256517,0.9931005460382738,0.04139368210398642,0.42137879724490385,0.8890213875014013,0.8747844147893873,0.4694104273775658,0.8649459906948727,0.8886399631438243,0.7384075440652165,0.07661075571665676,-0.4443744839244485,-0.03678123575940635,0.828466106668392,0.8029591034292043,0.3321232074368805,-0.1726657446390533,0.8649720867855764,0.03299178346050867,0.7557657391614166,0.6468105044151807,0.7455946974495505,0.541905380446402,0.42546485584548116,0.92408528103762,0.10595235924089119,0.44669110121226174,0.863377341090157,0.7167621083122234,0.7117771548516499,,0.7885725968643755,-0.005402490216933306,0.9261254564044192,0.733162481088974,0.7763656273289384,-0.11742384030330832,0.8360059515822227,0.9185523153203046,0.8997729096684632,0.6372956767497897,0.4928559989002471,0.8278333088628894,0.891162493053078,0.8482531443458369,0.7662218639248695,0.6159409656465898,0.7604635087150573,0.28744316395266056,0.794001772479329,0.7063139045772014,0.15748091420920682,-0.11641542939840978,-0.07245133350311958,0.3864773465136334,0.5979885353790269,0.9948176783316656,0.6557964057180568,0.16821383092703346,0.16289337303149387,0.929255305266648,0.5973064879987038,0.8402112910206042,0.8634074232904707,0.8238907805755157,0.20745953930913863,-0.6007902847882965,0.9825964182715883,0.6802568048586424,0.5030533321480001,0.9948252722990003,0.8592808841494954,0.5160308625834719
USDTUSDT,0.1667810978353984,0.09003285258755381,1.0,0.17013948118607117,-0.3251664342207539,-0.17377883261042787,-0.540625412112266,-0.18440090350041083,0.09025326965798228,-0.3514005811721341,-0.17213661045268558,0.6869194991593746,0.4065779806829762,0.07653700448269589,0.21774956825627634,0.7956680337139089,0.07439208895519137,0.6814196536122992,-0.31644092042627603,-0.35090600498256375,0.8512269756483286,0.06771744345476252,-0.5670735043828367,0.16511660979883624,0.10018345159930342,0.10786281750727197,0.820079230036229,0.2284343390737267,-0.2754565458411203,0.15064009349235508,0.1396293296247323,-0.33036745213813484,-0.20026927704350703,-0.38066262253082056,0.6100121424401851,0.2489352247238959,0.8539070145782802,0.09202666624169921,0.12031715233332084,0.7593634004064226,0.3698770451306033,0.011658510189151155,0.40427512805734395,-0.4400443683907212,-0.40142002506225805,-0.17468981848563805,0.24756166406559757,-0.33155875266468426,-0.019660318291458142,0.7499671864816991,-0.34388000276345054,-0.28977058345634416,0.34843955960812195,-0.37650338800073796,,-0.29220031777042327,0.8850386717185881,0.3962540451417196,0.09132308788272651,-0.2732664860188469,-0.8117991280685507,-0.18373142255493305,-0.2531804968789179,-0.07379188652294377,0.17935329278250062,-0.6704042045820711,-0.20405851915494694,-0.16542337771169946,-0.35934835755334144,0.39759555093215604,-0.655920580529826,-0.49530814906999276,-0.2794066341843075,0.1620698537166414,-0.08136366812326437,0.3015533048156499,0.6981767026818827,0.9325327382857864,-0.26430191996254465,-0.19106890210673547,0.09935506261121602,-0.5006591595044685,0.5020236117388456,0.2844788211287128,-0.22611836713290248,-0.6840547449342935,-0.20362826229430359,-0.3221719351107672,-0.3883977543151227,-0.8620076040395791,-0.2023447309099338,-0.018124691425711974,0.06132318571892123,-0.3424211617487068,0.10506709260218562,0.3416802015537245,0.3625847122084481
XRPUSDT,0.7970071043968568,0.9050525899799755,0.17013948118607117,1.0,0.7985344629744735,0.9265236121766741,-0.15210966186627112,0.4930454587856346,0.9088700841475572,0.8393882930802071,0.8299743046796949,0.3346649131450561,0.7473571978800083,0.9175461959384723,0.7982558774988874,-0.11716000629650451,0.9013848512405154,0.37509277735503677,0.6249970198821382,0.8042761956982014,0.2719182648648815,0.6210789828279397,0.08190071444658513,0.8431607210907669,0.8975877110702318,0.9110831234281973,-0.005626347737657611,0.37329363052306896,0.7583618862506938,0.8106646950371302,0.6099832966500648,0.7959293048037787,0.8638117769091957,0.6608961198956294,-0.027124431790011866,-0.0961187672295807,0.06079061142305116,0.8551463141355296,0.607795150979537,0.32384616087918766,-0.0435811371819047,0.5929597900468341,0.24903499092280676,0.5896408700529814,0.5307701411053809,0.8534475810843072,0.3121322533589763,0.4063241660675241,0.9439084928432829,0.2550425848753922,0.35519918786792865,0.6544489465706753,0.48095737837328595,0.552024009208428,,0.6852596299171072,0.029068804548151406,0.8379199620442589,0.8964478037926902,0.7280914714251973,-0.11825683504893006,0.9238009052066867,0.8687998308304623,0.9605558070381349,0.7656375582205411,0.3905783613017102,0.696355984624311,0.702631317937937,0.816519329989753,0.6971141744281323,0.5925771145596043,0.661029923785626,-0.027074759457136725,0.8823880142903998,0.7144525162129061,0.28037478064658106,-0.21220500558377803,-0.014812749996334751,0.315728778295301,0.5903004823476637,0.9145925465077733,0.5447392326051993,0.31891392325721996,0.2635139679127691,0.8625535821897623,0.47695176600634825,0.9174894768357175,0.7918437068364633,0.7233066108386754,0.19268675793101728,-0.3288234287771464,0.8998740053678884,0.8479335991272865,0.5921295140024188,0.9085198053384188,0.7533209827337972,0.6390013033584241
BNBUSDT,0.8196076782021738,0.8633937226298224,-0.3251664342207539,0.7985344629744735,1.0,0.8651923032451236,-0.017279293452847677,0.7752246783501979,0.8645860419838621,0.9484191820984353,0.9516788932005414,0.1016746134702066,0.6345857932485005,0.8726435206692246,0.7903877605745531,-0.49825326271026543,0.8699674701606325,0.0034254892903461875,0.6616728026989288,0.9747722716619898,-0.11777790166341606,0.30556377532021994,0.45427868229130347,0.7052451980712982,0.8592195332159508,0.8562908531272185,-0.351437814106838,0.42450377178061105,0.9708776159655131,0.8359289070573179,0.5812478802477782,0.8769483511274893,0.8484175435875683,0.7466367684886306,-0.3088579776460256,-0.38011017061461483,-0.4018007341763358,0.8307372628843468,0.6653604877543221,-0.11604488616604748,-0.15749230580204002,0.6968724891820787,-0.09997444360606658,0.8826272748154883,0.87430748492794,0.7738103249180106,0.3908029148073334,0.6193566647647187,0.9020633792313537,-0.20438768418232922,0.6610391195822607,0.9207263231727087,0.4108284030524208,0.7643915889445065,,0.9259301436139965,-0.40036531407980547,0.6276231186002944,0.6351519034558432,0.7344299487763539,0.30083023180511476,0.860855549091081,0.9362022298946098,0.8910791591311419,0.4164427025688648,0.8207578575373917,0.7550683454322473,0.910365693904422,0.9671944035459601,0.5358946387327055,0.880740566132767,0.9654779094878124,0.26396815432023807,0.626338142183321,0.5840358355502541,-0.08550429826176076,-0.4849499879865231,-0.4219992517051911,0.42020900848360604,0.7566635572060099,0.8607203403253852,0.8841132670639458,0.054789974460925935,-0.056718614451939445,0.931669249338825,0.8435853771219876,0.8706250688783995,0.9864915347809831,0.9790111401960927,0.6309277165596426,-0.4790387924248886,0.9208012484377422,0.706338933153514,0.6570975903373981,0.8582470557871733,0.7069358408834409,0.28785626936308145
SOLUSDT,0.6947936299880517,0.846189547527579,-0.17377883261042787,0.9265236121766741,0.8651923032451236,1.0,0.03923396979077675,0.5198692383560549,0.850040852857205,0.9421093832395884,0.8515523717874408,0.041261408068026334,0.5876116202668166,0.8632688906486917,0.6822851303966773,-0.4190905698781191,0.8473085153719684,0.16478124166827238,0.7713063744331086,0.8969562529146646,-0.02276376409746989,0.6193508717175968,0.2572584304474034,0.7702068132819528,0.8330310349035575,0.846865943047392,-0.25033204200697645,0.20277934881837367,0.8115064261704378,0.7123256166159107,0.5259267222864972,0.9173074561283973,0.9479810251448889,0.8229921619319351,-0.20991925282760832,-0.15694948521304927,-0.21392795659457042,0.7914180551565533,0.5537080271591124,0.071219776277598,-0.2208259939734136,0.5527288326529216,0.1870033033431213,0.697230081998828,0.5954779038772035,0.915253007555734,0.19566062366530773,0.5361447686675738,0.914663297364081,0.035025519975339356,0.3777556386271552,0.7110598920385326,0.3656471623276851,0.7078713747470101,,0.7119964031757205,-0.2757387323100158,0.6910517253265603,0.8795486073051589,0.8567886541784584,0.11810486927041393,0.9908047383575881,0.9324130333168482,0.9794876163433424,0.72703145978167,0.579416715816195,0.7555763737223695,0.7126212942156107,0.9245080564146423,0.5771603206516659,0.779652578453314,0.7729968313261486,0.09306321179939081,0.8263568305708223,0.7955534428362547,0.1720985982884555,-0.3960610973925002,-0.33308272762731894,0.4342670258616808,0.6422726158947688,0.8527957458644428,0.6417391813826101,0.17330486921321256,0.18882690178785513,0.9168576438867285,0.7050029481443938,0.9892067524163177,0.8561791672768345,0.8159920368343894,0.452253311536267,-0.170343604551667,0.8733257995820044,0.8392641231290063,0.7476193437282557,0.8458416400603921,0.5978299586266814,0.48721785757716307
USDCUSDT,-0.4455659203903645,-0.17526525893580006,-0.540625412112266,-0.15210966186627112,-0.017279293452847677,0.03923396979077675,1.0,-0.32980931326879215,-0.1744894051564863,0.020012217922607996,-0.08756988033552504,-0.3843366947976428,-0.487508124689144,-0.1583324710588565,-0.473149278192876,-0.14504979209497482,-0.1708324491848006,-0.4380371982177979,0.0014988626748896833,-0.044772257599583115,-0.3906656088775146,0.37336169784114515,-0.09573587271043002,-0.3909571021522218,-0.18529841925590013,-0.18034826157649456,-0.610967786158518,-0.3747858325551527,-0.09392823045822601,-0.42267135518282434,-0.4930908312382462,0.1058227435347385,0.06321213575365843,0.11950688861748704,-0.35958511074436905,-0.032730187428375385,-0.49805076037547497,-0.38956682913288065,-0.3248505395652347,-0.17628027034758123,-0.23352822370433837,-0.07673524965235186,-0.35676949498458843,0.14191525527763355,-0.09858605616798405,0.1620920675954851,-0.36369672658095376,-0.31859182242454737,-0.09980677102351262,-0.4043602100506223,0.036633136223191476,-0.08563151407150471,-0.34482966126797404,-0.08221243889665336,,-0.05002156329236612,-0.38532718451091974,-0.27576124119261886,0.04452344706692946,0.09067558402404403,0.4418018453446526,0.057651414309544374,0.10296616300733437,-0.07506048214335125,0.22159469236023913,0.12261846260691751,0.20003801691980366,-0.16310003538624326,-0.01181584144621559,-0.5372222993053719,0.3176712875592101,0.11978657497896385,-0.16348536456118337,0.07221323622030673,-0.020228870366687506,0.3550998537491689,-0.5627156620195211,-0.6271146914370106,-0.10151428759537769,-0.38680101678499873,-0.16793516053792312,0.19025189713905036,-0.578078353382917,0.2392451575022505,0.08138638335126848,0.1742736574306601,0.0704839452697858,-0.019785054883127155,-0.0571117756405629,0.42627002862112595,0.30971355846139786,-0.13605155213335363,-0.2923679474739074,-0.027233565456140668,-0.18727462913301302,-0.5328397621342195,0.0955454267750393
TRXUSDT,0.8475799471960248,0.684796479732854,-0.18440090350041083,0.4930454587856346,0.7752246783501979,0.5198692383560549,-0.32980931326879215,1.0,0.6848342279233873,0.6445451838298825,0.8238205147301042,0.27519409953301566,0.7355078746286737,0.6779751209672077,0.8336548852901697,-0.48595049830490133,0.6923988105827109,0.23790460404877747,0.5982710174236039,0.7476217454329588,-0.0018695315722088667,-0.2254096613046507,0.5610162294165602,0.5589703543770823,0.6869241408365843,0.6794780545891179,0.03428614753250877,0.3123794048339427,0.8665363365107783,0.8452811388386401,0.5624920630551188,0.5974663871899136,0.5853566158366851,0.4729037634527517,-0.24470824388985218,-0.367823948857655,-0.36129681072794184,0.6936163752378264,0.8506924285843039,-0.09857320380398948,-0.01484657898692089,0.6568926440871522,0.09545837841639555,0.7867110466469864,0.7385692150604101,0.4576376067530676,0.7415389986889156,0.6803354085666659,0.569310855669198,-0.013234023138841141,0.40442505934688905,0.8870852422189396,0.6241601676441497,0.8122389047341194,,0.6893712939220935,-0.24001151645315574,0.5287920448043668,0.2718776852476429,0.45046686782909195,0.0019244587848117204,0.5029594136969676,0.6188486351941725,0.6012006925001494,-0.03127519756805364,0.7860298724245273,0.5541476068258573,0.9018162008338049,0.7442567028926316,0.6997515613643084,0.5090567643188048,0.7365405529605469,0.4493957464590329,0.27958621958000457,0.29751791359283064,-0.5493318589448806,-0.04415959501854836,-0.1625536013003873,0.24932895248885026,0.7795059748906876,0.6727261293992027,0.7001220442793644,0.2972884319050481,-0.18761658393859101,0.6623063598259382,0.7561639328141815,0.5106235979227781,0.7740035513326986,0.8254160277290695,0.4340464725560983,-0.5170311476864932,0.7507146123777184,0.5641445334544573,0.6196116974143797,0.6867386854364446,0.8044261792756593,-0.21532311973421742
STETHUSDT,0.8660634644190831,0.9928004750684157,0.09025326965798228,0.9088700841475572,0.8645860419838621,0.850040852857205,-0.1744894051564863,0.6848342279233873,1.0,0.8106485519643903,0.9195738066269151,0.3541456886487644,0.8726445622293549,0.9920717466153813,0.8602603397352591,-0.1219426718015277,0.9912196807621857,0.30028122073677993,0.5393977892560148,0.8346429746220546,0.3605728716445779,0.48471404361791726,0.04405668017145888,0.6850876873936996,0.9921323025601927,0.9922363230137571,0.03945505605002611,0.4160539035156799,0.8889969912995987,0.8763301124760163,0.47496477005385374,0.8636797882308304,0.8898053536978918,0.7344036933569212,0.06508173766293698,-0.4304355771602708,-0.04100719597674057,0.8294012701576925,0.8028236853562896,0.3327062000851119,-0.16441285745206963,0.8585499232692894,0.0433343667407424,0.757092582199418,0.6444794388495254,0.753526513516473,0.5424280203112413,0.42514145192937675,0.9246106447760141,0.11369923852875444,0.4422803516227342,0.8611659665949117,0.7128672920962064,0.7107060879586892,,0.7861061897577779,-0.005278088887699631,0.9242393929417707,0.7394810507518118,0.7735020226566708,-0.11940637291482219,0.8400835126501834,0.9190280651739268,0.9033479918435696,0.6402575244164487,0.4963853359791626,0.8280026368475647,0.8900797595251667,0.8497742643213733,0.766756775771438,0.6169848239072611,0.7610208546836149,0.2748175592911788,0.7984132493842546,0.7027388026112118,0.15694019851409102,-0.12117095605928949,-0.07320657824897744,0.3775926364235191,0.5990974294870741,0.9939400207417202,0.6581273494862001,0.17574609355265955,0.17017245085849644,0.9302273501337242,0.5987142848465353,0.8439827442407122,0.8642611972266334,0.8236847394362422,0.21236643293238827,-0.5911905945016716,0.9829804815608397,0.6876861087539254,0.5117218685719944,0.9937578344451768,0.8587611040592777,0.5144331152530827
DOGEUSDT,0.7385135820248806,0.8081524397509097,-0.3514005811721341,0.8393882930802071,0.9484191820984353,0.9421093832395884,0.020012217922607996,0.6445451838298825,0.8106485519643903,1.0,0.8765623980459737,-0.07436387264687992,0.5317760740148674,0.8231790192004819,0.7118825170707216,-0.5885655818649591,0.8139250362505159,-0.039726838898869826,0.7361083034022146,0.9850101075141574,-0.21930595996670885,0.41153834032641456,0.48040090553153614,0.7827889107316259,0.7986199705395212,0.8018648330311866,-0.39671306485858576,0.35949289772549115,0.8913327276402742,0.7549927025791267,0.6285375047499284,0.9065764959703267,0.882469262908443,0.824569040160639,-0.29203358381654554,-0.26478961466596124,-0.3329639380321607,0.8508947649637273,0.5233470673850696,-0.19424340918724545,-0.23143539616801867,0.5382317287373802,0.01410868961594406,0.758176654409188,0.8084817086752066,0.815216341299736,0.17111378532454294,0.6986202429398644,0.9170311725169326,-0.19487905139655926,0.5939012468580851,0.7992598005252523,0.2637992870972646,0.7467281339027232,,0.8601090101816997,-0.4615091759415291,0.5633043820303777,0.7266111040420952,0.8169401388755987,0.35065530730882316,0.9411349535102075,0.9233205272371993,0.9404403052800739,0.5000535344015434,0.748100978200878,0.6747329283348935,0.7793560311489928,0.9834733163817123,0.4979050187816418,0.8956836677412117,0.8990208234554838,0.22165706395232324,0.6532175531443583,0.7203413226566094,-0.03512915401047018,-0.5133058215550579,-0.44541600697775424,0.5410747233096862,0.7920934446885906,0.8078379848146536,0.7639296733678337,0.1007352095234282,-0.0754823234818017,0.8973829587006016,0.8165517800196507,0.9452662786527612,0.9420473196717697,0.9371605985812532,0.6167444203916794,-0.2836393792373119,0.8590050395931348,0.8092705419903508,0.7348148442587258,0.803940937358157,0.6048667079200518,0.347600429897756
ADAUSDT,0.8722486105803047,0.9175273263420687,-0.17213661045268558,0.8299743046796949,0.9516788932005414,0.8515523717874408,-0.08756988033552504,0.8238205147301042,0.9195738066269151,0.8765623980459737,1.0,0.30346181041989195,0.7717227744126953,0.9240445999495748,0.8550124293613006,-0.3761515874295603,0.9216193345367787,0.24307405837230622,0.7073291733388363,0.9116738562032296,0.07545093940678044,0.3180458946917414,0.34358455556301426,0.6854759797171133,0.9130596669460341,0.9159852502520083,-0.15786206690391508,0.31222851463482026,0.9726571779888753,0.8861294392848339,0.5255702375064907,0.8601730718356554,0.8778082145818901,0.6927879331422067,-0.27944323264274984,-0.33457737096262286,-0.36264968395485747,0.7956439057810442,0.8238878451602336,0.10737833720835728,-0.08608556171216782,0.7840008998573285,0.05249196600541424,0.9146642531925219,0.7514372099539438,0.821003560334504,0.5956027093082291,0.5227051937157008,0.8686008389389003,0.012870697864751484,0.4887190555431271,0.9411881007342782,0.6089770038662918,0.8011710715776796,,0.8299235054146099,-0.22859226288200868,0.7556430303366641,0.6811306050015383,0.7091260642246668,0.05119516792697794,0.8442963877544867,0.9290704850899977,0.893901094969606,0.4805750759197455,0.7691159953549092,0.843641288660318,0.9572814336975674,0.9257776800435468,0.6822066855825729,0.7546919949784427,0.8982212750115617,0.22236849823469082,0.7095482221717714,0.5546551025130668,-0.06800497007430649,-0.3181611284590457,-0.2973461038833496,0.26644218348354126,0.6849438718865374,0.9173343830128929,0.847593694209897,0.1689575547218623,0.12848224959440993,0.9522088216605349,0.8053327984955293,0.851290250274859,0.9474598920570224,0.9245786479092342,0.5142355405285575,-0.47855542255080297,0.9681761174914515,0.71515632418608,0.6902203358991335,0.9165927003675526,0.8006341799888093,0.2610279118757501
FIGR_HELOCUSDT,0.4731644181282112,0.3492230124366797,0.6869194991593746,0.3346649131450561,0.1016746134702066,0.041261408068026334,-0.3843366947976428,0.27519409953301566,0.3541456886487644,-0.07436387264687992,0.30346181041989195,1.0,0.5978038974195464,0.34641508558123013,0.5036967798269373,0.5802558585685051,0.34098574086174427,0.7942289870229132,0.02970965168623934,-0.03004244333100488,0.6856438967263597,0.017719778786950677,-0.24329207818773158,0.2539199046659964,0.35657350471267113,0.36862928473206485,0.5319996385354963,0.18560590928502102,0.17626450258457535,0.47216220666825165,0.22117168249771205,-0.1050503932016985,0.04413133686455299,-0.34494113760838724,0.013588975499849512,0.23245828210663055,0.24337213338637723,0.2009662548775879,0.5216565353720868,0.735875387232933,0.5776281319749843,0.3340091894603387,0.3163026511383064,0.18977712114568884,-0.0605728856238177,0.22029187348448373,0.7180362333743523,-0.3189147083773018,0.1744152921235254,0.692220395320595,-0.11535689249827225,0.18269687972826357,0.5496209362296759,-0.08470347707250626,,0.0439268779278614,0.6709006685066166,0.524099056226368,0.2341611105161748,-0.2425290821554312,-0.6824186373081697,0.03372999483037792,0.09419565913592783,0.15654574751265118,0.20144164666323702,-0.06496737185533362,0.24442506862962604,0.3166181219784122,-0.0307637816326907,0.48468473313458954,-0.26176840730270606,0.010419268941189894,-0.41529565493552134,0.37216463462096,-0.2738071014432382,0.14526092114758615,0.30243287936812646,0.5661913443083275,-0.6007762709579226,-0.06247134728553591,0.3608075063897911,0.15086282504728918,0.4483064404122513,0.5013246620499693,0.17068045821090083,-0.19905555011156048,0.02529869474680358,0.10044438654784513,0.007175399369076317,-0.30809858421130837,-0.3563585907586344,0.3388164451701652,0.18030018536465015,-0.012310382941806192,0.3602328919655118,0.5663677148431245,0.19472560672326625
WBTUSDT,0.896630640801301,0.8739416374352001,0.4065779806829762,0.7473571978800083,0.6345857932485005,0.5876116202668166,-0.487508124689144,0.7355078746286737,0.8726445622293549,0.5317760740148674,0.7717227744126953,0.5978038974195464,1.0,0.8611767778136784,0.9124686368481189,0.06304980919449886,0.8693289153195324,0.5921579495186413,0.4234836202623742,0.5974594483072542,0.6063262826647717,0.17227729658781657,-0.01351902520622937,0.6347755259747317,0.8789267144972115,0.8788352100268308,0.45912099146967794,0.3909987783074726,0.7314570043610209,0.8915355593452795,0.5009474511897116,0.5949726940680053,0.6617575447285416,0.46427273317225337,0.2421789260578473,-0.33379686649500684,0.19360701880236947,0.7551089298867726,0.9066466118881918,0.49983120453202207,0.01336725844228757,0.7927960960462906,0.2715242232893281,0.5620698684617914,0.4495563725365114,0.5067941704695195,0.7752397597142585,0.38729398723657754,0.6987858629096977,0.4057830422634382,0.1921055897093258,0.7374349016501436,0.8850824879420004,0.6289404991773588,,0.550413802885051,0.2926330962879215,0.9244062220401429,0.5323359890898662,0.5220223800635703,-0.4804216502391142,0.568326490937217,0.6413702838166561,0.694688839465354,0.399127416795063,0.3008982212176971,0.6232761498566707,0.8099711667735255,0.6121746584465512,0.9368780179937097,0.2247036444943092,0.48151316567284413,0.30421571713588524,0.6073117044284931,0.5025720782372795,-0.057591138912577416,0.3070831848458948,0.30564362080515595,0.21372918851107803,0.5637843636726079,0.8718173926912073,0.4016950068550262,0.448427003402187,0.14678326695601285,0.6852165180688339,0.3666635905387855,0.5653914807129761,0.6356001712486177,0.6165133108256724,-0.11362289416668782,-0.6256981070071461,0.844393475208362,0.6159981813340442,0.40701909438608735,0.882851600893221,0.9688394616412518,0.286340038407605
WSTETHUSDT,0.8622104625317051,0.9927095597380289,0.07653700448269589,0.9175461959384723,0.8726435206692246,0.8632688906486917,-0.1583324710588565,0.6779751209672077,0.9920717466153813,0.8231790192004819,0.9240445999495748,0.34641508558123013,0.8611767778136784,1.0,0.8658401484479226,-0.13214790686404643,0.9912658815406769,0.29331653726937224,0.5513574797205056,0.8433541729338171,0.3429681274992514,0.5001406229589799,0.052650156372950487,0.6924329804968381,0.9914455091508534,0.9922718056855006,0.017382263372285725,0.4113193013295119,0.8917099821967742,0.8733758415756232,0.4788959628357992,0.8707900980484401,0.8975210952675029,0.7392952828609367,0.04506780579039332,-0.41708700115494973,-0.05432877884715195,0.8311364805995234,0.7926609741974475,0.32412405771724145,-0.16253429213427648,0.8497885357800474,0.043582458762504696,0.7628012795332049,0.6482795095137049,0.7703154868146455,0.527621248833265,0.42452916149234765,0.9326131934215847,0.10811328112700068,0.4481526738830571,0.8595586118906219,0.6959324643751791,0.7085948489675181,,0.7913100912599172,-0.018500395325260842,0.9181520036967293,0.7537123375455422,0.7787639929436471,-0.10366213557923201,0.8540681308344078,0.9284237001326926,0.9135131962600798,0.6529441177032378,0.5057391939009431,0.8330291779904918,0.887644494643644,0.8585976617370182,0.7555056919654465,0.6337404113206473,0.7708783988610441,0.25724833309141903,0.8092584460071767,0.7057490851031096,0.1673470842207037,-0.146332270039069,-0.09031004616839519,0.3747585788101745,0.5994261408583267,0.9943812932922717,0.668916213926995,0.17075478809322045,0.17811812923427967,0.9382980711887721,0.6069551539452545,0.8578954944116717,0.8718987162860076,0.8290924171047735,0.23104421634835418,-0.5765455752039438,0.9853373000797161,0.6968303953671411,0.522912173577263,0.9934302769779086,0.8490814771353836,0.5234469349253442
WBTCUSDT,0.9824935456147857,0.858701308394317,0.21774956825627634,0.7982558774988874,0.7903877605745531,0.6822851303966773,-0.473149278192876,0.8336548852901697,0.8602603397352591,0.7118825170707216,0.8550124293613006,0.5036967798269373,0.9124686368481189,0.8658401484479226,1.0,-0.17750732096477662,0.8587138136335946,0.4559511715059344,0.5486166296081686,0.7720797057333241,0.30564488992414995,0.07223557570227848,0.31990814420014174,0.8238229877362695,0.861428812660355,0.8611177521726322,0.21702140789583832,0.5315852461148451,0.8387779844608861,0.9816895883344826,0.754555009450735,0.6239269248565071,0.6669927677195618,0.4705346468036151,-0.010353797435593766,-0.2206582534896343,0.03800486996031964,0.9032858734292456,0.8291175763553162,0.20754366903526375,0.10246324502970669,0.6658733959045767,0.2388095050752108,0.6401608725174994,0.6815766504646676,0.5832290287179437,0.6663182761961287,0.5895393804037083,0.7973701678393442,0.2566183265679106,0.41291596511977974,0.7962532279310006,0.6636154684171027,0.6476116024582306,,0.7268944243073051,0.07009897085316436,0.7859683400751871,0.5534996888058289,0.5047192654802019,-0.20743563588471622,0.6667634644353732,0.7011521839021635,0.787184105090968,0.2893915842236027,0.5302107795227757,0.5510883822507153,0.8609717839045736,0.7568199099417618,0.854634963671459,0.4339221681036963,0.6637087414024935,0.21664261623191414,0.5594579075229449,0.4533982339641669,-0.21104049654283322,0.040373445361944434,0.15504499058534954,0.2648990988151536,0.7810981409874646,0.855803153458514,0.5817550276976554,0.4810913889027242,-0.03078370168067085,0.7279239674873033,0.5144377426924484,0.6640414920852578,0.7883818583054707,0.7824147784957457,0.15518965101654258,-0.5889983042738713,0.8739488065556649,0.7705114391589617,0.5492235226557589,0.8648381715887609,0.9720672948344229,0.22448952177805243
BCHUSDT,-0.2110816291156337,-0.11905147098769542,0.7956680337139089,-0.11716000629650451,-0.49825326271026543,-0.4190905698781191,-0.14504979209497482,-0.48595049830490133,-0.1219426718015277,-0.5885655818649591,-0.3761515874295603,0.5802558585685051,0.06304980919449886,-0.13214790686404643,-0.17750732096477662,1.0,-0.12723405610212116,0.3416955538355577,-0.6691003939025395,-0.5928985042214356,0.7844002517449487,0.1901909612259015,-0.840547850086666,-0.31727321867551633,-0.10514215978630452,-0.10656335678771961,0.5256553510120506,0.12235113540183715,-0.4699735700873661,-0.21529337827197287,-0.34438902342202127,-0.4778597858049685,-0.3972736225683075,-0.5263167791096863,0.5546040314227381,0.09217833809757135,0.6557592213662573,-0.31674160243290245,-0.14959902886511817,0.7583607101455444,0.29625547175953815,0.0128608771073438,-0.06572621695207612,-0.4553743880826033,-0.5286052609199695,-0.33656198502839313,0.07485047413735359,-0.7811925582528904,-0.23213383714289554,0.4400651765309417,-0.2670293442506534,-0.4256571579204918,0.15714310614926413,-0.6525615086379135,,-0.3796731084723621,0.8134613896239995,0.18160407788153615,-0.12208504274009105,-0.4442702836697027,-0.5812544461240283,-0.41965788474405324,-0.3578291682604801,-0.3647725628739108,0.17436131848566316,-0.7639779765631228,-0.18137149758246046,-0.34297835444103003,-0.6021188199470043,-0.06744072702686611,-0.6359541066182052,-0.5456418574702633,-0.36645090468653346,0.05043799214461373,-0.3255507224647897,0.6013799754933745,0.444835541389966,0.6835775716061212,-0.4544785481656176,-0.6521903834033981,-0.10773160954358907,-0.4532655356277003,-0.012112814235927692,0.3994434838108133,-0.3380504203532662,-0.796312146191215,-0.4254516326960891,-0.4890472825537507,-0.5871393378525479,-0.7674298156916741,-0.22926148877962965,-0.22917916583939976,-0.4287384933934121,-0.7164911758710644,-0.11390484709158245,-0.03811651539951561,0.4475373126080053
WBETHUSDT,0.8655872400423017,0.9924133121360245,0.07439208895519137,0.9013848512405154,0.8699674701606325,0.8473085153719684,-0.1708324491848006,0.6923988105827109,0.9912196807621857,0.8139250362505159,0.9216193345367787,0.34098574086174427,0.8693289153195324,0.9912658815406769,0.8587138136335946,-0.12723405610212116,1.0,0.2826205898850154,0.5356845256040039,0.840215826220056,0.3501715171804231,0.47551924810506707,0.052058368632245305,0.6784915683464947,0.9919952782125794,0.9912039579338647,0.029341107683015386,0.42133108121181656,0.8953244977469034,0.8758045062270647,0.47176538136068635,0.8682503889952653,0.889693212996593,0.7417166750060052,0.06484902758447411,-0.44780664419470184,-0.051250290011997345,0.8293851537107207,0.8031941985849297,0.3173589570966879,-0.17504697801460872,0.8645853193864037,0.026790717547689125,0.7639817236474535,0.6567965011665416,0.7465520506186267,0.541567867515364,0.4339897908042471,0.9241334334012816,0.09393531696332531,0.45468048437528846,0.8700200986288995,0.7116663945628576,0.7184218668476307,,0.7953461771059674,-0.0197172102654015,0.9187915548417265,0.7287345432989492,0.7775666859262884,-0.10405760692919577,0.8371783876836585,0.9213724379641315,0.9002469448796533,0.6287924209257334,0.5067457928083169,0.8289162031061699,0.8961920823045283,0.8545117417319453,0.7614958078951477,0.6260837375649491,0.7699114067041675,0.29255325972287505,0.7881741229398176,0.7038691151580508,0.14653834154024312,-0.12688645975127588,-0.08565709038891028,0.3895959658094104,0.6049932679325277,0.9929720739542499,0.6658590477634612,0.16314108117115192,0.15432943844170538,0.9319295477997444,0.6092589202630602,0.8417101577379558,0.8699462194116884,0.8321016216553654,0.22255354261325874,-0.6004969360691427,0.983321612172985,0.6803562116375158,0.5091864777386954,0.993022610784343,0.8571102017529565,0.5059451935644145
USDSUSDT,0.4071365823997834,0.2924890339884251,0.6814196536122992,0.37509277735503677,0.0034254892903461875,0.16478124166827238,-0.4380371982177979,0.23790460404877747,0.30028122073677993,-0.039726838898869826,0.24307405837230622,0.7942289870229132,0.5921579495186413,0.29331653726937224,0.4559511715059344,0.3416955538355577,0.2826205898850154,1.0,0.36103376045331176,-0.0399737938958907,0.6235904867218633,0.07260347871464452,-0.17122174188481248,0.35441161007679756,0.2874554323572751,0.3175216897600826,0.7096752612071713,-0.20208779076339844,0.09080153922254311,0.3980437804007067,0.23862252689862296,-0.012375904908338894,0.1880731073047464,-0.1743378794008864,0.02995661033657027,0.4380648884754697,0.29290812499679425,0.19149126485613754,0.5539144521232923,0.7324009494908342,0.42539456003135623,0.16070721282145692,0.7995282379551261,0.06423059603723508,-0.3049031022359922,0.336677691595925,0.6439781819905928,-0.1063490634358911,0.09793717527572368,0.9375950715578121,-0.5278983352309292,0.06408366140597913,0.5915493998023033,0.12743633117000866,,-0.22060267158890332,0.6354160740179488,0.515788345708445,0.3886952972010481,-0.04926672202202499,-0.8886218862151445,0.15566761611049065,0.054702190240012064,0.2443382647641369,0.30335712177011875,-0.13632667718059627,0.218413233543192,0.19402318903863197,0.012841229470265223,0.6740817925557673,-0.373580371249886,-0.17003788727039457,-0.345665627562726,0.424498328486862,-0.0049788964816172235,0.013896841940569114,0.5339970249935472,0.5848195386775676,-0.4743139486322715,0.035731090844923756,0.3057875017220115,-0.11283438993302547,0.7217746106787657,0.5928490735873949,0.13589050277180706,-0.137187315677587,0.13424588454817415,-0.00688348087667173,-0.0712824701387591,-0.39882161338567035,0.07245830261925482,0.2795574769441052,0.4134453517471552,0.3255836105123137,0.3116768056374901,0.5072613824516902,0.025178113487926472
HYPEUSDT,0.5520544815673057,0.5304066562878084,-0.31644092042627603,0.6249970198821382,0.6616728026989288,0.7713063744331086,0.0014988626748896833,0.5982710174236039,0.5393977892560148,0.7361083034022146,0.7073291733388363,0.02970965168623934,0.4234836202623742,0.5513574797205056,0.5486166296081686,-0.6691003939025395,0.5356845256040039,0.36103376045331176,1.0,0.7047300991202999,-0.2629755802068068,0.2301589366488848,0.5592896614049215,0.6418250070188781,0.509835658639451,0.5371387842030602,-0.16002961548195727,-0.2368159525559923,0.6567987083707043,0.5614901292146388,0.47376596499951174,0.6803688372979688,0.7558356471841731,0.5755185257295022,-0.551242631199791,0.17262696735975325,-0.47671532774776504,0.5371713951553643,0.5759991408967831,-0.0817678799454265,-0.057476453919575864,0.2630066745849838,0.5497741881432857,0.6474125468122897,0.36508670001647187,0.831949163548145,0.3387964576519235,0.593799214371551,0.5328708728178033,0.21425644373707,-0.007286479644026092,0.5705415721009204,0.30589565759273996,0.7688001497318783,,0.36824804242691056,-0.3580479543022835,0.37987188100280794,0.6714011438011541,0.6048007408121333,-0.009561837846890556,0.7709973275889479,0.6477196137857023,0.7519905549980473,0.391875784379455,0.6924734528014479,0.5863637192885548,0.5790957338127787,0.7627099854710181,0.5530000310735048,0.5687567655669664,0.5837126107406726,0.00767903543475817,0.5579136139040034,0.4996001885120449,-0.26305292448895645,-0.26150411846261423,-0.3795441129264053,0.1336128485599552,0.6189585180671413,0.5356546563190285,0.5283706400219446,0.4013822259951574,0.23477031865521625,0.675172873987106,0.7678135068481439,0.7634991200214853,0.6443098212656801,0.646248535615322,0.5586729319783139,0.2339385052031257,0.6211380703643082,0.8070021756105356,0.9838842312116908,0.5361274137985109,0.43500064014817535,-0.09815693975317394
LINKUSDT,0.8002499777919739,0.8334791830601072,-0.35090600498256375,0.8042761956982014,0.9747722716619898,0.8969562529146646,-0.044772257599583115,0.7476217454329588,0.8346429746220546,0.9850101075141574,0.9116738562032296,-0.03004244333100488,0.5974594483072542,0.8433541729338171,0.7720797057333241,-0.5928985042214356,0.840215826220056,-0.0399737938958907,0.7047300991202999,1.0,-0.18868335248103224,0.29884350632470175,0.5133609182587123,0.7642402729205634,0.8273222782629668,0.8252434472238862,-0.35241491313128276,0.41817340606392545,0.9436386407718069,0.8139174656500494,0.6421945566071636,0.8986481311008744,0.8617577219434333,0.8108399536862648,-0.2677663390982633,-0.3565597989446464,-0.3498592940720616,0.8722585386641029,0.60536513985042,-0.2077104939110262,-0.2244042673062733,0.6138594320280246,-0.03603996192417208,0.8075933154587178,0.8729979882452515,0.7577701657442666,0.28021756965257516,0.7366606997256051,0.9075045728113288,-0.2234976880150378,0.6403108807437728,0.8750400923265498,0.3442201079554551,0.7935507170156948,,0.9063243415178451,-0.45707744140759377,0.5852278847488129,0.6478810066908861,0.7927554858050492,0.33879337359313777,0.8923442793609075,0.9179042268838191,0.9133449038545196,0.4029236056072475,0.7972438686573626,0.6824831855539116,0.8556299597279938,0.9909817668285785,0.5454509368660914,0.884096164872422,0.9327401209201714,0.31859491466256395,0.5936271139345818,0.6783715067031186,-0.13470037665844384,-0.4603566045895092,-0.4228123166469353,0.5491441737717571,0.8362785295902668,0.8295004137652904,0.8051884388039797,0.10179959632020362,-0.14632913364273215,0.9001746694275227,0.8482922260079309,0.8991789922374362,0.9706222948738149,0.9799845301818677,0.6156184560382062,-0.39820267561201733,0.8862404043344986,0.7748398170224423,0.7097564006270135,0.8291085497035093,0.6786261866155882,0.27097371375919643
