,BTCUSDT,ETHUSDT,USDTUSDT,XRPUSDT,BNBUSDT,USDCUSDT,SOLUSDT,TRXUSDT,STETHUSDT,DOGEUSDT,ADAUSDT,FIGR_HELOCUSDT,WBTUSDT,WSTETHUSDT,WBTCUSDT,BCHUSDT,WBETHUSDT,ZECUSDT,USDSUSDT,BSC-USDUSDT,LEOUSDT,LINKUSDT,HYPEUSDT,XLMUSDT,WETHUSDT,USDEUSDT,WEETHUSDT,XMRUSDT,LTCUSDT,CBBTCUSDT,HBARUSDT,AVAXUSDT,SUIUSDT,SHIBUSDT,DAIUSDT,SUSDEUSDT,CROUSDT,WLFIUSDT,USDT0USDT,UNIUSDT,DOTUSDT,TONUSDT,SUSDSUSDT,PYUSDUSDT,MNTUSDT,MUSDT,USD1USDT,CCUSDT,TAOUSDT,C1USDUSDT,BGBUSDT,AAVEUSDT,ASTERUSDT,NEARUSDT,BUIDLUSDT,ICPUSDT,OKBUSDT,USDFUSDT,XAUTUSDT,ETCUSDT,PIUSDT,JITOSOLUSDT,JLPUSDT,PEPEUSDT,ENAUSDT,APTUSDT,PUMPUSDT,HTXUSDT,KCSUSDT,ONDOUSDT,POLUSDT,WLDUSDT,PAXGUSDT,USDTBUSDT,BFUSDUSDT,SYRUPUSDCUSDT,TRUMPUSDT,HASHUSDT,RETHUSDT,ATOMUSDT,ALGOUSDT,FILUSDT,USYCUSDT,GTUSDT,WBNBUSDT,RLUSDUSDT,USDGUSDT,BNSOLUSDT,ARBUSDT,QNTUSDT,VETUSDT,KASUSDT,FBTCUSDT,RSETHUSDT,FLRUSDT,LBTCUSDT,KHYPEUSDT
BTCUSDT,1.0,0.8723941591530057,0.29420452161681987,0.7025114333282766,0.8197783628094063,-0.12282156508084037,0.5845193096475394,0.8249518302673614,0.8688847025020144,0.6567440872793213,0.8744918133695684,0.40376355665530483,0.39388526887722347,0.8599425436930058,0.8933029228810617,-0.02189131863787049,0.8747273064081287,0.3408938745154084,-0.2805693657816965,0.47842272118182444,0.14915122300175476,0.7428078289776852,0.3163428611229457,0.7147813550775861,0.875034072447725,0.23826213108998165,0.872683057367396,0.4311666763814856,0.8206210999512857,0.8974256342808371,0.7662155616116619,0.7877942700504668,0.7918491358552232,0.737473567778467,-0.3548769441332252,0.1802093120509864,0.5546241453699962,0.1965189605856684,0.08175982837855948,0.6642771484568383,0.7961801621807635,0.9336864740127765,0.0021031686420650794,-0.0671079321666785,0.6330104812895411,0.6341402196032323,0.17035242049847027,0.4839312099911101,0.7175329362517932,0.10681271548815513,0.4909111041569065,0.7593540814832251,0.6153262565124816,0.7297953492432352,,0.08290108606571427,0.7044439589938132,0.13558593045513762,0.4448171523307374,0.8167382117104898,-0.17005032656873145,0.5784036495884711,0.6828595893604215,0.8083148388334334,0.7465279586876227,0.6034214569320462,0.6819819796091905,0.8795437910070826,0.6502820059631782,0.7870800002117718,0.7264221500145243,0.5259404815074133,0.49224386475940834,-0.09680160576281299,0.26844091236847417,-0.45588575509729873,0.6886648495304086,0.45717965256573506,0.872704333788898,0.3365833523356006,0.8407543187290587,0.3902296197970106,-0.6812577350543647,0.7676447777606923,0.7456014461377426,-0.11242550233995724,-0.1521426740633489,0.581240264689242,0.8217441073168743,0.6176239918332198,0.8838634513643546,0.8981075463255576,0.8813167496103936,0.8704596850335344,0.6185087337704189,0.8780408963849573,0.3305871010370603
ETHUSDT,0.8723941591530057,1.0,0.43766444329203763,0.7703786341754962,0.845599579834541,0.08938743760071806,0.7332365026702128,0.7726490587304012,0.9373258762413216,0.7924552894238337,0.8721799345079494,0.35518090957894766,0.6020896651130894,0.934683251152903,0.8632471925143899,0.16871777402954927,0.9388391974196078,0.2548304825932533,-0.3873171702075633,0.5540156663740472,0.42513340795616106,0.805495117648301,0.2483817035765313,0.821102378983956,0.9394802999719115,0.1978016555951826,0.9387594118331907,0.5197884337998473,0.8839024328731272,0.8785356831393751,0.8598986821249313,0.759024828324999,0.8126459473714064,0.8199786241097637,-0.22788796748436843,0.3381005045844328,0.6688504629254843,0.24649514894776997,0.11483027899953295,0.6759096199901796,0.8191388808627678,0.9452945798003003,0.1742037378047913,-0.09866363033290572,0.5836166221311327,0.4803842297167153,0.23260044609550748,0.46764160836886587,0.7866057566713306,-0.0060169680879968174,0.5405441700831825,0.8758566400209431,0.7254824815943639,0.6476539586309327,,0.018519084990473934,0.7532337041994932,0.23100895531376256,0.4857265997848976,0.8656881639526336,-0.18729770078394556,0.7267186673628669,0.8057160977463237,0.8459829461989425,0.8319566825134508,0.6601850381639643,0.6743401407954172,0.8869406610290989,0.6876433810745918,0.8125148717511619,0.8024413725699417,0.6398686912221839,0.4680623942769888,-0.1094898794696323,0.41967455130294684,-0.22647038295930172,0.8005107916973184,0.3389458539472611,0.9406970994375659,0.38894151442107705,0.8812386682937935,0.39882151268919064,-0.7277669678897034,0.8012941516716977,0.8513815784849353,-0.1275812282969516,-0.4100515409826906,0.7323188461748585,0.8899044612841198,0.7171783427958178,0.9220754317078123,0.9090190324614974,0.8194383989279185,0.9379175788585518,0.5672839500930414,0.8422708746018593,0.27050534382132274
USDTUSDT,0.29420452161681987,0.43766444329203763,1.0,0.36707273397840706,0.27050723874285143,0.15133230366235292,0.48820239526874715,-0.015105055279694217,0.4327620554185566,0.329302314110492,0.1610593832179679,0.4817537289891423,0.6644401656453865,0.4356587150797226,0.32236812639098594,0.8352528758440569,0.40956198568150887,-0.3379543166306936,-0.45478789152038024,0.9512560210945517,0.6500553307361814,0.1270627595707571,-0.38596319442324617,0.47397245311587244,0.43632143248973065,0.706636734559394,0.4458837855591892,0.24910995396795163,0.3169730379431851,0.2990265345129958,0.24574101598696285,0.14654374877927506,0.13856677675584292,0.2593158321820042,0.24682820457336024,0.9371026469609541,0.45300787782890717,0.8250920347697048,0.6520934529339616,0.14416903889352242,0.10278985331372323,0.40977616385131127,0.9026904135117051,0.21680519663458325,-0.09041232424753874,0.05521438900501944,0.7809732445195116,-0.32218220644491197,0.10492478871694078,0.23633543729071607,-0.059658931744519625,0.35489819484831,0.696351089159805,-0.23807177375587563,,-0.5795717049975024,-0.004725633827920298,0.8611928886366012,0.4465966625107207,0.7138838320988206,-0.5519641549384505,0.4884309714815444,0.4816675376736415,0.06713812470786587,0.32229824004212576,-0.11305911568907516,0.3485055373836164,0.1455605044518102,0.5114218554829232,0.1168501976221282,0.17743878829931617,-0.002710777327550681,0.38366499629953293,0.2830543989955168,0.9655609395801157,0.23424288684567726,0.14247024673637518,-0.34914187900371996,0.45002096723104185,-0.29082807590554616,0.2576942785656388,-0.3944289868585652,-0.37211423260343146,0.03624949665920283,0.26733815633150293,-0.07113129004591273,-0.23602915617696024,0.4695763483085953,0.24264108060599954,0.26155765563103345,0.36686248966128027,0.20789573999280767,0.3544210254178958,0.45445707897613147,0.06109572964043158,0.3349589808365485,-0.36486223664355655
XRPUSDT,0.7025114333282766,0.7703786341754962,0.36707273397840706,1.0,0.7518776314653128,0.20700712413757713,0.6107894444123267,0.6795020382733146,0.7694004139536068,0.6862445989736119,0.7203061101766867,0.18214599653867408,0.43757946451430235,0.77102224578379,0.6943229288316862,0.17182209600443027,0.7658342565683834,0.1745254221695568,-0.3128281607699129,0.44472966454271595,0.36168569937716477,0.6632838683401946,0.21930713744678706,0.7129800068411397,0.7672139130316517,0.12278134203842214,0.7715293612654884,0.4941090119984548,0.7271718179235487,0.7119828327503998,0.7195217841849102,0.6647713650470014,0.6899871109087461,0.7171473123567595,-0.058183424809874616,0.24224688533005304,0.5402477292343963,0.1707439691069983,0.06982845814016002,0.5574400435802975,0.6792900340294368,0.7698407797266041,0.17641665664878656,-0.02711398769712263,0.45435898577140127,0.2840260311105644,0.22863853580459886,0.47931167929821933,0.632243931987723,-0.07713657230561945,0.5190370805226157,0.6956437141453384,0.5271408054057162,0.4456775943842024,,0.03156846137183916,0.6435616554883774,0.2423597698294638,0.33462482334264654,0.7211064951215534,-0.2529321806746511,0.606363580672861,0.6700497148273944,0.6910139111982907,0.6864807851339995,0.5351894727806819,0.5081736038070127,0.7697495043182709,0.5622157927442363,0.6908587069175172,0.6877412294158576,0.5512682385129369,0.28794729201946584,-0.13040251373475759,0.37178707162088476,-0.16536773686612255,0.7062493395859295,0.1643616850517694,0.7743350096427719,0.36570410671343273,0.7470043447664159,0.41366816509453647,-0.5188386843006505,0.704739017730288,0.7531798290284535,-0.1529241560116838,-0.3213448980485195,0.610004528350647,0.738694764250841,0.6427705605906922,0.76929371913807,0.7598364585515422,0.63093724001988,0.770590178426401,0.5166709083916612,0.6729398607927121,0.23574207563266714
BNBUSDT,0.8197783628094063,0.845599579834541,0.27050723874285143,0.7518776314653128,1.0,0.443458448112152,0.7982996397336529,0.7359072392907746,0.8458487911521017,0.9043978024226246,0.8574410684820104,-0.05634595688107469,0.5322667267400996,0.8564294291282167,0.7144356751787552,0.04338131861721221,0.843868971766024,0.3748528368861687,-0.4811254723882863,0.3477202001725987,0.4953406062457395,0.8695326119679119,0.3499213459467981,0.8337295952316521,0.8375486417961682,-0.13434446667333275,0.8424514282229404,0.5023874587138356,0.8922637087620101,0.7577729119155433,0.8426362909928433,0.8199125346612014,0.8441132805536454,0.9143829134053926,-0.042466145847819076,0.18478895559164263,0.6471668490384943,-0.03219652739653365,-0.17738865899196896,0.5287683986386515,0.8723603242950385,0.7998945723643275,0.0709627286197337,-0.15438615407786607,0.602795189911321,0.18186658889659754,0.07537492508604647,0.6410696303976635,0.833498827250111,-0.29829435067036425,0.6655418014003173,0.8566751048776271,0.5438872822725581,0.5428962680067232,,0.013386465984947134,0.803837523354205,0.043072952331607656,0.4577457801671494,0.7087064975969685,-0.05480359127602557,0.7976967837358547,0.8367040927685259,0.8826379957549131,0.8749393643859802,0.7924277874587614,0.63582139813852,0.8599631683361662,0.5316384507692885,0.8872656755457075,0.9080027119508424,0.8368831861412169,0.36420494315906193,-0.37033448757633647,0.2708328631267254,-0.19246894554795926,0.9388813392856689,0.12470201776801726,0.8500834895351548,0.6723920056467869,0.9075043871001695,0.564484991658388,-0.5058417339515291,0.8771503487135521,0.9368067385777844,-0.3136906802614696,-0.4684140201732548,0.8057785643853278,0.9187917746901292,0.7927276777707393,0.8756987382605184,0.8661296856285581,0.5907435083301601,0.8425549273448648,0.5933335120163196,0.6683330971704244,0.3735609331102529
USDCUSDT,-0.12282156508084037,0.08938743760071806,0.15133230366235292,0.20700712413757713,0.443458448112152,1.0,0.5027807591773987,-0.06885023243088123,0.09221997526308369,0.5362843948605999,0.10456265256324736,-0.7187653770553435,0.30873330172422947,0.12647054291900325,-0.14985610757345363,0.1822417880807298,0.07343895112253367,0.11191685083342866,-0.5033571963329869,0.013628836531352797,0.634244534826484,0.30788245084001165,0.04496921955876521,0.35072578458145415,0.0685742276222578,-0.4732541401442069,0.08483898841372182,0.15101626851563413,0.2645883452951977,-0.0877990171446965,0.19231406588998798,0.23572349611667165,0.20488469000753873,0.43375856548319497,0.5505840584025219,0.17001651225309014,0.2682691442530943,-0.23841198688168425,-0.36747489575141784,-0.21462910022777457,0.24679519851473508,-0.0741350034349165,0.24618226369623813,-0.08794780166856951,0.0349614610810686,-0.6912863828613173,0.004359292804723226,0.2692814319591024,0.2641965135853474,-0.6277233038377714,0.3261198804606679,0.2583024727840211,0.016397137104215913,-0.3107337979761288,,-0.2923309953022754,0.207075973547145,-0.012279162686622715,0.2007689125644139,0.03482596299114878,0.07872403752226119,0.5153526229510065,0.4122568213025842,0.21002378153837625,0.35428442014419403,0.35055672466900434,0.11765758202200502,0.06864782704503297,-0.06659234332315767,0.29901217864470286,0.42527431214119205,0.5722368923696121,-0.032902725186689824,-0.4911348778906353,0.17777611501193272,0.2967897045184853,0.5035375140424916,-0.648890834037257,0.10069222395131404,0.5851922267367852,0.26089673157622967,0.23594387346990817,0.24322105289439033,0.26817688543851265,0.43237013160829885,-0.4666263582687695,-0.4351583137109243,0.5159202643853408,0.2831986666012736,0.3943497946549567,0.14454682080522638,0.06819314754468526,-0.3366174047386151,0.09133980824552804,0.08653770284061962,-0.20705526434992325,0.06455606375895512
SOLUSDT,0.5845193096475394,0.7332365026702128,0.48820239526874715,0.6107894444123267,0.7982996397336529,0.5027807591773987,1.0,0.4116619978309519,0.7327026588669504,0.903999231677066,0.7262256306894338,-0.027424996567314525,0.8022700889119363,0.7494498477040957,0.5674558922184508,0.15014755143164443,0.725684913277394,0.41853145171164907,-0.7392531733217227,0.5352574834022308,0.7399557466155215,0.797905900244876,0.26944054904024206,0.7944825282421882,0.7215278192834523,0.0024477234906329984,0.7300745264802737,0.1779060062613679,0.8585196401531066,0.6047504901796906,0.6692437315825758,0.70556960353422,0.7345061338454071,0.8477072847880484,0.04140311814420495,0.5009699639429139,0.7032187246080543,0.0769554822709575,-0.09244382716075797,0.3016639291480555,0.7958918111030242,0.6353476531301459,0.31065044526480473,-0.07023155859706369,0.46984360913827183,0.14447259626878767,0.25111833760948193,0.34775350825700446,0.8109161118887631,-0.254870552832351,0.323300913199112,0.8226474374980793,0.7518878420331363,0.38050206261135494,,-0.3432469011985267,0.5282329240064723,0.09243596360111714,0.7696935589021119,0.6922619000541528,0.05556591810355535,0.9428768082540784,0.917109582846181,0.7514241909116944,0.9032178706126315,0.7554668173068886,0.7930136768098461,0.5846231242244441,0.5112541876174753,0.7881905232214232,0.8294363662407882,0.7917404596297068,0.6535795233068836,-0.3374554487080844,0.441718826853202,-0.1543144333303511,0.8138107856426992,-0.08348647921670731,0.7415325559446952,0.6192881654795038,0.813394646113808,0.21403845908413477,-0.4683705923561358,0.6436078725905783,0.7981832279184499,-0.3502055748060904,-0.4873568178836391,0.9412899796931623,0.8455910429807897,0.6197332588119341,0.7678206178177299,0.6940479511174275,0.4596011851802724,0.7373527865633207,0.4416129920186381,0.5252489664422105,0.30082047153242425
TRXUSDT,0.8249518302673614,0.7726490587304012,-0.015105055279694217,0.6795020382733146,0.7359072392907746,-0.06885023243088123,0.4116619978309519,1.0,0.7743512365227823,0.5743925485905221,0.843851279370589,0.23346662586911107,0.13155328075592868,0.7651715778703603,0.8165397452809983,-0.2226533196676345,0.7814335486625336,0.32921322604338904,0.04332323479415541,0.1374362422942971,-0.04134570915948884,0.6868288629477155,0.5812806109587683,0.6328354593134752,0.7706459045600519,0.05464769233956013,0.7758170239321558,0.43457764452282927,0.7100037830509783,0.8239586845293078,0.7615441369424322,0.7471252202914564,0.8239864262515567,0.7022464129266502,-0.2034636886826852,-0.2210838794305493,0.3929421942592917,-0.14243966994424181,-0.04359247149794123,0.8244551896789873,0.7693479130803099,0.8289686149142929,-0.20147629225267566,0.11487373729611576,0.5407322831647964,0.5825289701727758,0.08654535512258905,0.8233864378421637,0.7043887011332002,0.019084549549775145,0.5304181726302074,0.5915203042318389,0.3599277327633564,0.7332324986946005,,0.4855849570382595,0.7189833914662693,-0.0038610909290173736,0.11936800100028404,0.624722221302182,-0.27511927825167043,0.4001221198701141,0.5238169141249229,0.7764595957938416,0.6396347957651156,0.6341131100747595,0.43522811236976816,0.9558139471562868,0.5948465848795507,0.759830619031236,0.6576919696975346,0.4929405608677036,0.13271555311363134,-0.08703312421389724,0.014176442884094802,-0.4569535883479893,0.6934254265748677,0.5132798069027679,0.7702694325021677,0.4259156051068401,0.7897306760449997,0.7467306085982466,-0.545253886552721,0.8335784269808848,0.7378007113513189,0.08120681409398302,-0.10471528592279489,0.41139366455269455,0.7596763814785964,0.553423647419864,0.7966743296070223,0.9083459130775441,0.7634151555850632,0.7681889358915325,0.7145842389058834,0.8142060446474652,0.5807982776536901
STETHUSDT,0.8688847025020144,0.9373258762413216,0.4327620554185566,0.7694004139536068,0.8458487911521017,0.09221997526308369,0.7327026588669504,0.7743512365227823,1.0,0.7925073660790211,0.8702273370897061,0.3546254655426056,0.6054840130426641,0.9336745277730177,0.8596375555780003,0.16773235713325824,0.9379008986768459,0.25215847056279617,-0.37902292526412523,0.5457780845330492,0.4296589827681075,0.8049730272783933,0.256584473315402,0.8201313086327191,0.9380454074949268,0.19387503749995302,0.9375293732289579,0.5169601789838033,0.8818626541812024,0.8750048400114949,0.8621254027255105,0.7530126035657415,0.8136408073397655,0.8191243575598274,-0.22243819463660203,0.33219328879240695,0.6676867653577346,0.2374112065357317,0.11520169405782542,0.6838458551018202,0.8183450890881373,0.9416215222229993,0.17373193715132423,-0.09191318513195805,0.5770184817645126,0.4797843282110168,0.23323960171445435,0.47488158983422724,0.7900977948733833,-0.008719332469579701,0.5361600902543436,0.8745556402078004,0.7261020429114161,0.6485249218199441,,0.030739981270152133,0.7518724567489713,0.22810374581038761,0.4792845941823558,0.8601989741042365,-0.18856595800657677,0.7258865729463116,0.8044768612405574,0.8455049589060248,0.8313481670952398,0.6639278535710555,0.6673749299813913,0.8873363051893843,0.6886379031402335,0.810450790606579,0.8000887483893553,0.6403925607251646,0.45919777975431414,-0.10471860409055445,0.41622759081595406,-0.21830921595681327,0.8014823104875101,0.3423583354296265,0.9392122559833102,0.39075829181156996,0.8792373147523157,0.4074525536110195,-0.7292407195887426,0.801275105469972,0.8515544872413658,-0.11520490130990532,-0.4194409644348191,0.7319299649620363,0.8895320232264204,0.713531125318218,0.9192170009907741,0.9090318358508273,0.8146430431497906,0.9365674361512635,0.56605945968491,0.8395153673451219,0.2784847189224354
DOGEUSDT,0.6567440872793213,0.7924552894238337,0.329302314110492,0.6862445989736119,0.9043978024226246,0.5362843948605999,0.903999231677066,0.5743925485905221,0.7925073660790211,1.0,0.8613282025471207,-0.1253534331884387,0.6751482119123482,0.8087441198707139,0.6303591857869842,0.04485231336925717,0.7891139948743922,0.45850017140282545,-0.6556921413290955,0.3927459643263325,0.6388305694720661,0.8829222237119768,0.33646664902053874,0.8289250125529869,0.781565079374742,-0.16058305865977254,0.7875527181915525,0.33939791616760046,0.9077836664543953,0.6789821869347216,0.7762419031426205,0.7968603054046055,0.8166642327758173,0.9224384182318213,-0.010058301030980566,0.3112626926132275,0.691389407219975,-0.04552491492077044,-0.22406465368055273,0.38478347466840396,0.8772541117740175,0.7095237494725453,0.1380079052755167,-0.17226590110917872,0.5825083006116217,0.12222755991274029,0.09009815331290005,0.528930130572738,0.8654986246829932,-0.347790293586665,0.541354155417972,0.8748301640126583,0.6290984510444324,0.487933431920956,,-0.17158760549060756,0.7093616328508623,-0.011201047387593628,0.6396199238264919,0.6739138280494936,0.0821600962531992,0.9082243610032166,0.9066635971683115,0.8629037407081107,0.9269600100569607,0.8402804882231476,0.7402818048500337,0.7322701460383914,0.48799843197402076,0.8828158019454704,0.9226539218240996,0.8930069569933685,0.5252043613469545,-0.43458158454666207,0.304401600886486,-0.18141921336236677,0.9320331720471001,0.012591706903083791,0.7987168182490805,0.734741140263017,0.8910359969793072,0.425182668758057,-0.46827873539891557,0.7994362352896983,0.9051814503174002,-0.39023268001769756,-0.5128384066035081,0.9129960612900111,0.919144128648759,0.7424821732225328,0.8352062095771253,0.7930706357323667,0.4982111883696682,0.7914693695517997,0.5249372594842963,0.57752412884434,0.365962622329022
ADAUSDT,0.8744918133695684,0.8721799345079494,0.1610593832179679,0.7203061101766867,0.8574410684820104,0.10456265256324736,0.7262256306894338,0.843851279370589,0.8702273370897061,0.8613282025471207,1.0,0.13766352861708453,0.4386698469201015,0.8706449300234844,0.856128517094191,-0.19637852762268238,0.8766450306493087,0.5521564877711949,-0.4148248801510725,0.342229743375732,0.2374160109991648,0.889332663744008,0.4904333970036617,0.7791692954951751,0.867973900992968,-0.008430237881594034,0.8691970597396304,0.3424769800000767,0.9260430209191877,0.8821222099311874,0.8116864524594425,0.9064233237242809,0.910133961963945,0.8840255931389729,-0.2920141990145928,0.08063715508575492,0.6045077815288686,-0.056715331056083264,-0.16972023302104125,0.6031265773603528,0.9450539241142634,0.8875812655133043,-0.11262909228505087,-0.11144115844168052,0.7229925113074197,0.5279892369367821,0.043690548166726316,0.6489172981665098,0.8769222666403453,-0.09924848211367222,0.5475492687333195,0.8323261377016542,0.5903212544228998,0.7793219473299077,,0.07216682470975402,0.7758828463904147,-0.08417283058350941,0.552580944056464,0.7457273849618188,0.013590270715609486,0.724775451416887,0.797665416022011,0.9349600254731434,0.8868632119674987,0.8266257161918213,0.7831128646227726,0.9092283426112998,0.5896574095413027,0.9356511652458345,0.8839657036698177,0.7538653630116773,0.5519632075696559,-0.31793112408220936,0.13248679140874559,-0.5197832427306494,0.856384359480708,0.3810183461342909,0.8734688311965706,0.6271465805241262,0.9475090833525508,0.5258563036853301,-0.6002388075818701,0.879324776147765,0.862223943307271,-0.24064615434998396,-0.22232507418275532,0.7301808667111535,0.9412491034205565,0.6834693994797683,0.9260782961470979,0.9501215979006193,0.785052845539316,0.8683776555538099,0.6877385996425951,0.8216126965361452,0.5082109394136052
FIGR_HELOCUSDT,0.40376355665530483,0.35518090957894766,0.4817537289891423,0.18214599653867408,-0.05634595688107469,-0.7187653770553435,-0.027424996567314525,0.23346662586911107,0.3546254655426056,-0.1253534331884387,0.13766352861708453,1.0,0.29664289302845354,0.3252621461736261,0.4409742687787146,0.3865298304463863,0.3591772809502866,-0.3265819293440986,0.24560408686243906,0.538402135721764,-0.010881756291300422,-0.051449902153397356,-0.12107444423294168,0.12119945583998405,0.3725616005756957,0.8199434049722907,0.36594939045081953,0.11547958030482668,0.09083935839111126,0.37643839878487323,0.19537120205226607,-0.08169482649773128,0.06669861812096854,-0.08784074062034486,-0.3020821228714115,0.39012210870157893,0.15009577204191688,0.6324552162695453,0.7592949858152086,0.5466858947567691,-0.02135497407953525,0.4483701792168837,0.3584293806865693,0.27403062794494437,-0.07748277046633606,0.7186087187354261,0.5134988199227934,-0.23422873018368434,0.027496948553395847,0.6554651587176841,-0.2613294430470405,0.14367282788590313,0.5502647029749558,0.2698678523683616,,0.1227715143359075,-0.04165555876984908,0.5466656381936424,0.055049003068733615,0.4842885731323637,-0.46958270527573814,-0.04534991161793746,0.05454407200168277,0.010544300257955174,0.02165648838912952,-0.2048694031064144,0.10116037942054044,0.21382334391569785,0.5182764423838477,-0.07844916548826728,-0.15421248903611232,-0.37964708444683765,0.1818966308935209,0.6700084429202309,0.46033589003449016,-0.00011753101736401535,-0.18667488051052938,0.49495670986835993,0.3503991582756957,-0.6063345689371767,0.05818141155767063,-0.2251460222258374,-0.6189676734809246,-0.05491889033919297,-0.04806336628423088,0.5498429417608053,-0.01256895291489426,-0.048045196572161136,0.05899396525687811,-0.09257419501603036,0.22811617470836076,0.24188272723655774,0.5996855624049062,0.36281740867759094,0.04026934337129699,0.5086895368322071,-0.12450318822040402
WBTUSDT,0.39388526887722347,0.6020896651130894,0.6644401656453865,0.43757946451430235,0.5322667267400996,0.30873330172422947,0.8022700889119363,0.13155328075592868,0.6054840130426641,0.6751482119123482,0.4386698469201015,0.29664289302845354,1.0,0.6147119585120007,0.3910698169935147,0.4462303113803295,0.5993397170464474,0.08997930092740576,-0.5754206587767271,0.6136514524401444,0.8970538141114465,0.5375303223984649,0.05501212318155236,0.6198293656075743,0.5985635103417871,0.24144001402470466,0.602743697997214,0.08265898888319508,0.6230172672121125,0.40448687845536,0.5367334989750671,0.2883412722752582,0.4601363893980227,0.5525555360148292,0.055537461368957174,0.7222460998268158,0.6445996026499236,0.30520923199930255,0.24931185665435476,0.324642662202171,0.4902308440900935,0.4760068268211078,0.562413416356755,0.01886101569837447,0.15325060782082453,0.17344178375238675,0.4164737441088709,0.002739106677515257,0.6243501438654095,-0.059847412538896534,-0.0004453934966158409,0.7023796434635503,0.8892938769960743,0.22981108786435492,,-0.3288924831367551,0.26430904137203126,0.2960708457002955,0.6689080905824994,0.5954903155479194,-0.01915447771327052,0.8006508350235819,0.7590654624917088,0.4802061543441629,0.6848705391746132,0.49944002594764647,0.5701993632603305,0.3209969135288222,0.516165841066477,0.44567676991120353,0.5135038360746775,0.4992801352239237,0.5563204719619983,0.029729299669602575,0.6169454459248809,0.22221051434839006,0.5251743758310122,-0.02372785568561314,0.6069856258577474,0.23870390654517532,0.5215000799258781,-0.05473577671503095,-0.581366997324897,0.31984171540333173,0.5351469469529917,0.0028754020754830313,-0.6917091019614602,0.8019648002770977,0.6024365714054971,0.370812361244847,0.5378674154925603,0.4543433975778523,0.34883498610542796,0.6100752193375347,0.13279608453231537,0.38544319365820534,0.08607904127417493
WSTETHUSDT,0.8599425436930058,0.934683251152903,0.4356587150797226,0.77102224578379,0.8564294291282167,0.12647054291900325,0.7494498477040957,0.7651715778703603,0.9336745277730177,0.8087441198707139,0.8706449300234844,0.3252621461736261,0.6147119585120007,1.0,0.8497108809075455,0.16917891812488736,0.9346427121820847,0.2611188891887394,-0.4010936991303332,0.5447706109943448,0.44981027252989314,0.8134134211326572,0.2579140551387926,0.8281308238349154,0.9345879223943946,0.17537661271169142,0.9346342169964871,0.5137834291060723,0.8885371776952038,0.8673091892242205,0.8622027424946438,0.7602579716632372,0.8174678066184266,0.8314411050443409,-0.20426042334407576,0.3382948430946515,0.6745808200347002,0.22666004044146817,0.09816647335855615,0.6677220547754722,0.8251099453618382,0.9331574272901418,0.1799475873752993,-0.09615566346483827,0.5781760310153532,0.4541830290645707,0.23085153561602256,0.479547220727883,0.796979822236424,-0.031338432099599155,0.5422217648663058,0.8798721778821891,0.7245692218799966,0.6354748246937891,,0.013911200915815347,0.753560786986216,0.22243352184975368,0.49123506212623735,0.856906577214071,-0.1791201838612533,0.7433348749263758,0.8170993815729998,0.8497015366348756,0.8420645999268431,0.6753985533618401,0.6743278100841923,0.8828911054582654,0.6812825275929492,0.8189316104408474,0.8128353575380212,0.6594874240751776,0.46363578681647105,-0.12551478769159935,0.4189938797503499,-0.21259678989923664,0.8152341211292615,0.31621737900064206,0.9370115174661129,0.41262727975301045,0.8852136756824335,0.40947172358862016,-0.7154559007221967,0.8057392147585732,0.8617362930049365,-0.1361106119334205,-0.4291127478129174,0.7491785154184035,0.8961353885102943,0.7226220167019711,0.919973389506469,0.9062692754736666,0.7984235049041801,0.9340223548074932,0.566521538064159,0.8272733387112462,0.2805210368758896
WBTCUSDT,0.8933029228810617,0.8632471925143899,0.32236812639098594,0.6943229288316862,0.7144356751787552,-0.14985610757345363,0.5674558922184508,0.8165397452809983,0.8596375555780003,0.6303591857869842,0.856128517094191,0.4409742687787146,0.3910698169935147,0.8497108809075455,1.0,-0.043636362007224705,0.864552387648772,0.31246658188545895,-0.2619254542310724,0.5049565322255738,0.1410159024381229,0.7129371789284038,0.3065380623064605,0.704414208027156,0.8659858071398825,0.28957468319473245,0.8645399488354426,0.4173712785444402,0.800321165118186,0.8912191527019447,0.7467515454897238,0.7682386457461021,0.7750498284258607,0.7138719039800185,-0.340107937045246,0.19947929772246067,0.5440064950016457,0.2279623264719079,0.12715981976408203,0.6722428004447946,0.771017034805988,0.9286553019127003,0.03481280572474781,-0.025528228849232254,0.6023253010500678,0.6515656739586845,0.21569562166799608,0.4638836649169436,0.6928479347241808,0.1432848137491988,0.454012693047262,0.7338102271851239,0.6254679858476181,0.7072142063900185,,0.0782228692518632,0.6700893042622279,0.17638563761961248,0.4378820336826656,0.8267674139963269,-0.21314359139949196,0.5608819475885186,0.66739352156006,0.778010492857371,0.7260104086669672,0.5674785887889752,0.6713152856661685,0.865431893542309,0.6655132837786277,0.7605967290449872,0.6945733702355198,0.48226850892528383,0.4884951746146601,-0.055929094394812855,0.2968621875934587,-0.4555294777491644,0.6549364917673918,0.44958557185355147,0.8638402572844067,0.2918415294476145,0.8211804877264663,0.3656880528675764,-0.6825267417959207,0.7401400345072532,0.7207096133420956,-0.0833513189765203,-0.1272240438175378,0.5624897149396983,0.7982001909356189,0.5907278477032084,0.8712562098305567,0.8850174573655811,0.887379013849398,0.8624140739377715,0.6140235435166789,0.881097289366195,0.319636099436816
BCHUSDT,-0.02189131863787049,0.16871777402954927,0.8352528758440569,0.17182209600443027,0.04338131861721221,0.1822417880807298,0.15014755143164443,-0.2226533196676345,0.16773235713325824,0.04485231336925717,-0.19637852762268238,0.3865298304463863,0.4462303113803295,0.16917891812488736,-0.043636362007224705,1.0,0.1454966278452311,-0.6935366863288629,-0.13298123114916782,0.6697189368056576,0.5779766541046181,-0.17615628168677347,-0.6210855167893218,0.20045754519136197,0.17328320477899492,0.539754334950464,0.17696046160637866,0.408908185366271,-0.04427791833306445,-0.017495502547360972,0.08676356324479118,-0.2501958923510496,-0.20229407743649355,-0.05834275579143154,0.34822117215076737,0.7730589169966028,0.22048359774062737,0.7966784490850018,0.6793267300725773,0.052318895084022196,-0.26738470374837703,0.12727831383288774,0.8658658807763343,0.11125520001682912,-0.35006773067459224,-0.2615803875993212,0.6087957263825966,-0.44574242139498305,-0.21915204374222136,0.15891836798009157,-0.012951077532410161,0.11075163570390999,0.36085957298706695,-0.490179323746355,,-0.36168971994029653,-0.09846822252753325,0.8854894007253226,-0.022865038502711748,0.3846347651249281,-0.5793069421666514,0.14437928589052115,0.13294170784826467,-0.22589873526022206,-0.05288364528019146,-0.4070990572552747,-0.15557814526162647,-0.07558545516553718,0.26100915512296063,-0.23763699939634125,-0.12159309944506984,-0.21807344545818358,-0.10987933911704727,0.40389776160954893,0.8531494788836477,0.6680439655041521,-0.07729765887406774,-0.3858685627686605,0.17696003259790222,-0.5054804575756648,-0.09739851927189266,-0.3740310489654897,-0.19912531430217204,-0.17765355116937107,0.04050316905651246,0.08653159436867576,-0.38496436617351143,0.13568047190311786,-0.08756743982386936,0.1458575238387282,0.03396722442255592,-0.10440078258771475,0.03828101351038176,0.18094907821790585,-0.2290374013052814,0.024137176574759417,-0.6065958887525167
WBETHUSDT,0.8747273064081287,0.9388391974196078,0.40956198568150887,0.7658342565683834,0.843868971766024,0.07343895112253367,0.725684913277394,0.7814335486625336,0.9379008986768459,0.7891139948743922,0.8766450306493087,0.3591772809502866,0.5993397170464474,0.9346427121820847,0.864552387648772,0.1454966278452311,1.0,0.26521627966383304,-0.3698882555071785,0.5272845027948663,0.4145385213567745,0.8115620448053343,0.2650667363167693,0.8133334422329781,0.9401871138666804,0.18020608499597307,0.9386662913142282,0.5157022360451168,0.8839870718022924,0.8802908930711887,0.8670005739031706,0.7536092428436656,0.816901691381911,0.817199519538624,-0.2488727727960322,0.31372432038512843,0.6644703713461156,0.2237013842637851,0.10215259102773785,0.6896891556579413,0.8244582447740935,0.9453712865564,0.1461976636658971,-0.10937691946144197,0.5909539274063924,0.49555489127738334,0.20778886806214117,0.4789937407605385,0.7974690679195952,-0.00787424386552875,0.5417511897700172,0.8799670617393298,0.7218088971209944,0.6737745983872201,,0.047499241695179786,0.7626227694905122,0.20285887968906782,0.4761407368751605,0.8510612868151903,-0.16556008566122143,0.7185910723505241,0.7992272409767635,0.8556133235478203,0.8313657750144738,0.6747879648577668,0.6684968438747847,0.8923357742967953,0.6830765933879738,0.8146314909567051,0.8025571160729935,0.6457755694951919,0.4616250943643669,-0.10891061195241782,0.39211534105260004,-0.2269428163413894,0.8032041766103559,0.3714565014654378,0.9401034345822592,0.39698834694989615,0.8807326601274869,0.41537337596140395,-0.7384078578685507,0.8069595063859442,0.8502014284444385,-0.11002498816117245,-0.4220503798604848,0.7254680835407308,0.8933611431340625,0.7124470394675417,0.9202922509354787,0.9141760466480824,0.8213720279023387,0.9374038409878995,0.5650282945036237,0.8441186142695936,0.2868792840226596
ZECUSDT,0.3408938745154084,0.2548304825932533,-0.3379543166306936,0.1745254221695568,0.3748528368861687,0.11191685083342866,0.41853145171164907,0.32921322604338904,0.25215847056279617,0.45850017140282545,0.5521564877711949,-0.3265819293440986,0.08997930092740576,0.2611188891887394,0.31246658188545895,-0.6935366863288629,0.26521627966383304,1.0,-0.3175661745325721,-0.15034427738418832,-0.06640776492991207,0.5756244294133146,0.5559305389188045,0.26961684689052795,0.24521072432040802,-0.3921150355162125,0.24490606320756603,-0.26273868655266425,0.5194829081884801,0.3489852063079306,0.24457361931010746,0.6255321512871417,0.5349982037394817,0.5070113096875738,-0.31001676535037564,-0.24850261316884348,0.2245976714941382,-0.506154952504963,-0.603291885394771,-0.00011399973814469801,0.6482651666695617,0.24808885588064838,-0.500730104505852,-0.19727902947503373,0.5882928752421756,0.28577254424217136,-0.3521662813282457,0.4294522126654669,0.5861735444294228,-0.2452720174989493,0.17772796182486947,0.37104026150097014,0.14260237001214293,0.5765546115741522,,-0.07240162974934874,0.34057882655090876,-0.6476799238906613,0.5552148757160811,0.10718634905888377,0.5515654985473106,0.4307871417892095,0.417732243021866,0.5806619838872112,0.5476212659784402,0.707792981912464,0.6536150223554302,0.32771102046705286,0.04369815748843726,0.628027554863782,0.5648280388618592,0.6057257173405015,0.5830079725010856,-0.5614585217488463,-0.4000083367105177,-0.6960032209987301,0.4803545924423368,0.20629897867626848,0.25446732140691986,0.730504801334235,0.5258202726439963,0.2775655281108839,-0.0723217320023394,0.4573176744910612,0.3779851233804829,-0.3944851858983315,0.12541246631341232,0.4315047309803335,0.5256464260993057,0.2278330746532271,0.3985679162274222,0.43197476523774275,0.23847244191457045,0.24798885382560265,0.4056890020000894,0.26341374976045145,0.5650823050339034
USDSUSDT,-0.2805693657816965,-0.3873171702075633,-0.45478789152038024,-0.3128281607699129,-0.4811254723882863,-0.5033571963329869,-0.7392531733217227,0.04332323479415541,-0.37902292526412523,-0.6556921413290955,-0.4148248801510725,0.24560408686243906,-0.5754206587767271,-0.4010936991303332,-0.2619254542310724,-0.13298123114916782,-0.3698882555071785,-0.3175661745325721,1.0,-0.5232568562208926,-0.5795800347835001,-0.5388255719836998,0.11182471916834678,-0.5072229144399998,-0.37774708446564187,0.08494988812163139,-0.37782877852518415,-0.04723640023844942,-0.5903624018794528,-0.30358802947490476,-0.27944307134014856,-0.5471409352004911,-0.3651730473688439,-0.5730613330780967,0.026795505931070687,-0.5949188328014265,-0.520776923206918,-0.20673018447450703,0.23229831051958005,0.2811451423030421,-0.5064538754006028,-0.31727615635135614,-0.2613754794461633,0.3512484628090042,-0.4463144129916433,0.13856049997542771,-0.051939783145932075,0.10288937238063452,-0.44045691012486327,0.2826380794375325,-0.261611732059988,-0.5820108305260462,-0.4725645364326633,-0.08592728735844589,,0.7772051056771391,-0.29520955688696005,-0.009829018873226871,-0.8279049721039934,-0.45581808824479186,-0.31662076160493646,-0.7585335040457231,-0.6861547768192674,-0.45766517194859685,-0.6321647909439121,-0.4524222673950654,-0.7454745385530431,-0.16421592275250846,-0.1480036303283045,-0.5364627564533159,-0.6280362516077506,-0.6285660051654087,-0.7623666709756095,0.5175537392755005,-0.36481055908223964,0.19038826414376644,-0.5239501229001179,0.36146289850521773,-0.3986237061621502,-0.4977840254518947,-0.5196893363215145,0.2265234803891027,0.13346821645273865,-0.3216832094664647,-0.4822719431292228,0.7267719218334021,0.20708655409259596,-0.7447236776681745,-0.5286888363671773,-0.4786123379783945,-0.46600750636445615,-0.293601476573433,-0.18662339277997067,-0.390288625774206,-0.174533358630841,-0.19141994145248936,0.07604251991491306
BSC-USDUSDT,0.47842272118182444,0.5540156663740472,0.9512560210945517,0.44472966454271595,0.3477202001725987,0.013628836531352797,0.5352574834022308,0.1374362422942971,0.5457780845330492,0.3927459643263325,0.342229743375732,0.538402135721764,0.6136514524401444,0.5447706109943448,0.5049565322255738,0.6697189368056576,0.5272845027948663,-0.15034427738418832,-0.5232568562208926,1.0,0.5053720447678314,0.25794295238918624,-0.30323230082375147,0.5428507046324331,0.5541757631435211,0.7316048151377689,0.5604001794152421,0.25196589310027034,0.45698952778282703,0.48023844798259524,0.3177288170742475,0.35006725180441195,0.27738312849860836,0.36637029639532714,0.0570070982922409,0.8891883138111358,0.5014171348962208,0.8226382903428314,0.5800070948721612,0.18495928100929634,0.2650615994959592,0.5718441719321437,0.7597005480788513,0.14757660041317408,0.11802473565796935,0.2541307595057576,0.716023798114137,-0.25637998212869395,0.20999590464061926,0.29764733361750656,0.02247964573690739,0.45045336102946953,0.7392578627277205,-0.03274156740348667,,-0.6033966414065731,0.1116081723343809,0.7683726458282464,0.5763137875689174,0.8302273216346855,-0.4816780262318142,0.5373522927658837,0.5578738392354398,0.22050969845317203,0.43604611011838607,-0.005115402469773573,0.543836875040074,0.28475534233469985,0.573757663919386,0.2793349533548407,0.3042098958380861,0.07225831483814896,0.570260060861779,0.1954134066433745,0.8943192214556847,-0.04257133416102053,0.22036079675443274,-0.20771632705924792,0.5657311814216458,-0.2097293280363595,0.4084334920919477,-0.36924942616714806,-0.45180370019021393,0.16506037507188184,0.3472806646762254,-0.17705741006576498,-0.08352911287391472,0.5160245766621718,0.3728090649519555,0.33552013132824454,0.5174664197031134,0.3623596620193758,0.5522014221923065,0.5688270711684804,0.20401366926948322,0.5087533036760112,-0.2814935467732905
