,BTCUSDT,ETHUSDT,USDTUSDT,XRPUSDT,BNBUSDT,SOLUSDT,USDCUSDT,STETHUSDT,TRXUSDT,DOGEUSDT,ADAUSDT,FIGR_HELOCUSDT,WBTUSDT,WSTETHUSDT,WBTCUSDT,WBETHUSDT,BCHUSDT,HYPEUSDT,LINKUSDT,USDSUSDT,BSC-USDUSDT,LEOUSDT,ZECUSDT,XLMUSDT,WETHUSDT,WEETHUSDT,XMRUSDT,USDEUSDT,CBBTCUSDT,LTCUSDT,AVAXUSDT,HBARUSDT,SUIUSDT,SHIBUSDT,DAIUSDT,WLFIUSDT,SUSDEUSDT,CROUSDT,TONUSDT,UNIUSDT,USDT0USDT,SUSDSUSDT,PYUSDUSDT,DOTUSDT,MNTUSDT,MUSDT,CCUSDT,TAOUSDT,AAVEUSDT,USD1USDT,BGBUSDT,NEARUSDT,OKBUSDT,BUIDLUSDT,ICPUSDT,ASTERUSDT,USDFUSDT,ETCUSDT,XAUTUSDT,PIUSDT,ENAUSDT,JITOSOLUSDT,PEPEUSDT,JLPUSDT,RAINUSDT,PUMPUSDT,APTUSDT,ONDOUSDT,HTXUSDT,KASUSDT,WLDUSDT,KCSUSDT,POLUSDT,PAXGUSDT,SYRUPUSDCUSDT,USDTBUSDT,BFUSDUSDT,RETHUSDT,ALGOUSDT,GTUSDT,RLUSDUSDT,TRUMPUSDT,HASHUSDT,WBNBUSDT,ARBUSDT,QNTUSDT,USDGUSDT,ATOMUSDT,FILUSDT,BNSOLUSDT,VETUSDT,FLRUSDT,USYCUSDT,KHYPEUSDT,SKYUSDT,RSETHUSDT,FBTCUSDT
BTCUSDT,1.0,0.7231910816218006,0.09919694516269237,0.6623154398779829,0.8536421267057035,0.7944369416167841,0.13498581882643537,0.7337406427034159,0.7050337810423762,0.6778820409601376,0.7980848533223652,0.5594535183421664,0.706037763922756,0.7378548256112011,0.9705359166210983,0.7271739797676461,-0.16565847574655254,0.7742892143202714,0.7860121266500162,0.28235262595872934,-0.07844001327429556,0.3982998860854726,0.5047263756342696,0.8381058668921317,0.7229547366264214,0.7329326098178106,0.3603646596215188,0.13277563310684365,0.9747532951585287,0.708106726753496,0.7597977778227726,0.6898455215100371,0.3897667335604127,0.13252169049766438,0.30089189331145205,-0.3938227312619214,0.24136710896005667,0.736606988876196,0.34149227198424337,0.47986543665845177,0.08765833334403417,0.5844499714910534,0.30605478571190564,0.524687263145111,0.6634061699359476,0.377967061560813,0.5210094949353498,0.3827394201177957,0.7873471084259354,0.3081640026920994,0.47826770472927876,0.4978340582573424,0.7210622836201042,,0.14973814803713487,-0.43958813799147833,-0.11621946977338281,0.2987617417302084,0.780981281094056,0.5934632665419473,0.27206444632172155,0.7930235811672327,0.6148638830235973,0.8375980505136897,0.29034161330393116,0.5038493115796779,0.3729255609550826,0.7156539730439053,0.7439317221113758,0.6395191814994301,0.5841378615062064,0.7306730787938432,0.5795080571581848,0.7020194950547185,0.3144719483515663,-0.14037719573576304,-0.5253529715485403,0.7248824329126605,0.5400391589649024,0.8602282549908684,0.5017479905765667,0.5111561067697199,-0.6709161882507904,0.8499266712515112,0.5531562056179764,-0.12826382667558925,0.3569068885838483,0.5481621954198799,0.4350568623124326,0.7940998376960928,0.725189487367729,0.7710651962646862,0.16290325056512117,0.7755114326583845,0.8303427378698925,0.7429081750369727,0.928416876277952
ETHUSDT,0.7231910816218006,1.0,-0.06920731456574179,0.9043358061405247,0.8326048808960953,0.9635529948589958,0.5034803168602302,0.9955280968909339,0.4230090326369092,0.8346640060292109,0.8884160504622962,0.24917910596627335,0.790685995804691,0.9962661840835231,0.7162974261522169,0.9954980549099459,-0.13990825602631463,0.6837179127874422,0.8311712918703458,0.12604030976146563,0.05470972431444405,0.863360014792694,0.08167629898688303,0.6544086998663193,0.9956114324434888,0.9954928804279585,0.1666340066189212,-0.14121671867786362,0.7422547604842339,0.8157024346957402,0.8789702780530056,0.33013868572119015,0.8263696335547703,0.6111965404773205,-0.05462211558057355,-0.22075830673742303,0.034921392645312216,0.7007461284986684,0.7440233260241715,0.5806087718779772,0.2271735089721261,0.06441626654680337,0.10566534281396563,0.6793311690202817,0.5302925345036171,0.14577008422579668,0.8213044100128655,0.21683590990923948,0.9416918088824474,0.11368193140436376,0.40818736384623655,0.7082669206783828,0.7176535115441129,,0.4077995089212963,0.03973295910173779,-0.19162817009762365,0.7749611617820056,0.9445727502388949,0.37604404944355735,0.7396606485926637,0.9654003599523302,0.942908407621378,0.9552438214776616,0.8068027293882908,0.8430858719155683,0.36165874794357356,0.8454280523864512,0.783242096460997,0.7721055201230143,0.7511415769803508,0.5195465910250894,0.7104379871227234,0.9201149488593657,0.5481718203945346,-0.3768812711094652,-0.5324241065937482,0.9934365141320467,0.35336078613286354,0.7238194169541547,0.07969212470517878,0.5989805025284475,-0.3522132789259811,0.8360350952530552,0.9129344785200568,0.1483038484026122,0.49156579723803434,0.47899242161380734,0.550191552471522,0.9676786249104419,0.9664804951824795,0.6236987098318708,-0.007879903199442786,0.6464620307766054,0.530806620816592,0.9943110736605848,0.7161279363005694
USDTUSDT,0.09919694516269237,-0.06920731456574179,1.0,0.06334407096776264,-0.3106416884767784,-0.15687413884033635,-0.4945059732463243,-0.0626622473031796,-0.488207349967078,-0.4536333356892608,-0.3286451124540747,0.641003083602152,0.37590031522546785,-0.06921693346267296,0.15716842321648897,-0.0896907622596439,0.8285116217593435,-0.22003004846306787,-0.42854698701604477,0.6437065457345453,0.862232604872742,0.18411155813155,-0.5261828102705927,0.13074776282934755,-0.0629094306278601,-0.039551760723712935,0.15692921904684962,0.7843239874125241,0.08604023769774044,-0.5387684767614332,-0.20676413480953743,0.0669019648544537,-0.3938564334006293,-0.5693147535642666,0.47526971022411096,0.5155050778194572,0.8344728898289573,-0.08596168313595903,-0.23784026880553666,-0.1826636973271166,0.6803151015047049,0.5495930824422691,0.41012765343982754,-0.6044090578192103,-0.499452052548348,0.1559501503103933,-0.2511363506262243,-0.49306354988025736,-0.08390020535047137,0.790694171192149,-0.3483586621350697,-0.7197237445653685,-0.36948201487437593,,-0.6944995156846293,-0.03612609164528755,0.9282963051263489,0.2359652860574956,0.16896178496694614,-0.31494529631011897,-0.429098535219424,-0.15906478098160318,-0.37992879352956055,-0.0939652054997265,0.15965332211212716,-0.2588526804308308,-0.8252794582021966,-0.4812563179334862,-0.4251831039100352,0.03308031781742618,-0.6354092506151017,0.36284522303224886,-0.6489284177491844,0.2144215183769408,0.45586498504365874,0.6975581669453897,0.5799935149216238,-0.04782654640303564,-0.41878429934935,-0.24950628987920562,0.549211210543632,-0.6262523457200467,-0.5392349383249021,-0.3204033168984162,-0.4112529843005552,-0.43606394063139176,0.44124634641241206,-0.7205803270021687,-0.8013010114071268,-0.1749729562753414,-0.22101664806976914,0.08384239886157856,0.10728407596377453,-0.24409945212240244,-0.2949818645675461,-0.04020396468918129,0.29284299711292033
XRPUSDT,0.6623154398779829,0.9043358061405247,0.06334407096776264,1.0,0.6613134044625666,0.9064464775139851,0.17497320939958277,0.9077867183235447,0.2838115142297792,0.8179605966612725,0.7704418689040489,0.16602664278019152,0.8320197327164137,0.9106292944473183,0.6746229246962634,0.9021502171030416,-0.140287379335101,0.6281902543267921,0.7367889178520205,0.2672988777468452,0.06145688347157535,0.7799217927817692,0.09299428091881531,0.799779049668381,0.9021108159287002,0.9110325184844333,0.19966760207042913,-0.14805260566667897,0.6752076179368688,0.6897324847764452,0.6439570442624624,0.5389158845849628,0.8139708469916985,0.5674168331354124,0.18873967553574678,-0.19657189314447382,0.047336961699601644,0.8226374426616275,0.4374182875653971,0.4910938390177824,0.20778719814828772,0.03704439266919967,0.28076696141981544,0.4789337567668164,0.3915190281252959,-0.015523318780219163,0.8701282378226965,0.2829681243980935,0.8965285729193553,0.24051754546209922,0.26582769408541035,0.5423471432412875,0.5604497242990473,,0.369675506419959,0.12470021539146312,-0.07586038234200658,0.8297602071532807,0.921352288779876,0.09593233079261612,0.6835003972993662,0.9089080899752435,0.8353647306680883,0.9136997611444191,0.8333552934476253,0.618356278857175,0.2898962372734906,0.7658665572103226,0.5849791669122786,0.5995353080367538,0.6012184377114114,0.4092169109007584,0.581974193266017,0.8417225232720311,0.40931404460177495,-0.38364912158087355,-0.1960156228280391,0.9074416727113945,0.46637614354542933,0.49928292958333725,0.2760422850164359,0.46001674319817465,-0.28241339237078794,0.6621019421881252,0.8262543812471878,0.18800710509221466,0.3918326511041291,0.29265975065336947,0.4000399557102185,0.897660977020541,0.8947909585399165,0.6597305895487836,0.08942150163437276,0.5915637693741334,0.38753323340544416,0.9018797616501789,0.7031864709388367
BNBUSDT,0.8536421267057035,0.8326048808960953,-0.3106416884767784,0.6613134044625666,1.0,0.8753063622886331,0.5259743221907904,0.8365296636286008,0.7674793967551553,0.8526922617817826,0.9345583888881501,0.28072935560039514,0.5367801623502214,0.841681557733177,0.8222884969228745,0.8431793037191873,-0.3779195629807176,0.7530427175043064,0.9436042092805289,-0.07875076341999765,-0.3148075411489082,0.5018866132873445,0.5127547386973839,0.6644027025485473,0.834211987650776,0.8267123152870772,0.31917479890946915,-0.23618598714896807,0.8695860087553909,0.9274996880555607,0.9004390845780972,0.4815317284293753,0.6052069322614981,0.44201854203177277,-0.0689149842220012,-0.4906959786198534,-0.08252779424345517,0.7008456862549934,0.6302022281764497,0.5109784324795097,-0.09583514967245021,0.2630697504450104,-0.02356984081245457,0.8039968111460865,0.8486959779263584,0.2541479112010194,0.63362540609408,0.42564287001563833,0.8713495829350046,-0.10004647468037002,0.6770675440120112,0.8214454763905649,0.9121961621713317,,0.3923085659199034,-0.3616871083017408,-0.4670943870910963,0.32148561351506444,0.7438234798766152,0.7425594913376166,0.5288794752256596,0.8763549445985491,0.8507773689188537,0.879153899847626,0.36851898911633857,0.7262673180758306,0.6346593158306677,0.9000949194076421,0.9262101026965005,0.6830740290012708,0.8877642658856274,0.5277181400948643,0.8698235758892476,0.6951841582029028,0.30921369959953504,-0.47411553347997293,-0.8065946826979938,0.8252739568232033,0.548128256830173,0.9507631441557679,0.07203730788573166,0.7916313276509584,-0.42364295053431106,0.9887553275253471,0.7962858767404828,0.08567227951753786,0.2514434926521304,0.8077191852198836,0.7310855821221812,0.8887682417133412,0.8643215472398984,0.6419135885966336,-0.05763511642271805,0.7499288901036865,0.8237113533343968,0.8353737475611595,0.7370198138806126
SOLUSDT,0.7944369416167841,0.9635529948589958,-0.15687413884033635,0.9064464775139851,0.8753063622886331,1.0,0.3809290977097704,0.9663317339962118,0.5767965756210409,0.9180892147762371,0.9222881943138315,0.17124608807689123,0.7918150068359954,0.9681984972638104,0.7881653457980754,0.9675553307728756,-0.34018034813968917,0.8094226014687983,0.916566798295365,0.12547674194211567,-0.11843106188480061,0.7274578662438875,0.29886547009810566,0.7740770527354301,0.9605704019477047,0.9633460662309412,0.15606670143921775,-0.16127186050375356,0.8074838840910592,0.8777714964928588,0.891068481262859,0.49546680362979734,0.8485606939575829,0.6545464806027089,0.015725153786871133,-0.31109834013658005,-0.01707115780471123,0.8116138015590391,0.6165178743007589,0.6200424180741059,0.07419236580265387,0.05778115087331271,0.20851316357905375,0.6898480474547896,0.6099254920444908,0.13122194697643275,0.8367978253425198,0.4440373260592326,0.9443596578838681,0.10008638439066149,0.4064358947322148,0.753819651613305,0.7389864736790649,,0.5311543919008067,-0.018944309759840693,-0.31591219859427977,0.6790753690926381,0.9288664786536802,0.4064342323276602,0.7687752980041682,0.9998138161140249,0.9339221291471921,0.9952086059685502,0.6953704186309606,0.7706880565260456,0.48193228348824835,0.9308103028472354,0.8168337616089443,0.7889912609567611,0.7893405735852945,0.5587646139271251,0.7516242784262102,0.8491136598515204,0.3678260475686185,-0.3800377731588278,-0.5544179382036613,0.9592029153428456,0.5673914931046683,0.7787790682323361,0.20741930012870707,0.6104346638307745,-0.3014762331199126,0.8769210510191219,0.9030116713300205,0.23256836342724357,0.36203601758704723,0.559174702865728,0.6570120898218464,0.9990727051156029,0.9646117763894461,0.7231055869363964,0.1306728921108566,0.7884258995201953,0.6662415273352537,0.9651100230562224,0.7689902636745256
USDCUSDT,0.13498581882643537,0.5034803168602302,-0.4945059732463243,0.17497320939958277,0.5259743221907904,0.3809290977097704,1.0,0.496418640488212,0.2766446833569875,0.35995513706386123,0.5408971066988274,0.03855632880696739,0.04720670421995122,0.49694848001607694,0.08505891901935969,0.5118147966436025,-0.09134477934646497,0.1914779105607092,0.4178745581699881,-0.3562297878863679,-0.11208025473072972,0.5041071312703657,-0.09096862819187487,-0.2072170326503653,0.5099860993910295,0.4878895379930151,-0.07679180350001723,-0.40726624771540115,0.1660900185533593,0.5648707373352274,0.5776594985662178,-0.42369586611110777,0.43792630826840384,0.400784890051665,-0.552670164789935,-0.27882766747141485,-0.3764793189764878,-0.06615190644668285,0.890496247645944,0.3565097521933427,0.05598434714643506,-0.15855206648167328,-0.5002854794891334,0.7492399075496289,0.40307178046957215,0.23586232586202968,0.3624366905097536,-0.19866639755252868,0.37700292049232226,-0.4151951490850083,0.427868993863442,0.6915746350937151,0.5236652593782873,,0.29092376600705155,0.07927985320799823,-0.39974190744874755,0.25707206951300465,0.2860073145964026,0.4725851916598307,0.4137677169349704,0.38638476649587883,0.6236818670858578,0.3283587068080855,0.36188592582914403,0.7829178623940705,0.42744707091504774,0.4383937453128285,0.6308310683332622,0.31540798100787626,0.6412874506380916,0.020524515543009672,0.6267766812694412,0.41543789975205125,0.40319501892788107,-0.4918676073181668,-0.7555687876606583,0.49631359641097555,-0.1933594510826917,0.47774896478828277,-0.6473645265786665,0.6747644134166629,-0.0511414232473856,0.5366296859945172,0.6232511644232809,-0.020273662436251626,0.33052470138751594,0.5900863655363716,0.5513166488752882,0.41336882249291174,0.5161327105913924,-0.04706768590925761,-0.3696842912338866,0.157387703496144,0.24715756821373672,0.48808112158796246,0.020183340748812003
STETHUSDT,0.7337406427034159,0.9955280968909339,-0.0626622473031796,0.9077867183235447,0.8365296636286008,0.9663317339962118,0.496418640488212,1.0,0.4322822923887412,0.8354598916552264,0.8937807951992349,0.26207315210249155,0.799114671457469,0.9977147363743051,0.7274921048500685,0.9964441102637197,-0.13945012719275232,0.6934222788849065,0.8332086490726198,0.14006068426588666,0.05525501798258526,0.85955241175885,0.09037179957694938,0.6638901631824691,0.9963618401380154,0.997015019017386,0.16529370022348247,-0.134631903251017,0.752611555869436,0.8181251962891107,0.8789565578877593,0.3404953229067735,0.8239784520111513,0.6015725024210966,-0.03864495678860375,-0.23130147536756546,0.036563290517435336,0.7047786531194193,0.738486333771109,0.5890318908570867,0.23109584493843996,0.07959705130098614,0.11747598515394034,0.6819654486473352,0.5309006482653719,0.15863564841280123,0.825763708029091,0.2177398389066709,0.9428688176277341,0.12672612687151344,0.4051745672213286,0.7076205388525618,0.7174702515317647,,0.405398906727485,0.03662920048930994,-0.18639837627156894,0.7738295567048222,0.94984386483016,0.375320014343104,0.7318778165259914,0.9681764580775291,0.9416949360053578,0.9593950716086882,0.8044195642130254,0.8431830934892249,0.36503421468099306,0.8468415427601838,0.7875484935249044,0.7695566050687895,0.74926400685131,0.5279015756644351,0.7105809766704734,0.9242125260870647,0.5461372711933435,-0.3740366039239318,-0.5314806742858293,0.9947285354558845,0.3572856385538762,0.7279288627481577,0.09470890078779057,0.6016477960975996,-0.3644908770408441,0.8396397725576881,0.9123511461188092,0.13520627940515886,0.4991377997076136,0.48234492304676124,0.550552629914058,0.9702002955135066,0.9689393677320265,0.6323924601688663,0.0025159363809532957,0.6561911220379263,0.5412513088709803,0.9957872995175239,0.7271640904047113
TRXUSDT,0.7050337810423762,0.4230090326369092,-0.488207349967078,0.2838115142297792,0.7674793967551553,0.5767965756210409,0.2766446833569875,0.4322822923887412,1.0,0.632593903037619,0.7541635881296964,0.1830822369501363,0.3085815167565436,0.4389800429009472,0.6792152867420412,0.4393799137000284,-0.6696724004824612,0.8424666036446318,0.7464142715704528,0.03668049490471484,-0.5981830086242189,-0.04344652607892171,0.8450304121383164,0.5099053134524799,0.4127474514884142,0.4204140884462448,-0.04024697088095033,-0.187693492848922,0.7075849338925867,0.7822032246176817,0.6269991145613375,0.47452480177891543,0.3810537033502013,0.2345855705995014,0.13312415269172365,-0.7525138542573601,-0.34112532523874184,0.4597792734064677,0.26757117669598923,0.6298922757007462,-0.32150494643194644,0.2973125161898819,0.1930854221836907,0.7500605961991659,0.6906894398241781,0.48783217510277715,0.4585121859009544,0.5969981726806382,0.44358249986378656,-0.05156879745245042,0.3678276773453168,0.7318956268055944,0.5993527654358863,,0.5416681256640052,-0.29723307391288,-0.5896922064647758,-0.1003329835641283,0.39596807161347564,0.5927220462574211,0.2656866682050052,0.5746617396973926,0.5148266895051463,0.5830580041652964,-0.09183287967592217,0.47330931031642653,0.8074939513049919,0.7280030318432843,0.8061087095769909,0.365102227506633,0.6653039969766958,0.4525845701951758,0.7004019287235741,0.30126664902018585,-0.2032266718398584,-0.324878281307512,-0.7530354762584675,0.414418896553017,0.6408827477921205,0.7895926786892021,0.2631680775333972,0.6902455305486007,-0.27930450880088376,0.7635501390271343,0.5069085051474937,-0.06890456932460363,0.0819435876805248,0.8654065058606775,0.8172625944020582,0.5834697830061446,0.5457003794558324,0.5552422051607476,0.34802022378981573,0.8676915476828718,0.9653255408619019,0.43204722491831093,0.5572823362045793
DOGEUSDT,0.6778820409601376,0.8346640060292109,-0.4536333356892608,0.8179605966612725,0.8526922617817826,0.9180892147762371,0.35995513706386123,0.8354598916552264,0.632593903037619,1.0,0.8817696531213994,-0.12452853856212877,0.5293957587401552,0.8415504688770676,0.653719148528133,0.8453529897392708,-0.6068580952641905,0.7300708309389391,0.9665828481196069,-0.15280471044479998,-0.4670833597214509,0.5137116815577828,0.5138373248648346,0.7460725290690009,0.8310780073411346,0.8234802382685572,0.245282202287942,-0.4679365339524374,0.6915839940979148,0.9334969749431375,0.7665555636122093,0.5832373545666476,0.8411747704459884,0.7476133595966639,-0.0790023313518809,-0.4395200469398757,-0.273077828249972,0.8661352582762204,0.46699382007427714,0.4703410102367755,-0.26059859799573953,-0.12820205340853164,0.03751759417113514,0.7224790389935132,0.7632194550093604,-0.09209074967713396,0.8032277359711892,0.6446636069233983,0.8908677230399251,-0.218518378300587,0.5538653554948707,0.8546276065220947,0.8091505816878337,,0.6448633165102692,-0.1062708198002283,-0.6037428640405781,0.47677866430809684,0.7297151387301261,0.45071216230338096,0.7844706450210663,0.91942003758129,0.9162852200553693,0.9034505364815101,0.5145380565735607,0.6226702390627668,0.7047171810622876,0.9809737116271151,0.794770569294034,0.6169203772155536,0.9097676608206011,0.2975398871433057,0.8853796490232846,0.6104875447979069,0.10353516718201461,-0.6414074714830638,-0.5755054415043891,0.8233494964048981,0.7603850843985213,0.7295587369736856,0.046995278475898676,0.7345982782803833,-0.060007114040103574,0.8584263048150308,0.8914595054187164,0.42932552983243033,0.02609225386148509,0.7078319800078452,0.7939861264536642,0.9203429934317825,0.8960971957953833,0.6357168177404889,0.0125244497493917,0.7273012462885231,0.6414937720555386,0.8234518878246133,0.5872671988417967
ADAUSDT,0.7980848533223652,0.8884160504622962,-0.3286451124540747,0.7704418689040489,0.9345583888881501,0.9222881943138315,0.5408971066988274,0.8937807951992349,0.7541635881296964,0.8817696531213994,1.0,0.2601228487314607,0.6619655609836357,0.8992961903814313,0.7777544395384276,0.8975628710532422,-0.4058382432461018,0.8451209094221693,0.9164426608593164,0.09929146965393564,-0.27389663324910246,0.5836431990521209,0.4457575201533314,0.6553345126433497,0.8842754044252278,0.8879530335797281,0.07789390502289455,-0.28482139321515826,0.8169722536894327,0.9592159811639308,0.8566905925826963,0.42084803197011594,0.7694585355357954,0.5162908934286151,0.04274684558441137,-0.6022499781469248,-0.24842148610540857,0.6708627440644195,0.6630039510753644,0.7202760679166091,0.009455041669226073,0.18181143399589647,0.11179002460936417,0.8917742644960773,0.6923313723371882,0.356125096862554,0.844006557802242,0.35890121400587544,0.8531172728399737,0.020346177410414033,0.4719221711444389,0.8820397772921282,0.7861615291794558,,0.5338118151970604,-0.06772015755142478,-0.42769945268303267,0.5036178187035492,0.8264470322028871,0.5023256364102034,0.6095937340992024,0.9247662237660348,0.9227650440672657,0.9178325469811456,0.5426290809136082,0.8428540987767306,0.6977297965314943,0.925627125312937,0.9451104424264601,0.6048169150326648,0.8664672675881463,0.48324040988720096,0.8757987913801006,0.7808057765924493,0.28176487483164175,-0.5313112965004569,-0.7235260582281571,0.8853199640309832,0.5013533698360676,0.8379284245641129,0.1099055605796174,0.8326647384901523,-0.3724145227322496,0.9356939914301494,0.9148383014105446,0.0014272511779380502,0.4108592506822982,0.7893634565440636,0.7915569278716529,0.9312664608593688,0.9492599489779266,0.6485736164587594,0.10986070018219482,0.824002658152623,0.7957949184745851,0.8880750002607009,0.7133537909041461
FIGR_HELOCUSDT,0.5594535183421664,0.24917910596627335,0.641003083602152,0.16602664278019152,0.28072935560039514,0.17124608807689123,0.03855632880696739,0.26207315210249155,0.1830822369501363,-0.12452853856212877,0.2601228487314607,1.0,0.5024725169973719,0.2618426878310277,0.583888597550488,0.24058992328001066,0.5919495124802557,0.2507077205325581,0.02372875458681857,0.6350950398303605,0.5523575638271555,0.2480336139938499,-0.08919294391442228,0.25588593613707905,0.25407898084944786,0.27801372820762915,0.13136045860711748,0.585022464834985,0.5621474665673803,0.03262071304333988,0.244103330729253,0.13393114196578812,-0.22401207326946107,-0.5877405182232959,0.48401146495841774,-0.1427699055526498,0.5050045889261464,-0.003244636480622797,0.20566198340754593,0.29068769149261015,0.6175369312991495,0.9211900392530704,0.3006425091678256,0.10907751436867033,0.005443959575155303,0.7265926022858112,0.058193362194681304,-0.455618063637479,0.19776135229671757,0.701438746199718,0.03237812541018347,-0.13357650431817836,0.12779660633908446,,-0.5039436726825286,-0.26825470810465996,0.583994823174863,0.1489577518722987,0.4185503530769486,0.21520314492913176,-0.4152889496464506,0.17235036977057755,0.018033999824348966,0.23655935286763832,0.12357052928505124,0.2658827944496102,-0.23178670572695317,-0.05768216719088432,0.25186112464128735,0.15798770588937572,-0.11301326095891258,0.60637362184889,-0.07016987931694342,0.5055567083526223,0.5347036235038367,0.3376427139001527,-0.11598553743126253,0.26982362668566046,-0.3078792404838839,0.34831328991567245,0.4759192962943652,0.0663962511737659,-0.9197233186399059,0.27069365064711043,-0.007924553942019866,-0.8067066929916923,0.736227428105282,0.010238276958785115,-0.24558545235077145,0.17465583392650794,0.18766775692303644,0.3069199287069511,0.10995020191271039,0.22244085445417033,0.35114515535842966,0.28164123836748683,0.6167823627656182
WBTUSDT,0.706037763922756,0.790685995804691,0.37590031522546785,0.8320197327164137,0.5367801623502214,0.7918150068359954,0.04720670421995122,0.799114671457469,0.3085815167565436,0.5293957587401552,0.6619655609836357,0.5024725169973719,1.0,0.7964863674643242,0.7436799103717527,0.7827519511764267,0.07750564856447768,0.7300539179211284,0.5182290868148218,0.6612944648303348,0.3782064460636344,0.7141533982101974,-0.01921830506658471,0.7059566594102488,0.7839354021032119,0.8127006413275238,-0.09113521154345874,0.3255060672473246,0.7089202706545553,0.480167033874304,0.6364734434866629,0.3902231148278518,0.6244291692765973,0.2873725424857702,0.3897576254785625,-0.11470620983995575,0.2939942271611748,0.5720599282563474,0.4098368886758694,0.690129303032014,0.5108542476030218,0.3120701955759956,0.5973501102992952,0.34905343749497697,0.09317180829084061,0.39157997558567703,0.7233885257667904,0.10433341162479878,0.682784224472675,0.6683571088394382,-0.09209127576556915,0.304853769478092,0.27546559088422945,,0.25263144465945064,0.2231728112294751,0.25061715697233644,0.7958603037394478,0.9327252820042716,-0.012280361113767513,0.4710813239443145,0.7899634694443836,0.6088538867878844,0.8143901195354316,0.7486105977645902,0.6198296431969941,0.0396192800864257,0.5502527258734502,0.5028422323419445,0.6502989213650221,0.275684848864181,0.7145218870004622,0.26035906957514904,0.884668145950726,0.47009765137631154,0.1034904991584071,-0.1363154366875014,0.8013942923593788,0.23543357874415335,0.46548822414360835,0.579822825758266,0.18401372302904004,-0.517629450703107,0.5280725669761144,0.6077984873425515,-0.14751344996268256,0.7010595145166473,0.09475094181937134,0.2203630781289516,0.7760167267196731,0.7405716265514319,0.6908744682180126,0.44318122365932255,0.6899637240849482,0.47547084539970175,0.8100922281260118,0.8131957651005839
WSTETHUSDT,0.7378548256112011,0.9962661840835231,-0.06921693346267296,0.9106292944473183,0.841681557733177,0.9681984972638104,0.49694848001607694,0.9977147363743051,0.4389800429009472,0.8415504688770676,0.8992961903814313,0.2618426878310277,0.7964863674643242,1.0,0.7311193822425527,0.9992808558936815,-0.1455099735378133,0.6957100605947416,0.8388050092618906,0.13723890173912665,0.04489260304974563,0.8553917118849818,0.10056593272763559,0.6692764848475172,0.997083879507596,0.9976705323037577,0.17120708153292982,-0.14462992097101035,0.7569177307854502,0.8247933858185876,0.8772163031395983,0.3491215247728591,0.8247266080457025,0.6000293390638816,-0.033998147811284685,-0.2433683472843676,0.02799045988244268,0.7106846642079608,0.7352138158798445,0.5888913594769432,0.22405880690981023,0.08327393191284437,0.1143814264012727,0.6885059507023947,0.5396525957344481,0.15837330288832405,0.8306684736829466,0.22147359548625695,0.9463661298806445,0.12175651996836151,0.4134020397069987,0.7139746644147984,0.7245453367214738,,0.4060765491853579,0.030900562611138913,-0.19317198152175805,0.7699454927968624,0.9495122953878656,0.37883847474208737,0.7291294185055149,0.970186887778142,0.9450501507244533,0.9617202705311497,0.8014198996674446,0.8425849842133973,0.3759618562744435,0.8518061221085212,0.7927602789795407,0.762890437389293,0.7565628930888771,0.5229307946713753,0.7196710245797636,0.922862272001605,0.5412899849518776,-0.3866000387798998,-0.5341021688011367,0.9954806856592678,0.36424329461991845,0.7310785242555005,0.09410689900074043,0.612585646175209,-0.3661479429808675,0.8448380185283705,0.9161711445892569,0.13277194880287618,0.49515355352769264,0.492033901137773,0.5563390689448352,0.9722372086247036,0.9724692807613046,0.6347126205552435,-0.0011491834271919715,0.6586747146816236,0.5461574116814533,0.9962362003259236,0.7289542754671964
WBTCUSDT,0.9705359166210983,0.7162974261522169,0.15716842321648897,0.6746229246962634,0.8222884969228745,0.7881653457980754,0.08505891901935969,0.7274921048500685,0.6792152867420412,0.653719148528133,0.7777544395384276,0.583888597550488,0.7436799103717527,0.7311193822425527,1.0,0.7189287017244199,-0.13426770627203338,0.7790639531014607,0.756126920256958,0.3455763314347859,-0.029988480082283327,0.40410781975842763,0.47792990471695246,0.8528061778405268,0.7153085084961226,0.7284677030674719,0.3354026722959292,0.18294031040792738,0.9723336333303029,0.6737869293512414,0.7383898702934752,0.6986111387087133,0.3837453969702301,0.11122411719325365,0.34874264991815246,-0.37028563454876423,0.27656550640050476,0.7341860434557705,0.31225246402779294,0.49277999755813323,0.12975817245605123,0.6017460215228189,0.36312254363166396,0.48594680119941946,0.6107166170575032,0.39274779952686306,0.5242110743847366,0.3674770810876533,0.773053991783701,0.374450581694719,0.421256381782027,0.45408810776570685,0.6740938938044314,,0.1350559016939724,-0.40718862772904263,-0.059876157832467095,0.3259760158012668,0.7954772777552325,0.5403304725410691,0.2588973213217347,0.7864197565986704,0.5906280939710643,0.8343271658901852,0.3087992280549984,0.48693747187234415,0.3290353874576503,0.6895168359511734,0.7119160246868945,0.6363794378834393,0.5347336058698526,0.7529169665348279,0.5311176211073366,0.7135611382736332,0.3198218590269691,-0.09073259728109201,-0.47238751214122376,0.7194422560521755,0.5268485596153561,0.8282733178676424,0.5565750511642773,0.4626433113412036,-0.6867635111147957,0.8173629151214109,0.5321133085437278,-0.15051622329870087,0.3872691581814047,0.4956493827695387,0.39453560013356537,0.785245106767236,0.7129548174655295,0.7837512629068387,0.20883774131341828,0.7785318977175766,0.8139504824492058,0.7378444432118486,0.9442027925777104
WBETHUSDT,0.7271739797676461,0.9954980549099459,-0.0896907622596439,0.9021502171030416,0.8431793037191873,0.9675553307728756,0.5118147966436025,0.9964441102637197,0.4393799137000284,0.8453529897392708,0.8975628710532422,0.24058992328001066,0.7827519511764267,0.9992808558936815,0.7189287017244199,1.0,-0.15874597024324352,0.6913223971810082,0.8430725414449269,0.11321150923329981,0.033249696110490674,0.8553511775507935,0.09997578915203356,0.6560621925041044,0.996424900913716,0.995853356255873,0.16806790069179808,-0.15625611736728925,0.7464100850064265,0.829170017475788,0.8847101860510991,0.3350053676160431,0.8309017994798086,0.6183536716360736,-0.06067706869276497,-0.2360266302703394,0.01917268939102008,0.7055237687661592,0.7463157506628739,0.5840991995641838,0.2104152854523792,0.06055463131975454,0.09801019712773187,0.6932758359236038,0.546314675384342,0.14580009608426867,0.8248863500420582,0.23028386913977686,0.9448421313764419,0.09804957611207475,0.42013794216586703,0.7239521605852611,0.7295459326231422,,0.4197650060337588,0.032278121539261524,-0.2123067254794303,0.7646448753847801,0.9411573777176766,0.38870445099471695,0.7441516794081379,0.9694336802976973,0.9499275334094247,0.9586116764809122,0.7979849155087526,0.8467146849482574,0.3818334322004991,0.8570799862607389,0.7951944952365332,0.7714700002831106,0.7661721243855554,0.5154194414690091,0.7262080477262671,0.9150209920598275,0.5370894306787195,-0.3915546873121961,-0.5477327231852951,0.9939275372202796,0.3662407834513328,0.734298174232024,0.07257403087816795,0.6147786824917274,-0.34645275545937365,0.8467554170281137,0.919977334137087,0.15410838868137128,0.4810592547807288,0.4985053896234354,0.5681719493510013,0.9721087488351553,0.9711479423700764,0.6256885639859594,-0.009721442485789327,0.6550404639844846,0.5433946579613769,0.994842871364361,0.7149342848025204
BCHUSDT,-0.16565847574655254,-0.13990825602631463,0.8285116217593435,-0.140287379335101,-0.3779195629807176,-0.34018034813968917,-0.09134477934646497,-0.13945012719275232,-0.6696724004824612,-0.6068580952641905,-0.4058382432461018,0.5919495124802557,0.07750564856447768,-0.1455099735378133,-0.13426770627203338,-0.15874597024324352,1.0,-0.5292629972108387,-0.5705405781171738,0.3558370142854266,0.892969060739531,0.2503606123220366,-0.7795262373862197,-0.28308196214802767,-0.12570615432109888,-0.11951249230066324,0.16026386300086284,0.560878965252829,-0.16303709069550887,-0.5874203278648947,-0.2766449682158074,-0.35652074269575124,-0.4827080005655032,-0.6083477206832855,0.14854332945819443,0.5251139065262509,0.6513615537374271,-0.4123611846244897,0.023967960075873825,-0.3203544368390899,0.7119422063503982,0.4263476530753402,-0.03148565298619286,-0.4876186293865055,-0.5079057629052832,0.13942216751298625,-0.36186951860142663,-0.8560068431016086,-0.19786027133276685,0.4852403189068718,-0.20229032336387925,-0.6549190298473986,-0.33501718319458035,,-0.8268927730787841,0.0020298209725988247,0.8745051866691602,0.17258800714725114,-0.023684291671378366,-0.23433557025052212,-0.508165869310787,-0.33737496299492087,-0.3766120679152709,-0.3024091786182793,0.1604040824089902,-0.1396641603980191,-0.8214398698734001,-0.6236131634579457,-0.4307580647917486,-0.141879425518067,-0.5759804556216461,0.07675162651157112,-0.5819008603893427,0.13768743325921462,0.614702755473557,0.4914208381824223,0.43992851934480937,-0.11927939219633646,-0.7936428655703517,-0.3342365676570302,0.039352483110845875,-0.47220160174256304,-0.45580733800381873,-0.38023945541471693,-0.39879021270158566,-0.5272578331111636,0.4789378986615934,-0.6534047104640516,-0.8223763996837289,-0.3382780859622746,-0.29424547747955443,-0.260678815742499,-0.28714215985622643,-0.5710905277312565,-0.5230143435958745,-0.12440643917025677,-0.019459383680318923
HYPEUSDT,0.7742892143202714,0.6837179127874422,-0.22003004846306787,0.6281902543267921,0.7530427175043064,0.8094226014687983,0.1914779105607092,0.6934222788849065,0.8424666036446318,0.7300708309389391,0.8451209094221693,0.2507077205325581,0.7300539179211284,0.6957100605947416,0.7790639531014607,0.6913223971810082,-0.5292629972108387,1.0,0.7744570417367566,0.37220770951453563,-0.26510210439991805,0.3233660730836497,0.5746510419249881,0.6875832357868094,0.6693845252149111,0.691920999520871,-0.2147405653986262,0.001424874236750645,0.7756875157867432,0.7870485046224399,0.7419463103153084,0.48948465272389186,0.6735346003218171,0.42418180665171323,0.2703574373570169,-0.5742321804346108,-0.17442354640775312,0.5999031139843688,0.3766200295137706,0.8550458633805357,0.0033435788541643224,0.21747261989279573,0.4983244270207996,0.6982914887366453,0.4529486387699778,0.5035477597857451,0.7387134729366898,0.5394562138575262,0.6144894600552476,0.293012991370354,0.09049780541902495,0.6891366279516429,0.47289879541873836,,0.6481992544335065,0.05474304487053226,-0.33712641517148195,0.37849883390383904,0.7367644819161142,0.2950690395475537,0.526216208937543,0.8060514817996062,0.6786453625299753,0.8134059113082339,0.35190602651371095,0.6517496462306549,0.6123293931441017,0.8071262506114987,0.7896433657270315,0.5884130742637326,0.5873823956517811,0.640923929029845,0.5999080313001509,0.6285913568977529,0.008791635447655743,-0.16505578642978153,-0.557021657611955,0.681391840168382,0.6060318506033884,0.7177130219413632,0.4770244853432087,0.5339847863156995,-0.3196126572896024,0.7450443319230856,0.6892215447799244,-0.03176943193110076,0.38252673930854064,0.6236214265695239,0.738571097449242,0.8020594457148545,0.7538989256226097,0.7276132457556346,0.5782322472578355,0.9931928310347989,0.8885153356264245,0.6974526707362452,0.7370162155662786
LINKUSDT,0.7860121266500162,0.8311712918703458,-0.42854698701604477,0.7367889178520205,0.9436042092805289,0.916566798295365,0.4178745581699881,0.8332086490726198,0.7464142715704528,0.9665828481196069,0.9164426608593164,0.02372875458681857,0.5182290868148218,0.8388050092618906,0.756126920256958,0.8430725414449269,-0.5705405781171738,0.7744570417367566,1.0,-0.1603355534560454,-0.45902439636392317,0.47215596730729614,0.5824936875200383,0.7406040297433792,0.8295603019682145,0.8204083015998775,0.30243920588131445,-0.36837647130655027,0.7987913227266081,0.9577091792008308,0.8590036023980253,0.5812893379209243,0.7368432999831512,0.6391920973576967,-0.09550497509850463,-0.46494902781245456,-0.18251365449809853,0.830480286964667,0.5221842208238744,0.47864142686648914,-0.24961425032991014,0.036578088263733495,0.011591584462431458,0.7620266952139578,0.8553972520097394,0.03934725166077085,0.7071096497333517,0.6318939684193653,0.8958391007841946,-0.2011417696872557,0.6431428167093031,0.8614253766632445,0.890089333948027,,0.5673547084617494,-0.2734187990721901,-0.6010711537635094,0.36215756803109805,0.7274964668565764,0.6371422068763147,0.6933699199374391,0.9168303360520331,0.8909607828465294,0.909887417711539,0.4021912653689522,0.6499923528123842,0.7049942944501645,0.9815633354574395,0.8739249293714307,0.687291723318522,0.9297616760664076,0.4245687432914963,0.9008159856530996,0.6238509562275687,0.15414416262611244,-0.5602242440116088,-0.7181810103127221,0.819394113046638,0.7376845117428159,0.8744848146245099,0.07409548725551805,0.7626094821734247,-0.20281253090639534,0.94873561486003,0.8444860936859304,0.3327146304968782,0.06614141757490924,0.7874245680178183,0.8059424302137129,0.9234451542446813,0.8810663436648822,0.6686834217329128,-0.003734314325563237,0.776619921594838,0.772572038275791,0.8269163659773299,0.6721902170707195
USDSUSDT,0.28235262595872934,0.12604030976146563,0.6437065457345453,0.2672988777468452,-0.07875076341999765,0.12547674194211567,-0.3562297878863679,0.14006068426588666,0.03668049490471484,-0.15280471044479998,0.09929146965393564,0.6350950398303605,0.6612944648303348,0.13723890173912665,0.3455763314347859,0.11321150923329981,0.3558370142854266,0.37220770951453563,-0.1603355534560454,1.0,0.55635027509719,0.16700205356644562,-0.15477741989926885,0.2819125667928361,0.11437745290731167,0.16302596759818608,-0.4049638658385178,0.6123345200811643,0.27261369512879413,-0.1326571746906502,-0.024830892684774016,0.14044845363835357,0.0323780367783922,-0.344132248059375,0.7247113745244752,-0.09612282269867112,0.29564621748248765,-0.006017721066675044,-0.1060215849549322,0.5267353826421917,0.6313631066900446,0.517233669805323,0.7701042302189105,-0.08329048940347537,-0.4737625335200726,0.6286137465685041,0.27911030680933885,-0.2665358757588655,-0.022476742574941005,0.9491572696145041,-0.6076243412252743,-0.2586729888232835,-0.3773460312809135,,-0.11129335358634679,0.36325637181422393,0.6448884339152062,0.3863174032730412,0.4001703394080078,-0.46298734221285676,-0.1961523704696306,0.12350566296487606,-0.08205804290830003,0.17131925949784838,0.29284609084048274,0.13166356385772782,-0.26874502102809306,-0.12033106548174645,-0.021946717405765846,0.016085351255612754,-0.39231898103039875,0.4845615946267988,-0.3336595788283087,0.39819951906229417,0.17130166666228605,0.48430680070033305,0.3338525212717116,0.14871501097211948,-0.17591792220850827,-0.09423428429675024,0.7486213732569063,-0.24389182004107962,-0.5142199148776058,-0.09673945840653789,-0.025298309489544975,-0.6247993739538286,0.7032779414265709,-0.3031319788458322,-0.24817070078910572,0.10233147192866736,0.10671395427881573,0.318392963344021,0.6678581352570158,0.3372198048116026,0.16308817175929813,0.15505052086348886,0.4453464205548734
BSC-USDUSDT,-0.07844001327429556,0.05470972431444405,0.862232604872742,0.06145688347157535,-0.3148075411489082,-0.11843106188480061,-0.11208025473072972,0.05525501798258526,-0.5981830086242189,-0.4670833597214509,-0.27389663324910246,0.5523575638271555,0.3782064460636344,0.04489260304974563,-0.029988480082283327,0.033249696110490674,0.892969060739531,-0.26510210439991805,-0.45902439636392317,0.55635027509719,1.0,0.443098830153477,-0.8233518395955661,-0.15440881500304024,0.06184194318224777,0.07931017642785704,-0.09544637826332159,0.6902984512871654,-0.08000681644259612,-0.48780275342066814,-0.08198774053308508,-0.35287616142669226,-0.1988127111964664,-0.35583495834761686,0.17956255771984977,0.5855195791742015,0.6852148279414316,-0.30445787193522394,0.1404355522676275,-0.03194387845224208,0.8331683848471847,0.29389707534601317,0.24001339027619975,-0.42910338563838685,-0.6163067923596305,0.21444999978503781,-0.14571222258382893,-0.7177964372211917,-0.08781836691254229,0.678235705092102,-0.43124346320221046,-0.5678502690144129,-0.4038577090759137,,-0.5500551937927897,0.27175111510088845,0.8887270297277858,0.446526549429823,0.21480589333120287,-0.368479545030828,-0.21396206854084313,-0.11914584873900397,-0.21777771487651354,-0.09402072850605071,0.4022317614459985,0.04685176973707863,-0.830863982870895,-0.4603235863006326,-0.3440952227725319,0.12275915567528341,-0.5583012248998683,0.28956548339849286,-0.5914103076972874,0.34073020883352456,0.6426468716711897,0.640359926587278,0.4297874352697155,0.07454029646429966,-0.6949063603210841,-0.2819204927875652,0.21291958215615894,-0.5513639744372257,-0.4024768005264309,-0.32114313058588784,-0.22649395078312856,-0.4111429291681566,0.6404349519007021,-0.7061276927270931,-0.6977090334829631,-0.1272103502354,-0.1199611523486737,-0.08260332600791886,0.02826298409305015,-0.31509338542496296,-0.41809068228334195,0.07567288048743286,0.1212702633282691
