,BTCUSDT,ETHUSDT,USDTUSDT,XRPUSDT,BNBUSDT,SOLUSDT,USDCUSDT,TRXUSDT,STETHUSDT,DOGEUSDT,ADAUSDT,FIGR_HELOCUSDT,WBTUSDT,WSTETHUSDT,WBTCUSDT,BCHUSDT,WBETHUSDT,USDSUSDT,BSC-USDUSDT,LINKUSDT,HYPEUSDT,LEOUSDT,ZECUSDT,XLMUSDT,WETHUSDT,WEETHUSDT,USDEUSDT,XMRUSDT,LTCUSDT,CBBTCUSDT,HBARUSDT,AVAXUSDT,SUIUSDT,SHIBUSDT,DAIUSDT,WLFIUSDT,SUSDEUSDT,CROUSDT,USDT0USDT,UNIUSDT,SUSDSUSDT,TONUSDT,PYUSDUSDT,DOTUSDT,MNTUSDT,CCUSDT,MUSDT,TAOUSDT,AAVEUSDT,USD1USDT,BGBUSDT,NEARUSDT,BUIDLUSDT,ASTERUSDT,OKBUSDT,USDFUSDT,ICPUSDT,XAUTUSDT,ETCUSDT,ENAUSDT,PIUSDT,JITOSOLUSDT,PEPEUSDT,JLPUSDT,RAINUSDT,APTUSDT,PUMPUSDT,HTXUSDT,ONDOUSDT,KCSUSDT,WLDUSDT,POLUSDT,PAXGUSDT,KASUSDT,USDTBUSDT,SYRUPUSDCUSDT,BFUSDUSDT,HASHUSDT,ALGOUSDT,TRUMPUSDT,RLUSDUSDT,RETHUSDT,ARBUSDT,USDGUSDT,ATOMUSDT,QNTUSDT,USYCUSDT,GTUSDT,WBNBUSDT,BNSOLUSDT,FILUSDT,VETUSDT,FLRUSDT,RSETHUSDT,FBTCUSDT,XDCUSDT,KHYPEUSDT
BTCUSDT,1.0,0.8509938338612382,0.22857456362798576,0.7921986258746507,0.777426953367325,0.7154223259241312,-0.32040205854902254,0.8025301863037019,0.8482858293185477,0.7423697473809582,0.8341569563200615,0.46954480026041256,0.8502628351395012,0.8387912776080538,0.9599564748717827,-0.10782056931742515,0.8555423160686529,0.32714577762298064,0.3120036706813161,0.8211443572048231,0.5241181246124313,0.19837911775877023,0.23208063411402352,0.7845538744198317,0.8559065520461976,0.8482706672920589,0.17634047977356407,0.5680022908926602,0.8537456283762705,0.9591657206909353,0.742745224870803,0.7406565063584637,0.7330174227753838,0.702000828067654,-0.18976141637064414,0.09392819440850116,0.07608738563599947,0.9105429450335186,0.15458910989535127,0.8061294377146403,-0.007339626969993941,0.7002603199652274,0.20873311658643343,0.6399970430938005,0.6814371783331654,0.5815176118099517,0.4520820317425908,0.7445002539371737,0.8263746675751595,0.2320246980660208,0.5101030773850234,0.7161386639964289,,0.6483586158953589,0.7762093161088877,0.109710059923391,0.723781007268813,0.4601586156981961,0.7548520148051201,0.704498168617494,-0.24359421289055447,0.7000582518589114,0.7309991782239829,0.7950955396039739,0.27424837754269954,0.5352336963556835,0.5067462177705573,0.8493974054839238,0.8154499230572482,0.8452538545144183,0.5154268921956189,0.6918157797075184,0.4172043081363854,0.5785544992948898,0.026728699569335677,-0.1547453228775449,0.2003355501803257,0.4098773911576317,0.8483925696871127,0.5982362442175919,0.4051853891824476,0.8468206495795078,0.7557023197657402,-0.21148411899333258,0.20381116707620348,0.6904946480744258,-0.6455366433589839,0.8272011316175687,0.7814086151663145,0.7060666689040239,0.5865392048310702,0.8664053829940056,0.7799848820672529,0.8585153619140043,0.9425294442257411,0.3135826078773308,0.5360777767468993
ETHUSDT,0.8509938338612382,1.0,0.2410199770084663,0.8968536451042434,0.834146216735096,0.8354634322596307,0.013202407088480759,0.6778716392775187,0.9447807349483643,0.7933936717027493,0.8721532253701919,0.42444110478508934,0.8247199785433063,0.9404334319770488,0.8448915649309969,0.06720273025475415,0.9491153041653511,0.26235479809069356,0.43438434165012524,0.8145359206155848,0.4843973283044945,0.5561120061780291,-0.07704546932794028,0.685142273841048,0.9497238089470628,0.9467542260499603,0.06195847201715534,0.5109570350911798,0.8652137037047307,0.8604494629434083,0.49877153853912964,0.8893347874548497,0.8833065158647632,0.8597771877273431,-0.20896859600801093,0.13061064683854903,0.03908710053750055,0.8265108143652719,0.3685825414046004,0.7974367038550758,-0.277353980436594,0.8456490445295453,0.10317839979562539,0.7270290308534864,0.5599153286720435,0.7505462473024126,0.34885848179806284,0.46557623959907296,0.8998056846994577,0.23682429886933004,0.5251603936483815,0.6815216120885651,,0.6835373819284749,0.7891563721987516,0.18415556183603488,0.6964164431163815,0.595031972499448,0.8844640760735578,0.8703400166267936,-0.3048075358016848,0.8258546323003962,0.8765714785194986,0.8757948138339892,0.5919277581915307,0.46261881295139523,0.7139636765985979,0.8706919940834645,0.8409661773131917,0.779127410024014,0.62417603037191,0.749705695661386,0.5959958724557186,0.6967686960907549,-0.07757718994719465,0.2372284511105009,0.133717705607735,0.24145960165512298,0.6329307226328083,0.6847122223252771,0.13974992010297868,0.9510872029206145,0.9048058937320114,0.07399775056922336,0.2334306137192687,0.6559660288740591,-0.5758468848668308,0.8255202217428244,0.8371798313735297,0.8363119506385582,0.6272263308483151,0.9479198945668025,0.697413357038962,0.9535780431745676,0.8246502286850741,0.5812786695262946,0.4632785022476348
USDTUSDT,0.22857456362798576,0.2410199770084663,1.0,0.3105419292454575,0.020804397946690232,0.04481754536914605,-0.2284830514235585,0.03684336136123057,0.23839231843418196,-0.044205415966409665,-0.06074980290449183,0.5838228171225608,0.465821194811325,0.23012578512348647,0.2724014193659607,0.7803278535473583,0.2181438039370336,0.5117651496090134,0.862873387835567,-0.17971787440807754,-0.2880032168308768,0.3394845096868667,-0.6557366241297345,0.3018411028084971,0.2450788251669222,0.25351196920220564,0.752192027021723,0.44559032745527266,-0.0821705938733385,0.22007213820711655,0.20761889082765586,-0.0888688788090842,-0.023640782678134145,-0.04977369631610254,0.3684795157084997,0.8077801451114163,0.8388551578687815,0.2750380335116507,0.7095724322099338,0.25182233347792304,0.5834957462977246,0.17169391053341695,0.4292770453738882,-0.31373253121775296,-0.3756036172144741,-0.06012674120533662,-0.008275469967274915,-0.15792948861397166,0.08281260017268505,0.797039457122681,-0.04841034466961599,-0.35896682771493105,,0.3685935723301521,-0.08449444434674966,0.9688745211544777,-0.18756904061856072,-0.04683875451042002,0.5145707783041191,-0.045233140622482175,-0.8466940000199535,0.032139927841688856,-0.1365983091421432,0.11255515751349571,0.15622070955715445,-0.5881711430319121,-0.24412618798305294,0.07195990266773497,-0.1548480932321028,0.5332260269975019,-0.4434301068214283,-0.2443681943581122,-0.061947443735502164,0.12401461622784919,0.498246219630334,0.36437282314078373,0.960940697792569,-0.2997389764472109,0.03476969183530024,-0.24059575057502958,0.40229844702081663,0.24836705783329602,-0.0699655777717675,0.031007755668124717,-0.7417665837472572,0.14674183715302433,-0.2293694253058718,-0.10085681353561353,0.014603718096554879,0.012254804446921347,-0.2821349287471136,0.14200433593274192,0.17216296368738218,0.2575494871183614,0.3428041861333754,0.5466474776403742,-0.30521509394076535
XRPUSDT,0.7921986258746507,0.8968536451042434,0.3105419292454575,1.0,0.8169936551292217,0.9324166270797855,0.07001237516747486,0.5471796833968271,0.8968119744866547,0.8553061702172821,0.8012847221797131,0.2848188697818204,0.7344492378107519,0.9003120087549541,0.7921032049378329,0.0693064278851741,0.8938991607170073,0.29253202669720857,0.3650316186005268,0.8134634247685874,0.5699169322835077,0.695499097495077,-0.060512603559636766,0.8331228453334061,0.8911333108889092,0.8998007693619626,0.024299411532834957,0.5048908969149924,0.7736002637739692,0.8052341058601702,0.623693846057327,0.8743674334065016,0.8928614172213053,0.8694600401956876,0.07802122201166356,0.09042705294267486,0.1436791432628367,0.8769405290566593,0.3372607652579297,0.6462318804351557,-0.1407093940668018,0.6376312622563511,0.29462294791722243,0.581830896185201,0.45960959881018854,0.8414304361025342,0.11444034196582288,0.5039370972938328,0.9309082069595634,0.3598237174040976,0.47770281047690044,0.4901509826128818,,0.4804652521072201,0.7218124222187888,0.2129865414814251,0.5986521265384719,0.7216595225127711,0.8384945717397919,0.8904833065976445,-0.3280628263883442,0.9278891795324856,0.8474257273058106,0.9506611251568805,0.7048343006360881,0.3662217863316068,0.5866566649532436,0.7404559138429889,0.8423378759005957,0.7506272344708771,0.6254418131317726,0.6849094727348554,0.6387633986695044,0.7686007574442911,-0.13023856196140543,0.3438151089630729,0.19648933108399547,-0.07876249228578111,0.6666412458670041,0.5970461758623892,0.26578265820298475,0.9054866535748171,0.8619358058918068,0.1092635138654212,0.21552543976270322,0.7079978930392601,-0.3649398672091249,0.7740746407074736,0.8142810615219839,0.9301477123948557,0.5744011186314104,0.8950042297935645,0.8571363852259284,0.9041745196178818,0.7262571764912349,0.6987118754509,0.547929765645403
BNBUSDT,0.777426953367325,0.834146216735096,0.020804397946690232,0.8169936551292217,1.0,0.8552325871408799,0.27864365899045024,0.7677246203439443,0.8321188642899414,0.9252319667654961,0.8594505909736498,0.005879526562880718,0.6288208019683377,0.8376647024681609,0.7533827046905707,-0.0984523928287877,0.8343128280549158,-0.056978409127818735,0.11447986010784968,0.9018022289896578,0.541011770670561,0.5250732139824962,0.17263856711667575,0.7267622334123085,0.829408233179723,0.8282749515246214,-0.23882489122769168,0.6052660765011709,0.9158083753127245,0.795443621904345,0.5900242759498306,0.8938790186129131,0.8273127246659583,0.9001541619713468,-0.020195595936722776,-0.16674275968783256,-0.1863901145531953,0.841828791545346,-0.023199448523490682,0.6911823553495586,-0.2228968632701399,0.703271497567876,0.03491544105364585,0.7951510515738984,0.6716472780660376,0.7565701953541261,0.10951913198189653,0.6450876911651884,0.8395829044853446,0.03785620076525123,0.74788342297651,0.5981031515685508,,0.3873340715047468,0.8970825979530918,-0.0186820625852249,0.7196879624237342,0.39239747429104566,0.6783530474711666,0.8211152690630277,-0.17409421478070933,0.8495557948261702,0.8410071769940614,0.8658867749458319,0.3487132972729102,0.6916816261099741,0.5507577125601979,0.9028962669182251,0.92191670573441,0.6200816197540534,0.8326854840009645,0.9118096787594019,0.30583691525849316,0.5874078292170839,-0.2848957155325791,0.08129148376666515,0.01060136116650737,0.14057823678789877,0.7824879280612208,0.8827554588536438,-0.006950531232630894,0.8352433316250841,0.8784194031887318,-0.23492968617071608,0.5868238638151939,0.7963576150485511,-0.4306514573154149,0.964748100866476,0.9676669930159869,0.8626761657070365,0.8609275145078817,0.8861935642736458,0.7111534853057861,0.8367668334633374,0.6406989025986115,0.5256237059702185,0.5437319888002768
SOLUSDT,0.7154223259241312,0.8354634322596307,0.04481754536914605,0.9324166270797855,0.8552325871408799,1.0,0.23078836045682252,0.56139258066582,0.8370081209940107,0.9126167251250987,0.8313124747701366,0.06163083251705779,0.5988836653003131,0.8456421310312762,0.7040350110404057,-0.13993885805430734,0.8365456658299623,0.16087368316317627,0.11971618920568673,0.8761949933689533,0.7110611330231944,0.6733141410718094,0.11178109472507575,0.7784825595392177,0.8248506828668684,0.8363771654455929,-0.1978212035130921,0.36403076663788647,0.811330801180797,0.7338268235574287,0.566023321104728,0.9344547668163699,0.9380664008568436,0.9294491893036515,0.0879562692453089,-0.18510796854733114,-0.11712153402767538,0.8059929913704371,0.14134801672373878,0.6009345262793728,-0.2877111489392021,0.5805959361242947,0.2548881282949107,0.6925393871901757,0.5127075184584284,0.9212459310416842,0.06966302501680226,0.5608518598900186,0.8987174582509552,0.20207033621952206,0.4823789468657231,0.5425095948448359,,0.3650593419182234,0.7337840538929773,-0.028864729476286582,0.6855543523562772,0.7318291966316735,0.7081290245500832,0.935903919606262,-0.1649870749591126,0.9679876462513889,0.8949534044671541,0.9557757662342341,0.6775147224367107,0.5522844439860874,0.6518402244866413,0.7431139704908517,0.9136532308274649,0.6285204236246895,0.776173071945311,0.7761152418212438,0.6277004748759242,0.7527802535803445,-0.2804514660499112,0.2602668766889191,-0.049681864018912815,-0.0796762184110491,0.6746236140274795,0.701713452689787,0.15816001182603198,0.8439294456041361,0.9047703503113768,0.11983849171677857,0.47130716599314126,0.6753984639059768,-0.2072450894837567,0.8294738785971273,0.8508513522434656,0.9744943382224327,0.7241512392818076,0.8702847726135978,0.8511584329868244,0.839751303513292,0.5970041470112404,0.5776165135584589,0.6932052081532005
USDCUSDT,-0.32040205854902254,0.013202407088480759,-0.2284830514235585,0.07001237516747486,0.27864365899045024,0.23078836045682252,1.0,-0.09336755050806927,0.013803522868219512,0.25125386058081095,0.036253516539278295,-0.6330889314932925,-0.2990440209347863,0.03645950194915921,-0.346188401232736,0.13773543817262246,0.0034420159793564138,-0.5074646921496473,-0.16432090051386958,0.06938774385406248,0.00491372618475399,0.6263561435519202,-0.2687574031386598,-0.14006348994946377,-0.002672707683169435,0.010775645161225464,-0.5639145393569086,0.0028288307453656,0.073276208463932,-0.2839359231226095,-0.35120908430801684,0.26220595504226024,0.18971198576705142,0.3319412483838074,0.2733551430155545,-0.3199909356036941,-0.35991361499273966,-0.1565204512148217,-0.0955461908514913,-0.1285131634753979,-0.3872265513907386,0.07760448650183904,-0.22895278472508815,0.2424200611660457,-0.13749551292654705,0.31293543500398835,-0.5023789526986421,-0.29115371067635953,0.00921371843604077,-0.19022637963796837,0.2874429301373098,-0.21710994708098624,,-0.30430416424851486,0.126722371412169,-0.0756107532161413,-0.011225867030593197,-0.06491821480886607,-0.02754317646419482,0.2190790024264826,-0.019024244813917277,0.24576194585487418,0.18627865924983758,0.11800215633509276,0.2354035692187407,0.1527395451039011,0.14231665591641435,0.08584255050094465,0.1305183391032276,-0.3048023111784166,0.4380015181724484,0.2986529527462003,-0.1054162155363842,0.05087925867106377,-0.4290679894303538,0.5038985732914996,-0.2354575622281244,-0.46760008195222413,-0.2102642741178752,0.41358522031279743,-0.666316703494783,0.0241636652684999,0.21897117073880468,0.12531847746735153,0.5052352442593464,0.09359258179701511,0.36398846183483075,0.1665301101197365,0.2686435084059675,0.2560568332993888,0.3986908354955541,0.0550315602687064,-0.14382765178247775,0.0070930937988025865,-0.4752066797196567,0.41174688356322164,-0.024201640872496384
TRXUSDT,0.8025301863037019,0.6778716392775187,0.03684336136123057,0.5471796833968271,0.7677246203439443,0.56139258066582,-0.09336755050806927,1.0,0.6749906647168015,0.6665412562570985,0.7587013513628081,0.23972305634229682,0.6900044582720122,0.6680223902296055,0.7896316210848662,-0.19647200948176444,0.6815193055163692,0.16066685800328764,0.145176348558349,0.7249650822411989,0.5154162296892979,0.06769029922932535,0.33135080832438824,0.5809769339827102,0.6791411282118885,0.6724533507979225,0.06206950574020612,0.45185709019814857,0.8260947879238587,0.8016627818174915,0.5611423002980215,0.6546911970904237,0.6106955315439759,0.6313467896466542,-0.12805097257824033,-0.1314047002544521,-0.19425363161316167,0.7125393026793081,-0.044382259035207774,0.8154819008278591,-0.03530405243404927,0.657856970281169,0.1548080030833655,0.719987223849304,0.6096400997395731,0.4800938581370175,0.44356076855919574,0.7269882504241973,0.5707004156133411,0.12176975480172221,0.501703429779312,0.6526750169359526,,0.5794296248796851,0.6960585801598628,0.006576062891370246,0.7797416961691322,0.14125124869597516,0.5649942420837203,0.5622788136667329,-0.25236842949186417,0.5458973973106257,0.5922247678643418,0.6194871129620543,-0.021079638225407305,0.6878236624136878,0.42911773670621955,0.8649040969563999,0.7418552712468589,0.7185328007616192,0.5251334839774513,0.7156452939871808,0.09297419032915462,0.36554519511749084,-0.006289638039991266,-0.3573735627437209,0.09393863551108703,0.47831819106776746,0.7924111134153276,0.69942507984636,0.22539950774052436,0.6703119631900705,0.6568352758570725,-0.33396285969545786,0.42082756157672085,0.5684796558565437,-0.47853794465111815,0.824656599196857,0.7678310377343835,0.5561045843169449,0.757393720634331,0.7363868200774454,0.5856010191019859,0.6846446427097095,0.7411469114476751,0.0966734481230921,0.5412563949040654
STETHUSDT,0.8482858293185477,0.9447807349483643,0.23839231843418196,0.8968119744866547,0.8321188642899414,0.8370081209940107,0.013803522868219512,0.6749906647168015,1.0,0.7938770977154264,0.870114514174758,0.41953791753132547,0.8206647472684278,0.937183144857823,0.8423318928660082,0.06202618762699841,0.9455477881278832,0.26459755435192295,0.428610713304919,0.8141608380328731,0.49064059488800693,0.5561412672767682,-0.07224474805242877,0.6873028989918782,0.9458765936687732,0.9433075096066295,0.06031080523954327,0.5051594827300999,0.862383226133951,0.8577526113236478,0.5007780013981309,0.8884920942328064,0.8835508914703257,0.859167706121125,-0.20143476172374533,0.12463466989384824,0.03737463181460152,0.8254111563277335,0.3651999123340514,0.7938127542002099,-0.27516808991534775,0.8382371234740186,0.11051488305284547,0.7242411002831199,0.5566687204678876,0.7532759363121962,0.34505245860598344,0.4682459127278416,0.8981236571287037,0.23943886534904382,0.5198904212715656,0.6778885995442312,,0.6782537640061843,0.7848029581142886,0.18077874991900866,0.6963309590052948,0.5985705678346918,0.8803634467349831,0.8704601846760808,-0.3035452795221594,0.8275452877749179,0.874991788250623,0.8765076959927621,0.5931828014784448,0.4628652542454513,0.7116445908435596,0.8663812908147478,0.8409770590237471,0.7777179452690534,0.6238605633978823,0.7471967797635278,0.5971457672562557,0.697776811955257,-0.07876961639688233,0.235348369004867,0.1313912758364045,0.23496159451633336,0.6337543023252299,0.6816701849381671,0.14466143578869972,0.9476273544124534,0.9029387753404065,0.07660896665902518,0.23548785617984547,0.6540023185637489,-0.5663410720321569,0.8233833303301206,0.8349621016265981,0.8378013624043955,0.6271715342290748,0.9449718582885509,0.7017263445526876,0.9500622847956212,0.8207681525848513,0.5784427726007763,0.46967123686345325
DOGEUSDT,0.7423697473809582,0.7933936717027493,-0.044205415966409665,0.8553061702172821,0.9252319667654961,0.9126167251250987,0.25125386058081095,0.6665412562570985,0.7938770977154264,1.0,0.8345470997472683,-0.06909998031138459,0.5522438669710725,0.8030851757097075,0.7197047855371774,-0.20680010368882104,0.7956297661525445,-0.03139598051762038,-0.0049203629640695605,0.9249190555465666,0.6462036284463978,0.5449731868361162,0.26218251076372956,0.7889618581510656,0.7851322777526456,0.7894593573918578,-0.3051467095152092,0.5146429155053222,0.8655873319322731,0.7608270910713497,0.6515196080158061,0.8981920546841939,0.8530837242407568,0.9032221765497987,0.06005402404228975,-0.25556588120560897,-0.1923180304929077,0.8491230340996687,-0.08065734567694617,0.5807078437146831,-0.22327104435414566,0.5646286187627017,0.12030480329754778,0.7318995226217129,0.6622366174506076,0.8241251663987681,0.025161818446499146,0.6874993579663388,0.8743636196747129,0.03753291402813411,0.6733886900786251,0.5657190052047529,,0.26581972691231065,0.8501428374794262,-0.12028561667253766,0.6893818015305706,0.5432290260655506,0.6128698749919255,0.85550844377662,-0.07132718044230305,0.910982675729998,0.8557610525666692,0.908727525271772,0.44634327454987965,0.6793632086603801,0.5394656541747641,0.8014210763362476,0.9404981626579761,0.5671576913857284,0.8562235961737888,0.8726021575398385,0.4201492768721972,0.6479362445387319,-0.3450687629356249,0.10132671082837992,-0.07316673570048028,0.01759044719213891,0.7924676929012375,0.8118997260248204,0.07820475450884917,0.7971477730744209,0.8684738383036005,-0.1611442445051547,0.6091520680721054,0.7870975258827962,-0.3020704933685547,0.9231170053036597,0.9220503415861178,0.9209800222521233,0.8137936055175282,0.8488936011003928,0.8101647106010774,0.7955529633698571,0.5879332205480776,0.5124002379357507,0.6479091383718177
ADAUSDT,0.8341569563200615,0.8721532253701919,-0.06074980290449183,0.8012847221797131,0.8594505909736498,0.8313124747701366,0.036253516539278295,0.7587013513628081,0.870114514174758,0.8345470997472683,1.0,0.24402349495950273,0.7180269970612603,0.867807114000073,0.816496711737849,-0.23075784104236005,0.8797838379776886,0.16037180973243814,0.14285783445785724,0.8981034579243443,0.6545848383625306,0.3851177837618662,0.21995658734680903,0.650622003247497,0.8707972730767044,0.8674381434929668,-0.1234878754777123,0.37198108940859087,0.925696023278784,0.8434773569443418,0.5135047613157517,0.9179177922708167,0.8959173783262228,0.8775730935244939,-0.25147172581679134,-0.16966834164067515,-0.24103564567355762,0.7844946601049594,0.10033859046929397,0.7850472901369064,-0.37247305328418506,0.774233770620968,0.076346741444882,0.8447539697378036,0.6860937476122732,0.7779050938664993,0.3919072260276934,0.6274379200716791,0.8545710714696945,0.051722162508156914,0.522333187213538,0.8013614381574357,,0.5952146301526853,0.8128905398024372,-0.11333023267684351,0.8269025907402904,0.5716410853408403,0.7201472253494412,0.875931536440372,-0.09679909762478778,0.8234475311794858,0.8990380754180131,0.8574902979755585,0.45747045852998913,0.7060188077077045,0.7525670628995387,0.8910287974242885,0.9214515106822629,0.6898022800070611,0.7512777137492633,0.8399793728581704,0.5496408829796794,0.6463691369554662,-0.1918065970963862,-0.0054364298225641,-0.1255567822719433,0.35969207667850056,0.7189642548555687,0.7763816830704665,0.11644450506980583,0.8714271875281088,0.9200940002724409,-0.0007093901755869671,0.4936995233230106,0.6256063332255992,-0.47272648478186846,0.898000991542794,0.8623147860471917,0.8381380813966437,0.7778857965767729,0.9155073516368799,0.7134526701506734,0.8746130367066813,0.7633500034926379,0.3377638614766428,0.6486516336590159
FIGR_HELOCUSDT,0.46954480026041256,0.42444110478508934,0.5838228171225608,0.2848188697818204,0.005879526562880718,0.06163083251705779,-0.6330889314932925,0.23972305634229682,0.41953791753132547,-0.06909998031138459,0.24402349495950273,1.0,0.6807827951270986,0.39488778649418727,0.5045954419024591,0.34382676156451053,0.4229579530259483,0.7089380322865894,0.7569332549043332,0.024821096058914072,-0.018336217922821023,-0.026115559861321164,-0.3644343123154188,0.15121074916722435,0.4388977167720236,0.430956088934878,0.7504284720225608,0.10246970176329631,0.17589134199726822,0.44746221507682465,0.09779744547692053,0.11570778538335681,0.20686612043760905,0.05124874383720223,-0.3318448973790308,0.6279489639719351,0.4697976842856109,0.2541894837008549,0.7318888780332925,0.5532965608588152,0.09812380904568631,0.49843545510102377,0.24630376353847924,0.060594771965979455,-0.02904540861329425,0.02536483415119548,0.6491914238937346,-0.029000548570587727,0.2281094886280172,0.5230807856120541,-0.22061482219881787,0.31533755321946644,,0.8151938956889221,0.020902914186798842,0.5419224094550575,0.20947876426963763,0.23902756204114214,0.5982042063587084,0.1617339029839243,-0.4906374461503628,0.0432742014240772,0.1491114263260622,0.16447327697345687,0.25096195882610867,-0.2387508709745866,0.3023481755629525,0.273757204295708,0.038458832355034146,0.6447461684981864,-0.33471266301003816,-0.10425462629802254,0.3757058334695471,0.23121591734153585,0.5177604582145411,0.04041707590295585,0.47119817232242944,0.40894639524936005,0.06513702920737105,-0.15935680150649614,0.4499897016843497,0.42186127515700755,0.18032991957512687,0.2927625141415807,-0.6221672032502141,-0.0434936324910435,-0.5172560680348989,0.0170177235156337,0.013974811612089418,0.03820970736935194,-0.19568616194790722,0.3417149882311382,0.15605755885163494,0.4351010072381241,0.6721501548402508,0.10096595545054614,-0.04096012127585607
WBTUSDT,0.8502628351395012,0.8247199785433063,0.465821194811325,0.7344492378107519,0.6288208019683377,0.5988836653003131,-0.2990440209347863,0.6900044582720122,0.8206647472684278,0.5522438669710725,0.7180269970612603,0.6807827951270986,1.0,0.8876450765909268,0.8631418858746136,0.16946834827637994,0.822635487263105,0.5188348164698352,0.6128163853319248,0.5938740493412562,0.37720247033380055,0.3000687514780261,-0.11476758431403417,0.6194730068419193,0.830419603909541,0.8269921599687707,0.42844761982975177,0.4589394405752434,0.7069932233283143,0.8444630779598509,0.5003994182765001,0.6419326665013558,0.6723881052459013,0.6035362569314479,-0.1656578254468319,0.32967288945255346,0.23868069104823533,0.7444126176336974,0.4954225643340695,0.8556947107546228,0.005243432574503373,0.7671866565726982,0.2923771946088075,0.5300564329324398,0.3815486498012465,0.5085166643720117,0.5265268204560573,0.4469762043281359,0.6827589805232797,0.467808769849276,0.2923366611968147,0.5732948528090159,,0.8266753312491757,0.5642986427404151,0.4041191601517241,0.627192048272695,0.40855672612215826,0.8569781832067437,0.6295559043183414,-0.5166233598935435,0.5812865790886252,0.6163140446442607,0.6813558320898355,0.3678154371477655,0.27257131072109986,0.5214918963506965,0.7729183695745959,0.6209048492127082,0.9025940720067595,0.2668652600815115,0.49165129815815467,0.4263873386845909,0.5415822400743827,0.2230053553249681,0.029413779090112415,0.395084727900858,0.34965851334463427,0.5951814392160807,0.4334983729438826,0.3966340237624419,0.8238954798281996,0.6705090582215406,0.03309199770416483,-0.07771272014340902,0.48602071196402946,-0.5978139450174567,0.6323607925709926,0.6313195226797862,0.5835768001240681,0.4249710992029101,0.8036728337849655,0.6200483473768521,0.8361242422175624,0.9023141874488819,0.38702063365177697,0.3678005715886821
WSTETHUSDT,0.8387912776080538,0.9404334319770488,0.23012578512348647,0.9003120087549541,0.8376647024681609,0.8456421310312762,0.03645950194915921,0.6680223902296055,0.937183144857823,0.8030851757097075,0.867807114000073,0.39488778649418727,0.8876450765909268,1.0,0.8322150578770715,0.05824212678041444,0.9409983419788536,0.25056469014278965,0.4143921441417116,0.8178386453197246,0.496395296218358,0.5708155251059858,-0.0693351089858959,0.6914151267051385,0.9408783306037677,0.9389965052641792,0.0415067597202763,0.504865971393045,0.8606366695728569,0.8491616984976031,0.501674919346969,0.8928825229481143,0.8867066433427033,0.8659735908604401,-0.1840771065890322,0.11042236329844256,0.03001213906222076,0.8247899801967961,0.35349283274996024,0.7816548732748059,-0.27767358575581336,0.8273450174176594,0.11167166589739551,0.7237360511498636,0.5541153125206012,0.762944039181372,0.3226637594671595,0.46860807772934454,0.8996174308720204,0.23473427756832974,0.5263808806903818,0.6667450297594484,,0.6579998891798302,0.7864287830918734,0.17312524649705804,0.6923969529317203,0.6017614879132591,0.8728219610177174,0.8749926906090036,-0.2980936716646356,0.8367782423312932,0.8774847532494513,0.8816465729354785,0.5989702583015702,0.46657606452526706,0.7073403557028058,0.8617963117207246,0.8453623828436218,0.766575052422224,0.6364110488704964,0.7526458201725473,0.5948511344696932,0.7006284443259203,-0.09355716751422215,0.2452941472749415,0.12395517229333444,0.21301517310829493,0.63397997617435,0.6880581257541736,0.13559304881064616,0.9436747040564293,0.9048867483674703,0.07578071156486564,0.25087299582940625,0.6599908096123003,-0.5488253241342078,0.8263072710692453,0.8400791857657733,0.8469826927949343,0.6350712494123397,0.9423044186505044,0.7064886262883682,0.9455845071913049,0.804995140761607,0.587906792606023,0.47530504537952173
WBTCUSDT,0.9599564748717827,0.8448915649309969,0.2724014193659607,0.7921032049378329,0.7533827046905707,0.7040350110404057,-0.346188401232736,0.7896316210848662,0.8423318928660082,0.7197047855371774,0.816496711737849,0.5045954419024591,0.8631418858746136,0.8322150578770715,1.0,-0.0807385696795901,0.8485606555254929,0.37397166566370443,0.3484577714305301,0.7940489242708465,0.5196616207518353,0.19973711841566855,0.2048151511373783,0.7859764167987254,0.8496852040726253,0.8432999426909411,0.22607523604486118,0.5548803537329053,0.8302300789349293,0.954536123213336,0.7400492645994291,0.7209493870705339,0.7225478117473281,0.6823671024336712,-0.1659296152162902,0.12632158671151025,0.11430334361426754,0.9034494361803603,0.1948571046121208,0.8111255129476902,0.023537237515374967,0.6899434730260241,0.2505036375491722,0.6103126315567847,0.6412579549830013,0.5724232618961317,0.4614101553518099,0.7287198226802823,0.8104729275429249,0.2831623357963728,0.4699774622136074,0.6908848495161874,,0.6670890916918104,0.7416150347027274,0.15250931218489014,0.7112956497482079,0.4634167191528073,0.7663409381135446,0.6910199941551575,-0.2849278489898107,0.6881497753966476,0.7085711680966362,0.7862778879634382,0.2820514951996759,0.49557082646167083,0.4922665777826325,0.8320488792816046,0.7913303771667769,0.8671384193939203,0.47140831296855107,0.655140613704729,0.4202896829827575,0.5783538961739011,0.06324966044027747,-0.14795559520703527,0.24084206521957624,0.39273579269682624,0.8345530691780072,0.5609704932501329,0.4425293032224826,0.8412011653524255,0.736165102699483,-0.18688733233846225,0.15468274914518576,0.6686738139371791,-0.631853263570543,0.7985508257795141,0.7568382384296958,0.6925778525428397,0.5565886320090145,0.8554081707777249,0.783850890564822,0.8534636706054162,0.9488918793428159,0.31538321907957156,0.5304854287131292
BCHUSDT,-0.10782056931742515,0.06720273025475415,0.7803278535473583,0.0693064278851741,-0.0984523928287877,-0.13993885805430734,0.13773543817262246,-0.19647200948176444,0.06202618762699841,-0.20680010368882104,-0.23075784104236005,0.34382676156451053,0.16946834827637994,0.05824212678041444,-0.0807385696795901,1.0,0.04450511628890305,0.14103247121547438,0.7603978227424254,-0.36117022869105203,-0.5740753271309442,0.4193323998335191,-0.8503558228475664,-0.07970281844334526,0.0728640200011269,0.07419060127644285,0.4694195984031484,0.3539814370894886,-0.2330940843139596,-0.10414940808072053,-0.20779837130680556,-0.18589911188752647,-0.17298841561682102,-0.13648878350086552,0.19219504146225874,0.7548599198852953,0.6552080206458353,-0.05032701221945394,0.6485924223330003,0.015696874598104617,0.2853773853416665,0.16670058384949527,0.012402826798387799,-0.32236741614738296,-0.46071031130587337,-0.1991195321204348,-0.1754239356145833,-0.5344199728681187,-0.09338762250318526,0.4644714424041638,0.019917775203791482,-0.45634236223247615,,0.18354439886130802,-0.1456942961376109,0.8436637390087814,-0.3931778900182604,-0.23037026406774486,0.32779811070825704,-0.16392565059518033,-0.6477663382769305,-0.14512712488024657,-0.21187122257046306,-0.11523286291718847,0.1454827040394739,-0.6460162337285995,-0.2198072275038685,-0.06948711590847967,-0.33506218763660006,0.14142634393392758,-0.3946441791510088,-0.2717268875476515,-0.16441034457031262,-0.04260252466403922,0.3240155483308136,0.5939585710383826,0.7267298536139001,-0.32482825687968425,-0.32851453013829107,-0.20719410279325698,-0.1055598857963815,0.07506572669597394,-0.1562252773764326,0.10072236775247598,-0.6295830137842799,-0.0023444529273737072,-0.17962891537832376,-0.241278749927236,-0.10124932189852709,-0.15450040493091188,-0.3399188178181074,-0.03332927145111193,-0.23882860830695085,0.07490351148203514,-0.006384935767909826,0.5844068087354796,-0.6083679283215124
WBETHUSDT,0.8555423160686529,0.9491153041653511,0.2181438039370336,0.8938991607170073,0.8343128280549158,0.8365456658299623,0.0034420159793564138,0.6815193055163692,0.9455477881278832,0.7956297661525445,0.8797838379776886,0.4229579530259483,0.822635487263105,0.9409983419788536,0.8485606555254929,0.04450511628890305,1.0,0.2579205187311741,0.41712039180595156,0.8241344797685068,0.49454126867684794,0.5415736383829616,-0.05699956675212644,0.6825065568683935,0.9506922833063264,0.9471653015343772,0.04998136762175851,0.501565960592471,0.8723749143709055,0.8647395177414628,0.500322995671736,0.8945604469148565,0.8879063663159029,0.8622964668298166,-0.2284350447307802,0.11556844150452235,0.022025103890556546,0.8265625744767244,0.35492956809175913,0.7976635875134387,-0.2923084108951877,0.8471554973186182,0.09308482825880326,0.7373618237119769,0.5770548776935369,0.7527487768664658,0.3605126978535308,0.4755561202178714,0.9049484817698563,0.2179005951896221,0.5254968044332953,0.701321334438524,,0.6839954951996564,0.7954439022514335,0.15924553490535073,0.7060579023192711,0.6036653622467841,0.8778173366602626,0.8752232658849409,-0.28146761629472455,0.8270096732942588,0.8849809422359038,0.8770784162254662,0.5907961752776396,0.47883702060694705,0.7259211216907145,0.8731256202888449,0.8489501486163399,0.7737750912699882,0.6342023913769292,0.7569386567538754,0.6067524971924592,0.6983536110677621,-0.08568974907935113,0.22333818420385101,0.11018108799637907,0.26001827456242566,0.6377213874775979,0.6892460702749337,0.13847190273613344,0.951488774564201,0.9106344157331113,0.07416161134862047,0.2465666517505459,0.6543444739881991,-0.5811772104941992,0.8308391530051457,0.8377870992159652,0.8379943972187894,0.6316072267439625,0.9503825004415531,0.6985755571911639,0.9539450292680125,0.8288750383510047,0.5647218666497096,0.47393651398938164
USDSUSDT,0.32714577762298064,0.26235479809069356,0.5117651496090134,0.29253202669720857,-0.056978409127818735,0.16087368316317627,-0.5074646921496473,0.16066685800328764,0.26459755435192295,-0.03139598051762038,0.16037180973243814,0.7089380322865894,0.5188348164698352,0.25056469014278965,0.37397166566370443,0.14103247121547438,0.2579205187311741,1.0,0.47948573583645243,-0.015892318346611128,0.34846380785171954,0.04125220999197706,-0.18846264265635831,0.25255662946788854,0.26004509190820296,0.27794827373167796,0.7320052217804104,-0.2303225543597367,0.053993471816629196,0.3074336353514185,0.14777826053963303,0.10236186313862215,0.257500614862507,0.05913868349126376,0.15417707014173326,0.31157268908031277,0.3590020772318871,0.1771667871953888,0.6363599372546856,0.47026735188153845,0.2297809117264015,0.1722416756170659,0.7287026660668305,-0.034744546758712004,-0.2958950707074899,0.21276110103602403,0.482616068598461,0.08425829113728393,0.09287132762169464,0.7841444364857855,-0.5394050630338691,0.08844432419327526,,0.6290558750955176,-0.24248942792358738,0.47032937292391164,0.27397747925328575,0.3689157387608108,0.44585759392064744,0.1882974314230588,-0.5928185252921009,0.14850046390137311,0.06059560204866397,0.21522014073509446,0.3087733401849572,-0.21668053678514587,0.20479467539210405,0.11328262053364051,0.04434421072754334,0.6548515500400736,-0.3738680048253601,-0.22470481901581266,0.37621777832737474,0.2791996349410214,0.508602142658647,-0.052737568591558426,0.42530637758665274,0.03902598890185442,0.09855786296178896,-0.2756047778243713,0.7103090444570029,0.2673705277074733,0.10805660897609204,0.476658631155576,-0.5087174014113701,-0.1824999591444458,0.04885615016573006,-0.07311022624354935,-0.06236695335983645,0.13175613041538134,-0.11336556919972075,0.21842473000723794,0.3812951595177444,0.27940955572081116,0.46696148394013703,-0.03128534077126687,0.3306031652167334
BSC-USDUSDT,0.3120036706813161,0.43438434165012524,0.862873387835567,0.3650316186005268,0.11447986010784968,0.11971618920568673,-0.16432090051386958,0.145176348558349,0.428610713304919,-0.0049203629640695605,0.14285783445785724,0.7569332549043332,0.6128163853319248,0.4143921441417116,0.3484577714305301,0.7603978227424254,0.41712039180595156,0.47948573583645243,1.0,-0.077300230069884,-0.23800771536159285,0.4058078646449592,-0.766563486094398,0.15879145088209887,0.4426187154808657,0.4435181159278279,0.7113568242714997,0.33578294718291324,0.10371136514514216,0.30655044933289705,-0.011884564802821044,0.12180402824465841,0.182835596858534,0.12316361770631885,0.004596887331192624,0.7938966761597785,0.6433055291177436,0.2362066549013765,0.8827083835401253,0.47605168917722845,0.19725387500576824,0.517029596554487,0.23440138266741425,-0.023546055252844107,-0.2717208950111555,0.066992797815446,0.27303555487069786,-0.2759104235037096,0.19402613455630005,0.6824644856147362,-0.04129609938932681,-0.04528714917388432,,0.6758523492739047,0.029743364303966555,0.8902860403509685,0.01885537659458476,0.0732173252283671,0.6940690896434882,0.15375904510435282,-0.8034768052333936,0.1053340402751199,0.09703017383533163,0.1873196196581511,0.33800996313640574,-0.44171218125052003,0.1488118634939885,0.27260714558333754,-0.03281095167257918,0.596597759370425,-0.31214145247844904,-0.08742746834908939,0.17037066425344063,0.22201792494423672,0.4686205663571296,0.44915626786653134,0.7572474166195848,-0.011562686647425888,-0.062492109375452874,-0.07041714966968904,0.2028203959573695,0.4399597410486473,0.16886538538143575,0.26458763967693294,-0.6568666609323143,0.07379105082376908,-0.40218136373591445,0.012571570956132695,0.11453627313308176,0.09711105436695186,-0.15052186603611897,0.33379654405363407,0.07499338143947686,0.44733919731797617,0.46603539710757963,0.5392984573440952,-0.27697426023922306
LINKUSDT,0.8211443572048231,0.8145359206155848,-0.17971787440807754,0.8134634247685874,0.9018022289896578,0.8761949933689533,0.06938774385406248,0.7249650822411989,0.8141608380328731,0.9249190555465666,0.8981034579243443,0.024821096058914072,0.5938740493412562,0.8178386453197246,0.7940489242708465,-0.36117022869105203,0.8241344797685068,-0.015892318346611128,-0.077300230069884,1.0,0.6846728350808575,0.3602460107917559,0.40788995277040063,0.7542456811759013,0.8112236796810296,0.807536181555617,-0.31625988553751555,0.461958743822767,0.9260413222534056,0.833429302064518,0.6700492239526693,0.9105301223177967,0.863060909191074,0.8850041308952927,-0.16811083910145824,-0.30082573260790213,-0.28182297400351736,0.8579498485064178,-0.14491673871133953,0.6276618032683516,-0.31502797469697885,0.6189801205076725,0.02649389001307922,0.8055616096540937,0.8145955785817514,0.785694975123122,0.2054711677538417,0.7679871232194239,0.9077947738357498,-0.09639512653964638,0.6620266621065802,0.7629419753110178,,0.34812272902061636,0.8984298818744794,-0.27719800842699843,0.7703074604389266,0.5840856531318207,0.5893795147183408,0.8630431097541984,0.09055181590455436,0.8723740784961131,0.9027033594255756,0.8909155971515231,0.39844966843564067,0.7847420558474105,0.6351860992951118,0.8379017432326652,0.9789218039974599,0.5697662264143097,0.8770177642736918,0.9042777540215853,0.5003710064149987,0.640625393392642,-0.3435210272701575,-0.05365094367970031,-0.21415586196522796,0.2592017907077067,0.8346856576380616,0.8177453615493218,0.10665220608928636,0.8135821202137621,0.8968307618069422,-0.1781985109630859,0.6395095291815058,0.7590300420181544,-0.4332871647639587,0.9518397801954012,0.9041256144649855,0.8866561431868448,0.8064220577149022,0.8751905582833813,0.7951529291947551,0.8141695315281525,0.691177999059134,0.3460461804983832,0.6921026634634126
HYPEUSDT,0.5241181246124313,0.4843973283044945,-0.2880032168308768,0.5699169322835077,0.541011770670561,0.7110611330231944,0.00491372618475399,0.5154162296892979,0.49064059488800693,0.6462036284463978,0.6545848383625306,-0.018336217922821023,0.37720247033380055,0.496395296218358,0.5196616207518353,-0.5740753271309442,0.49454126867684794,0.34846380785171954,-0.23800771536159285,0.6846728350808575,1.0,0.1961725900287067,0.5151751597842286,0.5621559196446715,0.4683372120905303,0.4884630028242359,-0.14991846122222216,-0.18724591813085512,0.6076415959172804,0.5285712018973273,0.445697551814322,0.692504224311762,0.7505042335470301,0.6565924981306631,0.14267506721746254,-0.5598863464666318,-0.4180821065228116,0.49428201846091735,-0.0987281899564283,0.523843322676808,-0.24544583708621046,0.24950829994705076,0.5186627046798071,0.6003025610997017,0.354086125945186,0.7787246180398402,0.27595891924462107,0.6675928619908288,0.5213763481257996,0.19527262013233015,-0.0034067837488633377,0.5389709822568466,,0.3006691479374308,0.34498511487939737,-0.3478108652380693,0.7749601880714877,0.6486236808879766,0.33314236314880946,0.7058775070400642,-0.005518496339978122,0.7108543492457632,0.6300735890833413,0.6885650267039428,0.3909287522185762,0.6624515510227791,0.5665074913551951,0.5053282377593917,0.738155011401696,0.5126163955620948,0.5501173407378779,0.5214756897594682,0.5225814715927456,0.5384760134533371,-0.17557312959901455,-0.24943831530872226,-0.32047740684935677,0.06775238312258852,0.6018519249667806,0.45104156335017703,0.40752990196986516,0.48836980741974717,0.6418090795162936,0.22794871776913833,0.5432311968954197,0.26407251463546394,0.19017199408971902,0.5889571922709911,0.533161739661302,0.7125525098086977,0.6686183274096371,0.5670251600064898,0.7783780759624799,0.49043363003929014,0.4205516609801513,-0.06686664580559791,0.971763583934892
