,BTCUSDT,ETHUSDT,USDTUSDT,XRPUSDT,BNBUSDT,SOLUSDT,USDCUSDT,TRXUSDT,STETHUSDT,DOGEUSDT,ADAUSDT,FIGR_HELOCUSDT,WBTUSDT,WSTETHUSDT,WBTCUSDT,BCHUSDT,WBETHUSDT,USDSUSDT,BSC-USDUSDT,LINKUSDT,LEOUSDT,HYPEUSDT,ZECUSDT,XLMUSDT,WETHUSDT,WEETHUSDT,USDEUSDT,XMRUSDT,LTCUSDT,CBBTCUSDT,HBARUSDT,AVAXUSDT,SUIUSDT,SHIBUSDT,DAIUSDT,WLFIUSDT,SUSDEUSDT,CROUSDT,USDT0USDT,SUSDSUSDT,TONUSDT,UNIUSDT,PYUSDUSDT,DOTUSDT,MNTUSDT,MUSDT,CCUSDT,TAOUSDT,AAVEUSDT,USD1USDT,BGBUSDT,NEARUSDT,ASTERUSDT,BUIDLUSDT,ICPUSDT,OKBUSDT,USDFUSDT,ETCUSDT,XAUTUSDT,ENAUSDT,JITOSOLUSDT,PEPEUSDT,JLPUSDT,RAINUSDT,APTUSDT,PUMPUSDT,HTXUSDT,ONDOUSDT,KCSUSDT,WLDUSDT,POLUSDT,PAXGUSDT,KASUSDT,HASHUSDT,SYRUPUSDCUSDT,USDTBUSDT,BFUSDUSDT,QNTUSDT,ALGOUSDT,RETHUSDT,TRUMPUSDT,RLUSDUSDT,ARBUSDT,USDGUSDT,GTUSDT,ATOMUSDT,USYCUSDT,WBNBUSDT,FILUSDT,BNSOLUSDT,VETUSDT,FLRUSDT,FBTCUSDT,RSETHUSDT,XDCUSDT,KHYPEUSDT
BTCUSDT,1.0,0.8676732312349746,0.20808151321029048,0.7922636924750489,0.7756078512220789,0.7137715489868007,-0.2761405371717184,0.8082992396386881,0.868081589255839,0.7533969925013715,0.8361837466405554,0.46824598517649446,0.8918132650633412,0.8617430034805892,0.9643725080103283,-0.10873285170733306,0.8732236330260426,0.3369021845328279,0.314636094499233,0.8274573599510368,0.20004812619524454,0.5131300281150903,0.23166828120668406,0.7751412519665366,0.8722055353698555,0.8674868637579242,0.16733496966163774,0.5653337761520062,0.8677170698560067,0.9566567666200654,0.7403087779288068,0.7396083486338207,0.727281091579111,0.715560218107992,-0.1907872905806222,0.09595893419813012,0.07236870772423558,0.9146630792907533,0.15052592631825057,-0.010963412041078214,0.7042049409374057,0.7645471765012422,0.21108297565339507,0.621611511070728,0.691456495503844,0.48879144787681433,0.5778651870464174,0.7325881711511181,0.8244597745966562,0.20124183240322563,0.5089641968092286,0.717836720731595,0.649003904678512,,0.7602400100799211,0.777540178550596,0.10859855213352844,0.7634046152648534,0.47587770459718054,0.6622517106347837,0.6990143846368976,0.7315667416185245,0.7907915695732958,0.2735246230498211,0.5291071168525798,0.508725983410538,0.841325792499802,0.8172014368601367,0.8492634244265406,0.5131941053510988,0.6939385784097052,0.42138099078316743,0.5698109499656652,0.39682901007196375,-0.15485984820366247,0.028417816394683108,0.18415228948963505,0.4789836920849084,0.8499454323768395,0.8599721692645407,0.5897543370372765,0.41530090327519253,0.7534077421912456,-0.17251030537513615,0.8266715105427813,0.19695689390187154,-0.6448687395456932,0.7816988973743756,0.5975001855838665,0.698679766532603,0.8647394800187475,0.7713667490701163,0.9373414493005681,0.8723944776209304,0.3135910440711052,0.5244194402235388
ETHUSDT,0.8676732312349746,1.0,0.22482078680220155,0.915157245310321,0.8507505451747113,0.8509949491776425,0.015374818570277556,0.6995699440565774,0.9868993965472314,0.8222615465301675,0.8936575341496827,0.43157973886380574,0.8833533854670302,0.986138012782274,0.8672865463235028,0.06967894554530327,0.9888284048319499,0.27596797905791287,0.4481735293722683,0.8382364611339407,0.5687879137551926,0.48522219075361456,-0.07717197410322986,0.6911623908905181,0.9879377053924492,0.9882492909398121,0.06003551771554548,0.5193936593778324,0.8985147122713455,0.8770357107490864,0.5076146204499447,0.9068475490791031,0.8954268177770497,0.8941685595810048,-0.21464412402898744,0.13672921548965597,0.035876285590934774,0.8475218214379934,0.36768838272843085,-0.19696759485445398,0.8691088227824791,0.7745556073429324,0.10694798435036013,0.7231084876047685,0.580673156307193,0.38703067375043426,0.7617640960731551,0.4689012622834494,0.9160174574084509,0.21106984203366846,0.5356470362266128,0.6984769288186369,0.6995174870506496,,0.7480084306954092,0.8075289660752073,0.1865144473573032,0.9132380354321891,0.6254511219926732,0.833553223060068,0.8418335610156733,0.8957397200092975,0.8894445852438148,0.6014586672143086,0.469081061858532,0.7319824227078171,0.8823106161075586,0.8607218072153155,0.7997709901665201,0.6351561011230883,0.7689553689361976,0.6127176666753328,0.6990164020029869,0.24022245736546746,0.23865368351011892,-0.10915519921600432,0.12507809331751812,0.4625713500460304,0.6483131015864635,0.9860024916190554,0.6910178129576424,0.14664596521350232,0.9214924650339246,0.054686980269334176,0.8432892555263285,0.232516016712305,-0.5877258582072514,0.8560963453717507,0.6537293394178015,0.8451055198636679,0.9665826420638869,0.7041978610712865,0.8379453947587757,0.9891670742546881,0.5934671671714946,0.4637888626514774
USDTUSDT,0.20808151321029048,0.22482078680220155,1.0,0.2886807801663209,0.014347230930701525,0.040161072609547,-0.18738923883122047,0.02575113995687319,0.22307076304879853,-0.044924795582686805,-0.06164145554544004,0.5422635296755737,0.4479409414929799,0.21602188522157365,0.25044838840012557,0.7345664544228085,0.2033553600331693,0.48699773820660475,0.815191567907035,-0.1713139845883334,0.31774991456403645,-0.26566550981956805,-0.611029531764524,0.27633531474024237,0.22856731721370882,0.2373275994379109,0.6590209286644545,0.41246386490792136,-0.0831879216090757,0.2000581391463312,0.19145403105914857,-0.08499984530360549,-0.02380137164336563,-0.05054458649235022,0.34542995332057236,0.7970603354582819,0.7400513041023326,0.25490531854601994,0.6476357887690487,0.3697550117117232,0.1548365164521428,0.21570316611861023,0.4013578968537864,-0.2902794696453538,-0.3568408146787088,-0.01519177369595015,-0.05755326932476151,-0.14758322365569007,0.07709012099093852,0.6551005078188805,-0.0470120539864947,-0.3387099187970589,0.3378000177838337,,-0.19000956004440475,-0.08184350482081294,0.8973729675144483,0.4805529534359887,-0.04190171017244091,-0.039964238676277956,0.02856348408672078,-0.12927051432835074,0.10238587960686302,0.14928636991815045,-0.5472048640803497,-0.23063063413611265,0.05960580090029046,-0.14747717305058322,0.4932105176237409,-0.41332269108699043,-0.2330519696817148,-0.05501957901705649,0.11721357899257351,-0.27289714903085516,0.34384464375554946,0.6089404413212937,0.8438490393379556,0.09384374851784774,0.028522475829448213,0.2310973503503205,-0.22702358340625842,0.38201846829467406,-0.06798378967726579,0.02486927937229536,-0.09845351046295689,-0.6756769019912077,-0.21073465066711314,0.008604902081313036,-0.2738243796086551,0.010112779353133894,0.12796729222415176,0.15918042579930827,0.3139025873611152,0.23974367255380874,0.513899465281455,-0.2813099351527072
XRPUSDT,0.7922636924750489,0.915157245310321,0.2886807801663209,1.0,0.816872172956437,0.9325959183887373,0.061494674553922636,0.5519841481993295,0.9182891236320901,0.8688910630998091,0.804814061344295,0.2847497223040627,0.7696761842490026,0.9253046065481852,0.7973081137288057,0.07033624050526245,0.9129232605423896,0.30097499349269513,0.3714490399706207,0.8205599514579646,0.6984403945095456,0.5601732325381117,-0.06039076459536778,0.8255977848390379,0.9087947910619201,0.9206831482866651,0.022852555165538687,0.5047558883596639,0.7862540172808367,0.8050393013609006,0.6232802775485886,0.8749159109342673,0.8892440205379426,0.8856778824749196,0.07881690493446132,0.0954859002300622,0.1353255616953253,0.8821981183288357,0.3314569051700304,-0.09611091408508098,0.6420652402846911,0.6157518641668092,0.2978182795278127,0.5670015565515802,0.4665836345936194,0.12346707702887805,0.8383784323128515,0.49536948117907126,0.9313480581094947,0.31904143378603544,0.4785492376620077,0.4922233774327873,0.48166606810339113,,0.6273291294335533,0.7243404973592645,0.21260850376570886,0.849261441772189,0.744643961103152,0.8359757285303308,0.928777340035134,0.8499049362946798,0.9480541683250007,0.7055989583002483,0.36301393643861846,0.5898275279916533,0.7353499891930911,0.845129917258306,0.7547773910467725,0.6244087313684424,0.6881957372310413,0.6458818855191623,0.759008760901499,-0.07596800795805499,0.3433622561400826,-0.17070705831909622,0.18586749127404292,0.4865216622681738,0.6688886252728489,0.9205328090205276,0.5900836832786341,0.272513356587047,0.8614495982592193,0.08628353318411495,0.7750068076087623,0.2104317492305792,-0.3654440373816672,0.8161997119235394,0.5844403472654468,0.923449998222662,0.895342977405678,0.8525343205124035,0.7242484314133918,0.9195816861192553,0.7033333428034506,0.538352391378388
BNBUSDT,0.7756078512220789,0.8507505451747113,0.014347230930701525,0.816872172956437,1.0,0.8530336082353396,0.24990590843592955,0.7734432793198059,0.8518409581556137,0.938758345664225,0.8614780570803595,0.005816080236640762,0.6611014386029092,0.8609009122698271,0.7570150045112811,-0.09910541939548387,0.8518710036349563,-0.05689649299843404,0.11355320733165482,0.9087351168976349,0.5275351605764398,0.5293839093483383,0.1724023958277898,0.7177460690674862,0.8454882150056846,0.847364283696618,-0.22271210141948566,0.6020434819262338,0.9310425674159747,0.7933098675657917,0.5879312408168915,0.8924036432001436,0.8204936410685594,0.9172774902818364,-0.01977797398709497,-0.17983232596140938,-0.1743983440846316,0.8457829545498988,-0.024042300598088474,-0.15953601787086677,0.7073425873330152,0.6548316934233803,0.03602061945905021,0.7720953225934384,0.68180803807542,0.12169906829519837,0.7516136162719327,0.6357355655804965,0.8373587099282277,0.0284589533448025,0.7461316742154005,0.5996944546881402,0.3882452051218031,,0.7568781140293213,0.89846543545943,-0.019413580638077528,0.6861956407206631,0.4066181615439279,0.771948974284678,0.8480649968258502,0.8414790888057732,0.8609587870533798,0.3476929881709779,0.6835766679780952,0.5528820050343103,0.8941272403201934,0.9238300170495634,0.6237598968263492,0.828842739813817,0.9143275789774954,0.30909972791413187,0.5783280498340736,0.13771191073263042,0.0802221320463749,-0.3805409450180674,0.0038133811147763683,0.5529597001011661,0.7840797789433448,0.8483862927389081,0.8699529899990686,-0.0059133106888842515,0.8755343668507599,-0.1925605608593331,0.9639563329135888,0.5690878379481379,-0.4302396998179489,0.9677886669214335,0.8762992617918948,0.8533923699865692,0.8843430099473562,0.7022191692404511,0.6369918942268923,0.8505429080145638,0.5260144559103654,0.5315533883669649
SOLUSDT,0.7137715489868007,0.8509949491776425,0.040161072609547,0.9325959183887373,0.8530336082353396,1.0,0.2039230894691647,0.5650422581612167,0.8555850394025679,0.9252598872940888,0.8330319998696324,0.06147671747145799,0.6271614972517832,0.8676828245834545,0.7071215129695152,-0.14154668106156154,0.8528915167531572,0.16554614986591157,0.12079642343142254,0.8821342205904421,0.6751599482697563,0.6968594777593722,0.11155006451309096,0.7694920867887833,0.8397214271520363,0.8543430561869098,-0.18556464904040412,0.3626763490070139,0.823311821628337,0.7318915389593664,0.5642863899729242,0.9329040966827711,0.9316711080598116,0.9453009984319104,0.08882551492175836,-0.1964072761993187,-0.1099015283635511,0.8092596739624582,0.13823383058933492,-0.1984088692544829,0.5834344695694539,0.5704658862310386,0.2572520321067165,0.6728527517201197,0.5197096538857622,0.07594600533331382,0.915654658076297,0.5508944724321119,0.8969843634131023,0.17727336373528849,0.4817607941448424,0.5435777223820798,0.3652745220527544,,0.7178286436857331,0.7347533591695575,-0.02897839930657126,0.7157725105502367,0.7543562773790047,0.8775130621615067,0.9666338716889799,0.8955063976015598,0.950833144136005,0.6767268750780052,0.545808981539999,0.6539146557380868,0.7360280955549532,0.9148422471872796,0.6309800340604359,0.7729260209945051,0.7780237176951794,0.6335663393753673,0.7417672893160369,-0.07621513548849675,0.25933479117340963,-0.3689674229492649,-0.048656418253784375,0.46518908527507896,0.6755256622907556,0.8563328286951208,0.6916403459828633,0.16212047628552773,0.9020540969256776,0.09227856319778271,0.8285820017516963,0.45812200263665515,-0.2070659670232757,0.8508526158967564,0.7355901093027298,0.9649824297668054,0.8685393819881057,0.8437101809027311,0.5938266770977332,0.8525225468107258,0.5797366353974372,0.6789950671769772
USDCUSDT,-0.2761405371717184,0.015374818570277556,-0.18738923883122047,0.061494674553922636,0.24990590843592955,0.2039230894691647,1.0,-0.07227928682083411,0.015979383991418624,0.22733142338725917,0.03785370265142972,-0.5557509020616745,-0.2695244100750979,0.03641206893440827,-0.3008794473979073,0.12232137873025341,0.006616196350329284,-0.45617522599911475,-0.14721853729496606,0.06492741567890933,0.5490992294495141,0.008189109671493217,-0.2318888467371417,-0.12031190690779643,0.0011294793987036583,0.013158754446832009,-0.46767901055326816,0.0034134870569086837,0.07169933567743902,-0.24402196513028096,-0.30638361988990614,0.23283779090876425,0.16805676901331862,0.3000421153281624,0.24170706970140837,-0.30172884667700556,-0.3049600762485296,-0.13615496232437396,-0.08315455576020499,-0.230670186745655,0.07478294865844143,-0.09895720050272475,-0.20167184759894555,0.21519857932791883,-0.11859775551279624,-0.4663186039901055,0.2755859251011712,-0.24686498905180898,0.007805394209913823,-0.1468400050332231,0.25484142329422693,-0.18569381651857902,-0.261677097899466,,-0.001682983467412823,0.115142562213611,-0.06653113300605146,-0.02134751111140453,-0.06262483487145942,0.18044027751182243,0.2170398973670661,0.16629686763856014,0.10515355305408862,0.20153935260124572,0.14081849549273978,0.12889985823822891,0.0826039739712506,0.11859843838894422,-0.26409423252538705,0.38650541230750807,0.26921714414399517,-0.09721097308300225,0.039716654142721734,-0.39112471194279697,0.4339685206136939,-0.4956337347421237,-0.19540144029393938,0.054943554566794645,-0.18042848068711229,0.02490531665985624,0.3658886557583998,-0.5981911692648608,0.19547734312779122,0.08523081090601858,0.15171323221535446,0.4376875856550692,0.3166862066892262,0.24173903087287874,0.3641011690515767,0.22422654554360594,0.05266658995183642,-0.1253571983259398,-0.41148152788005354,0.009797872220893247,0.35925555368755474,-0.016744407655629866
TRXUSDT,0.8082992396386881,0.6995699440565774,0.02575113995687319,0.5519841481993295,0.7734432793198059,0.5650422581612167,-0.07227928682083411,1.0,0.6993936650733361,0.6840912357993224,0.7683624846440652,0.2408736426568556,0.7347334774327763,0.6951483096365703,0.8013368467615944,-0.19963733016893614,0.7042956751545287,0.1690500222097308,0.14397477452800875,0.7387986829901619,0.07108264924633445,0.5084819066569042,0.3340349006471579,0.5784780096857072,0.7005426398894575,0.6963702770101236,0.06194194058369429,0.4521233894027137,0.8502638941908791,0.807166863373377,0.5640658346876741,0.6601091121545924,0.6100692730297207,0.6523876063045065,-0.1291574573145933,-0.14720420720583513,-0.18339063798880084,0.7234070895171657,-0.04622217498931912,-0.03733716538674937,0.669086423360291,0.7791800667608223,0.15891413342631142,0.7057491379322701,0.6262296998383547,0.48826317654356594,0.4812771086734229,0.7251052005718134,0.573789836604218,0.09997349938405359,0.5042162654380017,0.6611657946965293,0.5865930286576629,,0.831243170248781,0.7043796398781552,0.005145394695280833,0.5777745556731605,0.1510752173539233,0.5365917297191718,0.5499318170160787,0.5984004307856138,0.6214074126242384,-0.022566570238882276,0.6867063750660559,0.4356030251436404,0.8648799307000247,0.7516461857602501,0.730639886983923,0.5275775263805885,0.7253622320276302,0.09535621031523786,0.36232312562840024,0.46924598059695594,-0.36126882265769134,-0.023015194477039733,0.07859992513380043,0.40527034712469623,0.802228877098135,0.6886738344205866,0.6962962819078355,0.23453128874059154,0.6608873686404302,-0.27850155984948705,0.8324918867485804,0.4104613057840845,-0.4826353133417245,0.7758581932039929,0.7811325583157152,0.5543444479132154,0.7420161157600077,0.5804017226732948,0.7435364937212676,0.7040784793640376,0.09458711196863193,0.5333305061123867
STETHUSDT,0.868081589255839,0.9868993965472314,0.22307076304879853,0.9182891236320901,0.8518409581556137,0.8555850394025679,0.015979383991418624,0.6993936650733361,1.0,0.8257455834781563,0.8948792094696819,0.42803111906144575,0.882250494375701,0.9862714218240964,0.8678207161734177,0.06454734460461192,0.988660600861971,0.27932393130088623,0.4437083100535421,0.840884094617633,0.5707118498463619,0.49331517646685896,-0.07240976770327905,0.6957944476992441,0.9874805553147323,0.9881972213985893,0.0585917521763127,0.5153129363965275,0.8989201297219906,0.8774920139349716,0.5114642213134207,0.9092379477877862,0.8988745122492446,0.8967667669055192,-0.20762661228369286,0.13057055592771596,0.03408274812017697,0.8493945444153782,0.36554010249798735,-0.19606350395049438,0.8647284889722973,0.7740190119051008,0.11492996406320326,0.723142206957912,0.5794503020400167,0.38445629092015177,0.7672707405798328,0.47333891138663337,0.9174675740206827,0.2142131553332362,0.5322087930979099,0.6973632006178474,0.6967330002175128,,0.7508109632291966,0.8060017435505366,0.18370635470628882,0.9122738580064523,0.631204211894577,0.8365616091680163,0.8465360584837849,0.8973223180355896,0.8933300933384625,0.604650317094719,0.4712533823226454,0.7322668196609565,0.8812852664188622,0.8638548359556699,0.8012525770220874,0.6371607530658077,0.769275217201549,0.6158934375986684,0.7023038862055887,0.23481096245731378,0.23730308438200104,-0.11122074423355949,0.12326839309206819,0.4627317298665056,0.6515612351801788,0.9859492848965927,0.6906279496057113,0.15231045837980406,0.9229179334028919,0.05694506220616517,0.8442313467341717,0.23558587121315444,-0.5801388530405529,0.8570049114486608,0.6562503224475881,0.849602404286528,0.9670829646279733,0.7110283272623342,0.8370319909826678,0.9890681410152002,0.5924708172255776,0.47196004737177183
DOGEUSDT,0.7533969925013715,0.8222615465301675,-0.044924795582686805,0.8688910630998091,0.938758345664225,0.9252598872940888,0.22733142338725917,0.6840912357993224,0.8257455834781563,1.0,0.8509547057850216,-0.07026840306135966,0.5898780016140139,0.8385278190633064,0.7354396076857452,-0.21238640399969405,0.8254071445527286,-0.03150737320417866,-0.006816422962993986,0.9470761079051545,0.555158152927014,0.643816529187616,0.26655496914087357,0.7922053343875897,0.8132684572186629,0.8205867244734923,-0.29080385586600493,0.5206925441141395,0.894475420330543,0.7718631169025431,0.6599217884970537,0.9115670135893759,0.8607007882941347,0.9348189794704861,0.061762729157422404,-0.277413168590419,-0.18486395702226718,0.866697200198824,-0.08130758746828481,-0.15900748297648976,0.5781305166178893,0.561213813941159,0.12394983964054698,0.7239999078394049,0.6830819907843354,0.03161361113477178,0.8324514761028415,0.6876112302661926,0.8861652145065875,0.030860919665613027,0.683451508602279,0.5771709995994158,0.27183028449493213,,0.7366798838280447,0.8656598993948732,-0.12225035403618462,0.6302648155208016,0.5689237511552734,0.8158345396902359,0.9243028798767438,0.8704091017509359,0.9185910292448178,0.45147644827417555,0.6838551425157678,0.550728312809455,0.8080557351813186,0.9577982598452215,0.5799943775298531,0.8667390124154633,0.8901272421083001,0.4301360396145726,0.6473885405764072,0.01963131163652826,0.10055794813754647,-0.46383948675246955,-0.07394868405847234,0.5522058683070649,0.8072728714306852,0.8228444816611897,0.8146154495514074,0.08206313115397158,0.8803020593894961,-0.13387815596513664,0.938088928657893,0.6022902399197787,-0.3071813640974466,0.9380080226527261,0.8424552834459961,0.9263680796831184,0.8615699376206039,0.8145856854118322,0.5947601447399073,0.8217208471647321,0.5208348033769046,0.6451089080379087
ADAUSDT,0.8361837466405554,0.8936575341496827,-0.06164145554544004,0.804814061344295,0.8614780570803595,0.8330319998696324,0.03785370265142972,0.7683624846440652,0.8948792094696819,0.8509547057850216,1.0,0.24430688596259328,0.7580175505128954,0.8960427893737614,0.8243074009351495,-0.23407336330410744,0.9024516316424627,0.16689764124613887,0.1429377910979181,0.9093237226556758,0.389046057720383,0.6437725269055626,0.22075500951558646,0.6454942216784887,0.891801143238486,0.8915464278737637,-0.11483943237962432,0.3712144597374558,0.9456855929005503,0.8452448191411454,0.5140668651605965,0.9207046927872359,0.8927741537209765,0.8986245879104966,-0.2539425738856307,-0.18404064316113414,-0.22719206772898098,0.7919582875356992,0.09741937299223928,-0.2626888897733807,0.7824370436545864,0.7477502573877407,0.07819292070529084,0.8244081836840691,0.6997949535802914,0.4272795363092727,0.7764407996761976,0.6214732543118074,0.8561719493738693,0.04090067274762053,0.5233518005139274,0.8070838792780519,0.5989708874839724,,0.8732849956616757,0.8181264093396811,-0.11417272028601815,0.7318761808940515,0.5936009983784446,0.8270492890531614,0.8258204718915814,0.9037317945582968,0.8565869421454678,0.4581087923419274,0.701318292450778,0.7587831328278842,0.8867830007202065,0.9277682301138536,0.6970447322539379,0.7513830417563069,0.8465295546188973,0.5573115451907713,0.6390794265230948,0.35069374395056524,-0.006594693708788681,-0.26031864497417523,-0.12524158452029935,0.43791732285811164,0.7240402772409901,0.8892697489823318,0.7690312002773869,0.12082165403890303,0.9214171168395415,-0.008274882854430734,0.9017007795421342,0.4809533029298074,-0.47452238422957793,0.866728100423151,0.7961482527926396,0.8329394707674017,0.9179560997950263,0.7076742274714579,0.7625680170705998,0.8931518240142671,0.33874173061886126,0.637395479585713
FIGR_HELOCUSDT,0.46824598517649446,0.43157973886380574,0.5422635296755737,0.2847497223040627,0.005816080236640762,0.06147671747145799,-0.5557509020616745,0.2408736426568556,0.42803111906144575,-0.07026840306135966,0.24430688596259328,1.0,0.6924047278266768,0.4043209690667747,0.5063776714307544,0.3479684216440154,0.43039763147470617,0.7271520500205809,0.7687489550238965,0.024678986263647465,-0.02650034200375746,-0.01778746306425229,-0.36344930635076017,0.14953251538115542,0.4460250747605502,0.4393629979272043,0.7054824651015975,0.10242348445156942,0.17774931803021454,0.44607970513750866,0.0974850861034789,0.11538959147812972,0.20569929400659862,0.05153491633464631,-0.3345212686397106,0.663079400765602,0.44185802442696603,0.2548011803073193,0.7177130619289851,0.06833935377637634,0.5002563173900987,0.5259935279698545,0.24816081859087882,0.059006140049151924,-0.029747893189362575,0.696607923877785,0.02523253824097879,-0.02904938457845808,0.227669815708062,0.46346671818815777,-0.22021203053327137,0.31562318360933844,0.8146644911252745,,0.217987709007218,0.020784416770460622,0.5397305900688809,0.6040671099520143,0.2454781116048786,0.15083025985916726,0.043188996696246006,0.14908402344194824,0.16361669892382508,0.25067319412415223,-0.23585616981749896,0.3030244541321818,0.2711039051031709,0.03822280646590488,0.6461697696722939,-0.33320461088792985,-0.10457033871324085,0.3788121807745956,0.22776924127934411,0.3937954762661857,0.040350370707355476,0.6781682020580564,0.4456816506411002,-0.03117772250467615,0.06497265631599218,0.42742057738030514,-0.15699797263006854,0.45995754957965757,0.17973672251908984,0.2320244698902002,0.016865190911511587,-0.6049418414577639,-0.5164829575189371,0.013882051959759851,-0.19900122169345527,0.03796186985121205,0.34086764758307064,0.1553945978967125,0.6684904795028884,0.4409789461612947,0.10165555721738667,-0.03989182635092039
WBTUSDT,0.8918132650633412,0.8833533854670302,0.4479409414929799,0.7696761842490026,0.6611014386029092,0.6271614972517832,-0.2695244100750979,0.7347334774327763,0.882250494375701,0.5898780016140139,0.7580175505128954,0.6924047278266768,1.0,0.8709453822939413,0.9114194359859196,0.18009246421788763,0.8820366450091327,0.5598774392000304,0.6492895577583786,0.6296824760280416,0.3149964102435212,0.3892963244707019,-0.11748961452383536,0.6421023600767827,0.8889222116133636,0.8883682391731724,0.42271068494037367,0.4790733587913841,0.7573306010630131,0.8855172975119726,0.5233453600510499,0.6736083597361225,0.7005966808055564,0.6472643427904575,-0.17467016612456476,0.3580291201338183,0.23153001286081193,0.7848672585360502,0.5073591016591166,-0.0014577282010436157,0.8122368425381019,0.8557138334466877,0.3102080811023518,0.544625663663321,0.40866683180936914,0.6006637280657054,0.5310130738976111,0.4643382085650801,0.7135919972585065,0.43009023158764337,0.30699542237081057,0.605588853585731,0.8702607039577085,,0.6960971896826711,0.5948368257466281,0.4207571454566673,0.9099430872621712,0.440461472229286,0.6204545668499026,0.6091597934662144,0.6479973890007393,0.7113841873566689,0.3814398665749754,0.2876437986379917,0.5507588534691333,0.807184748168052,0.6547053239277325,0.9528556833478244,0.28057497180239876,0.5209362325509997,0.44887163282433995,0.5562366735268559,0.35793396538551775,0.025567980444438795,0.29696052553995866,0.3855362742339504,0.35390940983979224,0.6278433327518743,0.8788383685300987,0.45278639072012683,0.4262439978630607,0.7028241799972199,0.020443943256578587,0.6658980696791403,-0.07693314270788729,-0.6274290680786139,0.6655362237030756,0.45975635145216487,0.6059819252421469,0.8433084039958784,0.6421290024529412,0.9426092638589691,0.8924633136674618,0.40345463454734815,0.37934578929954
WSTETHUSDT,0.8617430034805892,0.986138012782274,0.21602188522157365,0.9253046065481852,0.8609009122698271,0.8676828245834545,0.03641206893440827,0.6951483096365703,0.9862714218240964,0.8385278190633064,0.8960427893737614,0.4043209690667747,0.8709453822939413,1.0,0.8607652341508096,0.06083964512052801,0.9876870345593727,0.26559718636220964,0.43052681752014543,0.8479323465921462,0.587854941225344,0.5010981196153949,-0.06957171982156214,0.7026132223812867,0.9860411693746062,0.9874612289036123,0.040554159812008106,0.5169766240938131,0.9006530158900872,0.8721207734795625,0.5143287012621279,0.9172286729692997,0.9055436195782338,0.9073221674900798,-0.1904379235883371,0.1154977922332284,0.026814739374202493,0.8519705500918204,0.355086788970005,-0.19843689106877002,0.8569241406400128,0.7653432716196121,0.11658862508447124,0.725630735874491,0.5790656519160714,0.36141368908959803,0.7800887776636017,0.4755738156808047,0.922409378383478,0.210813133323704,0.540954641969105,0.6886737843968763,0.6787092393577148,,0.7496466653291218,0.8108016498626444,0.1765516832251648,0.9079433078024822,0.6367659610666397,0.8440186634829706,0.8592150071213939,0.9033167635790378,0.9019844050844481,0.6126681958919248,0.47706889540428693,0.7306789023994869,0.880183292257202,0.8717067198437255,0.792892604582068,0.6524982412466023,0.7779702692461188,0.6156666479028927,0.7076542041108861,0.2140978102580516,0.24812202966529434,-0.1315319322230938,0.11656296663468704,0.46856001275875264,0.6543659170832621,0.9856085996879861,0.6999487182464393,0.14335120960848957,0.9284832659289616,0.056499563794099227,0.8505698742591382,0.2520725333422817,-0.5644146152504681,0.8656560775646502,0.6672180018219848,0.8621692053328176,0.9681049640633257,0.7185593718355157,0.8241604879813508,0.9881910247630108,0.6043173513194253,0.47954638874655375
WBTCUSDT,0.9643725080103283,0.8672865463235028,0.25044838840012557,0.7973081137288057,0.7570150045112811,0.7071215129695152,-0.3008794473979073,0.8013368467615944,0.8678207161734177,0.7354396076857452,0.8243074009351495,0.5063776714307544,0.9114194359859196,0.8607652341508096,1.0,-0.08188439857107066,0.8719528674333668,0.3874948919843529,0.35397816118919345,0.8056424434074009,0.20245193415377505,0.5124566318943212,0.20611264238177007,0.7817274058656407,0.8717231403563892,0.8682251344518962,0.21527063326238952,0.5559819024007175,0.8498048733544187,0.9586251828310535,0.7425169002360099,0.7248588744953556,0.721813514051004,0.7003363694303698,-0.16790673179877644,0.13069156543305785,0.1083321847696068,0.9135440761095124,0.19121824409369262,0.010612886875495428,0.6988584682823377,0.7751073620672537,0.25489974067571197,0.5973766754462208,0.6552470921532225,0.5025579834141526,0.5727399520786928,0.721964214913315,0.8138331420931919,0.24837170936767,0.47219266631210727,0.6974798478258329,0.6725076091425208,,0.7525889525366635,0.748039282562746,0.1521985297879457,0.7802711533067008,0.481868414565596,0.6537244092717459,0.6917188115535631,0.7139535071223614,0.7872889282008487,0.28272085650278167,0.49382573040930966,0.49770026589374605,0.830199076400154,0.7984950654562998,0.8771691124325592,0.4727232937811654,0.6619863848573597,0.4268820170631068,0.5729383471138916,0.3831072346341277,-0.1496700354311405,0.07674864135218772,0.22406956764810432,0.46658747051380617,0.8418642460533692,0.8600492578197813,0.5573167162996417,0.45642209851963295,0.7390291882253868,-0.1539204218105777,0.8037137881540554,0.15072752210411627,-0.6355273216957674,0.7625463219906813,0.5714471444502842,0.6899374911924153,0.8596925782449248,0.780379967914824,0.9501330882177162,0.8731262097018354,0.3171689501769175,0.5227252102804123
BCHUSDT,-0.10873285170733306,0.06967894554530327,0.7345664544228085,0.07033624050526245,-0.09910541939548387,-0.14154668106156154,0.12232137873025341,-0.19963733016893614,0.06454734460461192,-0.21238640399969405,-0.23407336330410744,0.3479684216440154,0.18009246421788763,0.06083964512052801,-0.08188439857107066,1.0,0.046259006269229894,0.14695354004466915,0.7834748165361781,-0.36854028233507413,0.42612956358213766,-0.570751647762589,-0.8605006540009236,-0.07982332222569556,0.0754767068903524,0.07708996307529775,0.44796088601666045,0.35841632079403485,-0.23930823298005488,-0.1049734071840502,-0.2101285072638681,-0.1880543605692054,-0.1741342628919968,-0.1405104740944857,0.19655386208679337,0.8079476760829982,0.6251698914665972,-0.051138864850206606,0.6453904626783276,0.19794004669844117,0.17045168434620256,0.0159983109181011,0.012763948720814265,-0.3171115645716816,-0.47315213446247106,-0.19068961964921563,-0.2006213207100809,-0.5315415445647768,-0.09461367337126049,0.41718857678703136,0.02047888873577869,-0.46336112755597936,0.18671431469628427,,-0.4163622860659039,-0.14768327872859077,0.852697168966374,0.33635928311333657,-0.24120656939372812,-0.15592374548077287,-0.14693168296977857,-0.21488843764479987,-0.11614304230502671,0.1470284108538526,-0.6470950521427516,-0.22340135781066855,-0.06909457625266978,-0.3400105448942047,0.14429327258579414,-0.39850768986630725,-0.27578556990469844,-0.16873991983569,-0.04300975654228189,-0.3174404787806561,0.6003052496052987,0.42988752362413,0.6961712056305919,-0.0020614767985901563,-0.3332964189860912,0.0775089941761599,-0.20650003195806546,-0.10958712658924703,-0.15771131272479763,0.08070786481345013,-0.24402313205677723,-0.6211589990789066,-0.18231749886458154,-0.10220150971387301,-0.34929502047815747,-0.15512439330601518,-0.03334510406425486,-0.24037860120098797,-0.0060902529843777755,0.07737242151195424,0.5953936175514914,-0.6045993854854865
WBETHUSDT,0.8732236330260426,0.9888284048319499,0.2033553600331693,0.9129232605423896,0.8518710036349563,0.8528915167531572,0.006616196350329284,0.7042956751545287,0.988660600861971,0.8254071445527286,0.9024516316424627,0.43039763147470617,0.8820366450091327,0.9876870345593727,0.8719528674333668,0.046259006269229894,1.0,0.27158996361111887,0.4306642055841047,0.8489380371974571,0.5543013297815658,0.4959549752830371,-0.05668552246674911,0.68914969892445,0.9899046334253706,0.989635679139859,0.04849445701497939,0.5103271901915254,0.9069147838939716,0.8823329909918145,0.5096735092293224,0.9130603532703181,0.9009708355360814,0.8976636347262991,-0.23488072818493202,0.12048325827584325,0.019209389349952356,0.8483573415203617,0.354315358229371,-0.20741614295201863,0.871630263603897,0.7757808101816267,0.09668112880228412,0.7343067889088749,0.5990117370268304,0.400402252268569,0.7647465233357639,0.479405529290176,0.9220367122768716,0.19425348990371832,0.5365591250604791,0.719518707376685,0.7007877717082561,,0.7592163412430364,0.8147829842010419,0.16133768903634316,0.9072724112743675,0.6348802978195801,0.8389107554931137,0.8437902382336413,0.9051950981176293,0.891591782403142,0.6006312492412488,0.4861645710940331,0.7449834489588437,0.8858341197592037,0.8697518858079774,0.7951241742982937,0.6460283282429871,0.7772522466885781,0.6241695825285825,0.7010449372840628,0.25885971593926316,0.22444373130806733,-0.1201023349414027,0.10256673222835881,0.46169809162325937,0.6539211318846296,0.9873764745250577,0.6964760690933446,0.14544028839487155,0.9283594212380155,0.054890880257706484,0.8496451398360659,0.2460148291647893,-0.5937646752883505,0.8576693637770731,0.6591363840820069,0.8475965843166966,0.9700885989781194,0.7060134775025134,0.8430992205048364,0.990508911568258,0.5768600174074114,0.4750215420161636
USDSUSDT,0.3369021845328279,0.27596797905791287,0.48699773820660475,0.30097499349269513,-0.05689649299843404,0.16554614986591157,-0.45617522599911475,0.1690500222097308,0.27932393130088623,-0.03150737320417866,0.16689764124613887,0.7271520500205809,0.5598774392000304,0.26559718636220964,0.3874948919843529,0.14695354004466915,0.27158996361111887,1.0,0.5610993202944613,-0.015227359260183733,0.04231201080342844,0.3522368781375096,-0.1924406953188416,0.2570727686905189,0.27338768634478355,0.2931274758274795,0.7083329218915234,-0.23629170259242255,0.05848092855752432,0.31659404892132126,0.15182300912525243,0.10594313449389627,0.2635765596662215,0.06332201874321451,0.15988947902598463,0.3361210800570894,0.3459664010647621,0.18359081472896274,0.6413819661735303,0.16007200246257022,0.17975622508161995,0.46137240204542823,0.7562565126608523,-0.03272688809529933,-0.3068898324725951,0.5360103810535227,0.21811710666891057,0.08659766025588747,0.09523888386891387,0.7126629997469394,-0.5539401152684851,0.09260077979377239,0.6485108847019248,,0.29760200887707733,-0.24857835375351306,0.4815683390025875,0.46434682503953173,0.39027318428281227,0.18207724817549015,0.1529296708044681,0.06309559887545178,0.22073682751787754,0.31595654015739544,-0.21814273374548518,0.212287638620289,0.11742434092490636,0.046908577761061485,0.6770986926622441,-0.38211514025759996,-0.2298776836625045,0.3896458382503768,0.2818891207990133,0.04031074831078718,-0.05602610964910399,0.6815602526277384,0.4115906081307758,-0.12771726791618598,0.10279738759014952,0.28007280788872047,-0.27740573133243795,0.7476887500201771,0.11177605926071982,0.3845547171411702,-0.07351579341241203,-0.5081185757677312,0.049488966180171776,-0.06254350729363123,-0.1155384590925306,0.13448439625304298,0.22538109603721052,0.3885970917957805,0.4787025753062945,0.29282435165918047,-0.03361795783693428,0.33406875555456506
BSC-USDUSDT,0.314636094499233,0.4481735293722683,0.815191567907035,0.3714490399706207,0.11355320733165482,0.12079642343142254,-0.14721853729496606,0.14397477452800875,0.4437083100535421,-0.006816422962993986,0.1429377910979181,0.7687489550238965,0.6492895577583786,0.43052681752014543,0.35397816118919345,0.7834748165361781,0.4306642055841047,0.5610993202944613,1.0,-0.08084998300083691,0.4145347362326651,-0.23910549367661624,-0.7796142851924811,0.1591773962968706,0.45645835161263243,0.4589088197850728,0.6815876960391204,0.3404151952157359,0.10391540832598196,0.3089615299704975,-0.012555067456154308,0.1223614602797104,0.1837922042998924,0.12545877161516925,0.0048048617697916286,0.8548540332638428,0.6193356385284963,0.24030682296396885,0.8811466682003088,0.13684110914270256,0.5254402308904742,0.45670451195399975,0.23995499994691252,-0.02691510667779207,-0.28170489389664866,0.2947840502877952,0.06669457835780808,-0.27719853890279195,0.1971862980931621,0.6140883891937136,-0.043062750066531104,-0.048542029696414364,0.6850082624207656,,0.015899484704540397,0.02858561772494391,0.9023908060232045,0.7120743988340761,0.07823498942337072,0.14620219696087558,0.10635016235607125,0.09759074563944155,0.18871511506362768,0.345794807545293,-0.4477900795567015,0.1502291884110509,0.2712094697870525,-0.035226753654871934,0.6067582582589641,-0.31778111395088476,-0.0920105500345952,0.1765268587927594,0.22451100352482925,-0.013615694495832952,0.45889670512558145,0.6251912209192532,0.7275935903322072,0.05160984206975793,-0.06566325487233343,0.4523628691187179,-0.07410323329899626,0.21082132311228377,0.16963210837884837,0.2133102478985831,0.010217226108964021,-0.6528773904491897,-0.40755039360208917,0.11388575204257678,-0.1594932607598627,0.09724752085539055,0.3369271725339567,0.07593359250592918,0.47006358223547373,0.46010898331799593,0.5530211145300803,-0.2778992003752497
LINKUSDT,0.8274573599510368,0.8382364611339407,-0.1713139845883334,0.8205599514579646,0.9087351168976349,0.8821342205904421,0.06492741567890933,0.7387986829901619,0.840884094617633,0.9470761079051545,0.9093237226556758,0.024678986263647465,0.6296824760280416,0.8479323465921462,0.8056424434074009,-0.36854028233507413,0.8489380371974571,-0.015227359260183733,-0.08084998300083691,1.0,0.362408944308605,0.6774373729763256,0.4113495136115103,0.7520530863062395,0.8343694323091079,0.8334711969196541,-0.2993774199073791,0.46408207324468437,0.950107509138288,0.8395627660761803,0.6739311392600954,0.9176360928848755,0.8647188635443461,0.9096196523965504,-0.17062356114495936,-0.32370097029263883,-0.268756668215928,0.8695503178677677,-0.14428134373531054,-0.22083136621816363,0.629261129132174,0.6025149224791143,0.027697387466407243,0.791327515488913,0.8339171322263736,0.22690242582731202,0.7881311386561181,0.7624019474594778,0.9135650145751815,-0.08870228627783192,0.6672711536093837,0.7724372109917651,0.3530369118192559,,0.8169364409042948,0.9083934696231349,-0.27898274029839176,0.6019573858745131,0.607177004338276,0.8171526849993515,0.8789479207549751,0.9117024663480207,0.8943044399969655,0.39990810983778224,0.7842829335897425,0.6437416041725933,0.8390204971850183,0.9899121124790893,0.5786366784751319,0.8816092704773655,0.9160312274047961,0.5086093153771756,0.6354380511369389,0.25450118777151853,-0.056170273779231894,-0.4584812045995226,-0.20750174571230964,0.5287466984775122,0.8442967920417573,0.8339198202100283,0.814904401630262,0.11082232251974529,0.902710187939092,-0.14640693399278332,0.9605483661311459,0.6280340056153622,-0.4372560282991159,0.9134780045669343,0.8291755145216883,0.8856069802049317,0.8820795192065376,0.7938707909417764,0.6942443274376483,0.8350422572851369,0.34857039755970215,0.6843704781666542
LEOUSDT,0.20004812619524454,0.5687879137551926,0.31774991456403645,0.6984403945095456,0.5275351605764398,0.6751599482697563,0.5490992294495141,0.07108264924633445,0.5707118498463619,0.555158152927014,0.389046057720383,-0.02650034200375746,0.3149964102435212,0.587854941225344,0.20245193415377505,0.42612956358213766,0.5543013297815658,0.04231201080342844,0.4145347362326651,0.362408944308605,1.0,0.19473316747669564,-0.5474313167660096,0.37910719104304264,0.5555461542439988,0.5764985525408126,-0.11395971764653694,0.29048550473124735,0.35315805779712517,0.22998481434452805,0.051149026184039666,0.612173519700782,0.6206999733639124,0.6693492975051227,0.2947954739260388,0.15732535954480698,0.1420250596449592,0.37266646038110635,0.47214203876949606,-0.17476829688673276,0.42838635583601925,0.2448913714251513,0.13279645890924321,0.30083568920496045,-0.059806449540515554,-0.3161436113919256,0.673932925484468,-0.13616552390677378,0.5478914875568981,0.30168419068873653,0.3082119459084778,-0.020191600287818426,0.17103805105500136,,0.1794269205757225,0.35482623482696696,0.3764045558826514,0.6186554073453097,0.5013944152319265,0.6043346678527806,0.6827131588025939,0.5591343369819339,0.6168687862367117,0.7878494518647944,-0.01638611872346373,0.41732250061287424,0.36338498412680753,0.4316296808595575,0.3069609038634403,0.4383761341490737,0.3969786164789018,0.44675025422497283,0.540675808688117,-0.5131972853737541,0.8157463998205573,-0.26449365239665745,0.1889386396182048,0.2640250542480574,0.06778316069463695,0.5849866147253361,0.40355553003367295,-0.20319725616947423,0.5868607957862688,0.3017926873714162,0.37697468257961847,0.1119703308376422,0.02869682834265147,0.520015155135207,0.3554995048607974,0.6784542645667017,0.5321875452857375,0.3810465337079375,0.1257783358473097,0.5707821549126635,0.8909472585305134,0.14069388693696375
