,BTCUSDT,ETHUSDT,USDTUSDT,XRPUSDT,BNBUSDT,SOLUSDT,USDCUSDT,TRXUSDT,STETHUSDT,DOGEUSDT,ADAUSDT,FIGR_HELOCUSDT,WBTUSDT,WSTETHUSDT,WBTCUSDT,BCHUSDT,WBETHUSDT,HYPEUSDT,USDSUSDT,LINKUSDT,BSC-USDUSDT,LEOUSDT,ZECUSDT,XLMUSDT,WETHUSDT,WEETHUSDT,USDEUSDT,XMRUSDT,CBBTCUSDT,LTCUSDT,AVAXUSDT,HBARUSDT,SUIUSDT,SHIBUSDT,WLFIUSDT,DAIUSDT,CROUSDT,SUSDEUSDT,TONUSDT,SUSDSUSDT,UNIUSDT,PYUSDUSDT,DOTUSDT,USDT0USDT,MNTUSDT,CCUSDT,TAOUSDT,AAVEUSDT,USD1USDT,BGBUSDT,NEARUSDT,OKBUSDT,BUIDLUSDT,PIUSDT,ICPUSDT,ASTERUSDT,USDFUSDT,MUSDT,XAUTUSDT,ETCUSDT,ENAUSDT,JITOSOLUSDT,PEPEUSDT,JLPUSDT,PUMPUSDT,RAINUSDT,APTUSDT,ONDOUSDT,HTXUSDT,KASUSDT,WLDUSDT,KCSUSDT,POLUSDT,PAXGUSDT,SYRUPUSDCUSDT,USDTBUSDT,BFUSDUSDT,HASHUSDT,RETHUSDT,ALGOUSDT,RLUSDUSDT,TRUMPUSDT,QNTUSDT,ARBUSDT,GTUSDT,WBNBUSDT,ATOMUSDT,USDGUSDT,FILUSDT,BNSOLUSDT,VETUSDT,FLRUSDT,USYCUSDT,SKYUSDT,FBTCUSDT,RSETHUSDT,KHYPEUSDT
BTCUSDT,1.0,0.7278094281830809,0.10157071041551143,0.6626416479969871,0.8707009885013872,0.7976533999307917,0.14123389831935707,0.6809322304832209,0.7375193196663569,0.6802313464526745,0.7977607000579253,0.5657402069992621,0.6825772459571908,0.741142694529407,0.9890109876194522,-0.1644711538938998,0.7319421544714931,0.7690101689573354,0.29010583729009976,0.7943004839275155,-0.0792403686706424,0.40527081093912226,0.5002887704297245,0.8210520344854708,0.7268197137937374,0.7372584802674771,0.1393549493758145,0.3628807991270118,0.9892169224403945,0.7170584170843358,0.7682269150460562,0.694261088762323,0.39479834968656585,0.13334292524165645,-0.4147585836278203,0.3441163074654355,0.7467463723409833,0.19509358531516852,0.3453843637242564,0.5899478062093455,0.46180512392983375,0.3350655243746796,0.5301763530302981,0.10429528251786306,0.6708103802768136,0.5237379630600264,0.38715662126156997,0.7967566758664721,0.3082157410070931,0.48354386660406407,0.503075630219545,0.7291855623134579,,0.47290793381353957,0.14984803556642795,-0.44291197590144454,-0.11986110357357829,0.07160452963625534,0.790471631373935,0.2897298923764963,0.2725031091795082,0.7970957660593713,0.6217981366159967,0.8441188050002373,0.5070828347257127,0.29422407745103507,0.37252290466404026,0.7165495920604469,0.7009807603801297,0.6487098690869134,0.591072722793745,0.614911711914138,0.586182234716109,0.7175642611790377,0.3451192101376118,-0.14064399534043842,-0.5046489924973042,-0.6477258579047864,0.7311482142593422,0.5407072536669632,0.5159023513605544,0.5091707560371767,-0.1302257278719592,0.5578010642880449,0.8592128428335423,0.8628829183356694,0.5551578799567611,0.35069703897384863,0.44101223896503483,0.8007922926898893,0.7335130134578257,0.749140816432013,0.16445973687460985,0.8191741542352025,0.9531916394101511,0.7485372522503811,0.7727969423584118
ETHUSDT,0.7278094281830809,1.0,-0.06515775284812261,0.8881268558097202,0.8338899927177558,0.9497742703060627,0.5103392201810036,0.39877742141756845,0.9819897593864577,0.8217484731392903,0.8709726837094797,0.24782539736056333,0.7515655011462625,0.9821102392383428,0.7177424176516989,-0.13469552146591232,0.9833310505219509,0.6660074209637336,0.1279382000431937,0.8244928296868077,0.05630953657440774,0.861968148750524,0.07965421284442922,0.630752269178141,0.9822865206116066,0.9827798676466275,-0.14858712364377683,0.16747922192951548,0.7404011426781254,0.810194001631348,0.8730031609454982,0.3274940971443098,0.8206055103016485,0.6048301983006009,-0.2266972024145577,-0.05358256818517883,0.6985362247563188,0.03518857792062915,0.7402764260044505,0.06396591304114652,0.5463973374181519,0.10888459307671927,0.6723058453376479,0.2572538580010335,0.5264393550182398,0.8085558006722002,0.21517952584820987,0.9361232668969349,0.11291774570790546,0.4060049475585089,0.7014516978896876,0.7128967479867687,,0.2917059343745918,0.39886407787129713,0.03823123029692909,-0.19263383518188745,0.033647448072727834,0.9390765751455018,0.7334389647907199,0.7295041437141653,0.9526207490927033,0.9357920487067048,0.9453440380552924,0.8330913319775062,0.801341338648374,0.35240043336051896,0.8309883460977106,0.7242013048214356,0.770506313079639,0.7454338808071584,0.4307124439241022,0.7045005368011013,0.9238510217691133,0.5896655895024766,-0.37075672403492177,-0.5015661926727979,-0.334654944060593,0.9832771117651341,0.348023026779065,0.07819704585043091,0.5838437991623163,0.14789874462321986,0.9037499227569121,0.7107332800441809,0.8333680648020824,0.4746896709462601,0.47215213197360095,0.5457057866223106,0.9580700404685323,0.959426296792633,0.5961656744989303,-0.008509899694407522,0.5128038939791298,0.723407017454681,0.9833084440640519,0.6318791825996082
USDTUSDT,0.10157071041551143,-0.06515775284812261,1.0,0.06440984561938225,-0.31014930196093204,-0.15337207319382623,-0.499292378510568,-0.47117088024323805,-0.05891917723300205,-0.446490193403746,-0.3219377307385495,0.6398332827853623,0.35594812452408797,-0.06579589892416783,0.15880225128036526,0.822280798349722,-0.08598583791950251,-0.2129122807456101,0.6521221149461355,-0.4272273742741284,0.8631247932658379,0.1851095978161252,-0.5099483548477793,0.1293332937361844,-0.05930300512784391,-0.03645583477751558,0.8213956305099256,0.15675926595461,0.08645505953391305,-0.5410270105726103,-0.20706152392743737,0.06779827288162515,-0.39247246023888327,-0.5677489493851788,0.5305559843934555,0.535853303247493,-0.08577376302763276,0.6516113362047835,-0.2410465900980951,0.5476032334170824,-0.16696802436797098,0.44310603299092477,-0.6041551923224256,0.7597817872650781,-0.4985597363020625,-0.24541023926612487,-0.4930888002915116,-0.08192849287340483,0.7791966440802713,-0.34417685007609716,-0.71929359446634,-0.36900090005400893,,-0.2634745481310361,-0.6849176852208028,-0.035145598476971567,0.9397001943932622,0.041089956480944406,0.1686153373146333,0.22722882292730776,-0.4284201862067196,-0.15580700514132312,-0.37941653322497443,-0.09140986205132669,-0.2596201136855333,0.15986506895596345,-0.8218563207173836,-0.47806485837916474,-0.4005319322528057,0.03297317377770149,-0.633311904400147,0.3049101491918933,-0.6491296498529,0.2152051529687236,0.49224113869053415,0.6949217747746459,0.5558865446028645,-0.5149553716068784,-0.04414960454364314,-0.4098137668620386,0.5563841193696354,-0.6111256989794575,-0.4371930260174882,-0.41151963839869193,-0.23965815493574413,-0.3190525240478138,-0.7187650792130219,0.4290905240721408,-0.7981100812651593,-0.17282554452363047,-0.2208372840646501,0.07909953981206068,0.1071535410755217,-0.29043604075335483,0.29749951117457285,-0.03697152810065063,-0.2374636311479113
XRPUSDT,0.6626416479969871,0.8881268558097202,0.06440984561938225,1.0,0.6591243544581251,0.8885475972521475,0.1779497554914105,0.26569115989378894,0.8905035316904208,0.8010791666476257,0.7518418115318931,0.16414881574810009,0.7861009977641668,0.8927428508414742,0.671909067942156,-0.13533068705893284,0.8862323480809097,0.6092538462253011,0.26824454871533654,0.7270577591321566,0.061643678610480444,0.7738827986286259,0.09099387709575067,0.7653503018842553,0.8851108613017508,0.8944044412643184,-0.15558059707319813,0.19768257215118504,0.6695736214444964,0.6817538367561087,0.6360322170944349,0.5300110233347909,0.8041659892969514,0.5584028815307859,-0.20221038884167047,0.21304942539388114,0.8145143703543524,0.043102777796880425,0.43243495542954624,0.03644477636262801,0.46093356001162666,0.2994862143787178,0.4719967938536429,0.2335594941905908,0.38669576749509565,0.8524774719864757,0.27941435185868424,0.8859008159278361,0.23527743883423768,0.26349462815567043,0.534811564996063,0.5536727797456586,,0.06852650775743771,0.360588554022543,0.12237073443710639,-0.07629354576732521,0.00851935345231525,0.9106868937816842,0.7803756632888613,0.6702327690107828,0.8919224690326696,0.8247785483621638,0.8991115511136276,0.6077982771670635,0.8227165967143931,0.2815954011394337,0.7488061213180666,0.5376711827540059,0.5945105805876569,0.5938781911460266,0.3380869659122882,0.5745209069433238,0.8403409804406557,0.43803282402497434,-0.3763475109120935,-0.18241162552154264,-0.26716550138555106,0.8931852155961003,0.45617692839319585,0.27586250281568747,0.4471057389821881,0.18557516848381067,0.8138331350580816,0.4887689243015706,0.6567531148081025,0.28916197534968685,0.37538312941631546,0.3955951927097026,0.8838555656593808,0.8836545284164135,0.6262641573539337,0.08788436703000137,0.3722472498357131,0.7057106134163247,0.8869489534537516,0.5757121897203764
BNBUSDT,0.8707009885013872,0.8338899927177558,-0.31014930196093204,0.6591243544581251,1.0,0.8752819288938841,0.5403712504027935,0.7393895550697404,0.8369355982459458,0.8515739500304397,0.9297539661225918,0.28323130267903507,0.5185027886613777,0.8416612503527605,0.8353541224017442,-0.37579159563092757,0.8447973018485181,0.7441672990048103,-0.0794940685792811,0.9500365187031816,-0.31679751613623813,0.5090453777794507,0.504601248170545,0.6485533647242401,0.8348164023099265,0.8279079575202865,-0.2509915902662444,0.32079605288825624,0.8797512875048442,0.9363102748633366,0.9077375952215253,0.4831392078198901,0.610189039201008,0.44426062900986385,-0.5122650939534535,-0.07344581225323282,0.7085647270635062,-0.059275778284441735,0.6371977643887569,0.2647565708669619,0.48742017133545484,-0.02995656544683849,0.8091342110003535,-0.10233862517260489,0.855000304319729,0.6330488695929686,0.42906320459279995,0.8784753063987012,-0.09812106207431393,0.6807980373033553,0.8269326814640661,0.9193844978179364,,0.5954089598963214,0.3899858459621932,-0.3638032780523602,-0.4773067263687978,0.04616790559162746,0.7507446658590023,0.3097259295227692,0.5299187779217669,0.8773038545370835,0.857303245053614,0.8825369980663779,0.7292221032719369,0.3721500174667599,0.6330855954614849,0.898756446174757,0.8711837784032145,0.6914028715704293,0.8942359458391068,0.442147857166058,0.8765677881846612,0.7088902462242351,0.3380366181702762,-0.4748705212143152,-0.7740046005905122,-0.4075387443742457,0.8284611683652825,0.5459246585113849,0.0728488278012618,0.7831214037377673,0.0869300919668817,0.8007932580982926,0.9443083994906782,0.9995783338656025,0.8136423194883042,0.24547637703740244,0.7362963638470081,0.8928621592645156,0.8711816024604047,0.6225678122998917,-0.05849342435818019,0.8101714717771282,0.7546787983080792,0.8379395286253846,0.7436217539373324
SOLUSDT,0.7976533999307917,0.9497742703060627,-0.15337207319382623,0.8885475972521475,0.8752819288938841,1.0,0.3862563504779579,0.5458279186666761,0.9514811591789926,0.9026105708069877,0.9034817420652137,0.17002955619248084,0.7515973066884166,0.9528005275490647,0.787970524499552,-0.3327095361223233,0.9540471006656939,0.7877928055918269,0.12693661358658742,0.90817545444209,-0.1170014944918783,0.724919110817801,0.29050291181729904,0.7436988479890202,0.9460024974758442,0.9493693602102347,-0.16977761319373838,0.15547778423113484,0.8038864965196083,0.8718287520141231,0.8836940369213706,0.489348188393798,0.8418530489839049,0.6470007928535745,-0.32067024822566675,0.022747688987602557,0.8070024021990555,-0.006892654503687524,0.6128904475842204,0.057159870037538876,0.5832803152867883,0.22260878034905596,0.6833607792700993,0.08713092522306158,0.6047931344432806,0.8231909906408162,0.4404561448886947,0.936825750729643,0.09902723471806195,0.40317674276918397,0.746943362130878,0.7329616904788753,,0.31646662018639904,0.5204500959571661,-0.0190261693554628,-0.31812041138968566,0.029903686711912788,0.9220378980593668,0.6416456615690115,0.7573818711403669,0.9849540080938324,0.9260244812272876,0.9831169856933041,0.761266751011461,0.6895923364651587,0.47246299972453654,0.9142965073660152,0.7552527664210937,0.7850598347751553,0.7827731265084189,0.4616007888819553,0.7454561104426121,0.8514703530679203,0.3952937826436037,-0.374523269309742,-0.5225697176962784,-0.2861128606896223,0.9476491368451928,0.5566701037913562,0.20789065651375446,0.5952662759623706,0.2306521323726562,0.8934868121353658,0.762722835306558,0.872857121488119,0.554778708188454,0.3480267606389905,0.651952745458227,0.9876203861821378,0.956695799621745,0.6893925988157351,0.1291736174428869,0.644273190476343,0.7747018350374388,0.95268132696272,0.7699754010005351
USDCUSDT,0.14123389831935707,0.5103392201810036,-0.499292378510568,0.1779497554914105,0.5403712504027935,0.3862563504779579,1.0,0.26958646493720667,0.5027712587698161,0.3636053333329088,0.5433494329905788,0.04051805785382996,0.05005081155302993,0.5031803206978989,0.08975578286988731,-0.09020363795617851,0.5191206713275841,0.19007957414877513,-0.36707710776811975,0.4263300450386009,-0.11136598315139634,0.518487430804551,-0.09368616171828785,-0.20215036217452545,0.5167125588192965,0.49480349597342305,-0.4342866914215744,-0.07431890954805188,0.17214477545602147,0.5771076252349309,0.5909177810534935,-0.4274101758459261,0.4465869982224344,0.4085547183211468,-0.28991888511134606,-0.626716175681469,-0.06431648709039076,-0.2945251824350271,0.9127159350357746,-0.16049551013844374,0.3399001402514575,-0.561009922575642,0.76143896685913,0.06458597936132722,0.4112577949699115,0.36464506867994956,-0.20227628253057464,0.3863449811803236,-0.41586523702804007,0.43518191968063724,0.7033022590000135,0.5352324756431196,,0.3896490591067491,0.29045728103975693,0.07820334744829449,-0.4113709287327477,0.03298475465979211,0.29418322111595546,0.2498096171899167,0.4216170020762976,0.39222266409463885,0.6363409438401036,0.33467735451734365,0.7961603222249063,0.3704825530472471,0.4299672011794757,0.4441511022115945,0.6020572346015891,0.3265801071381525,0.6529013653837457,0.01727370579235333,0.6383656701576113,0.43071486065407627,0.44431435811382947,-0.4976363924562826,-0.7350249910322024,-0.049801848215976906,0.5042945678067525,-0.19443765835296384,-0.6726757064417588,0.6720731671331702,-0.017960879838884038,0.6348596813156296,0.47887523303266727,0.5489790376366586,0.598935061818076,0.3209884700537632,0.5590483228660598,0.42121068237161785,0.5269829833071636,-0.0422879757841966,-0.37742459713736964,0.24635456532715286,0.02412742083591911,0.49581176665835563,0.1566328503676696
TRXUSDT,0.6809322304832209,0.39877742141756845,-0.47117088024323805,0.26569115989378894,0.7393895550697404,0.5458279186666761,0.26958646493720667,1.0,0.40740857468312014,0.6004843266240062,0.7136491153414661,0.17477033918724283,0.28286813573049396,0.4139012046932806,0.6534850464050134,-0.640323549284709,0.4149165958147772,0.7922472644661467,0.03465935761624542,0.714425209870593,-0.5784089904358046,-0.04549667747111848,0.7932778282741034,0.4692504044578377,0.3888710753606002,0.3966546510184093,-0.1901369444129591,-0.04192848332345026,0.6787165105468881,0.7537908821029522,0.5996497696074257,0.4504690448035398,0.36475830657461605,0.22365891665366264,-0.7517481946980319,0.13850301910646615,0.438987590033593,-0.2586995368753263,0.25806975935225906,0.28454891068922344,0.5712473078237068,0.2081893560282658,0.7225206055604793,-0.34712855739948734,0.661979031844981,0.4350921368113127,0.5734103270898988,0.42140767588947414,-0.050179455956780805,0.3492667704540312,0.7042678716982118,0.5733544801504378,,0.45851747416223865,0.515967870933921,-0.28273368901186446,-0.5755877648828349,0.06887594214408481,0.3778298157447027,-0.09462877759334921,0.2526907301373074,0.5444707457085552,0.4930434354935066,0.553589887848916,0.4537480040925488,-0.09058043887089623,0.7747301204384329,0.6923713301393183,0.7243396251614486,0.34672404193239975,0.6377930451871375,0.35628470267145895,0.6739776047075385,0.29083746528506654,-0.21513043213511013,-0.3127347859179508,-0.6909962489112256,-0.25404713179518035,0.3915011312889264,0.605420798017512,0.2592807724108829,0.6515668428399518,-0.06774398411724203,0.4859938863181401,0.7417068733059706,0.7326769594119047,0.8329057377724592,0.07220517196405657,0.7856708545928073,0.555192703019495,0.5228017109892851,0.5095319111817284,0.33477464722743827,0.9071622550511237,0.5386965683473036,0.40816704106303514,0.8188773063858699
STETHUSDT,0.7375193196663569,0.9819897593864577,-0.05891917723300205,0.8905035316904208,0.8369355982459458,0.9514811591789926,0.5027712587698161,0.40740857468312014,1.0,0.8217091348911685,0.8754360202996377,0.26029942150674046,0.7587462342067914,0.9824443457055774,0.7280641932668972,-0.13433730544090625,0.983165708628069,0.6748672138784108,0.14183009791775664,0.8256974163245908,0.05657661958782443,0.8571314297076267,0.08814598956728933,0.6390501938335779,0.9819160986890217,0.9831772078270601,-0.14168347599765366,0.1657266974189082,0.7498504584432507,0.8119425822366954,0.8720474205164939,0.33726023597173965,0.8174578030847788,0.5947079152265334,-0.237603354807155,-0.03609318796897944,0.7016813435768736,0.03604406991122312,0.7340856727376422,0.07888668707431241,0.5539005098112313,0.12186763555471562,0.674516566226792,0.2609908888593244,0.5265213365893783,0.8122178706447123,0.21587804654101905,0.9361926771959318,0.12545178274943763,0.4025205698454961,0.7003251624120079,0.7119465421122568,,0.2909169266374143,0.3963389402492239,0.03528533173634646,-0.1873182411866306,0.03549660796638642,0.9432799417942312,0.7315199640670332,0.7210811563030437,0.9543276601988805,0.9336909068292715,0.9483965128024648,0.8324793539449986,0.7980769696019036,0.3557256100362376,0.8315950493834422,0.72757729060914,0.7669390454308155,0.7429024616082929,0.43702529156991005,0.7041068855634233,0.9269908121679247,0.5865419503657492,-0.367781574356432,-0.500292467239727,-0.34587631442165245,0.983437375250121,0.35148560417530084,0.09334369067873258,0.5860686453152933,0.13462227969238658,0.9023701742653465,0.7139239891409191,0.8360913424503053,0.4777651297112073,0.47878784361539245,0.5457271544514198,0.9595397757890795,0.9609420876758218,0.6036756285328333,0.001868846476843746,0.5225389308663887,0.7335787612123126,0.983650707614557,0.6408269327502767
DOGEUSDT,0.6802313464526745,0.8217484731392903,-0.446490193403746,0.8010791666476257,0.8515739500304397,0.9026105708069877,0.3636053333329088,0.6004843266240062,0.8217091348911685,1.0,0.8625647868655878,-0.12284456899861258,0.5034614560172673,0.8273288478653055,0.6533996061373843,-0.5947468869048764,0.8326508561720497,0.7092743970456484,-0.15261391645370073,0.9570761114527617,-0.4627988067118812,0.5123111267170694,0.4968957910347275,0.7155641769089348,0.8176153622564813,0.8107496853505866,-0.4881884242066514,0.24281915918270788,0.6883803945145276,0.9269956489587377,0.7602577028540866,0.5750744418400728,0.8337507952077425,0.7389009582374186,-0.4507412118152688,-0.08446102927778783,0.8608290037811572,-0.20504766899384522,0.46456971174958595,-0.1266175348152294,0.4406545018564094,0.03843776334302282,0.7149918850050216,-0.2822934184404391,0.7562444288112397,0.7886255597028635,0.639166965440493,0.883084464675154,-0.21227121255559808,0.5477633455709543,0.8461979691161415,0.802204681684164,,0.35543075512368477,0.630848812684064,-0.10575122426759,-0.6066707581446832,-0.010660109571674518,0.724412675409345,0.45010204672683707,0.7732835549243369,0.9049357574797536,0.9080561437298187,0.8916845324145182,0.6150202449536801,0.5103425867731086,0.6919270117171524,0.96356620800458,0.7355008403956109,0.6143990154643741,0.9011540993217666,0.24565682292318675,0.8775729150885906,0.6125158003330125,0.1135688337648722,-0.6322919678258732,-0.543169973795869,-0.057462698121912674,0.8124994482097044,0.7439973879245944,0.04686634713668799,0.7143264336422911,0.42628329238824,0.8819174084659706,0.7126565995610179,0.8534845740153659,0.7009976153806974,0.026888115721046903,0.7861831976429495,0.9091411098828955,0.8883086268243344,0.6065833033867984,0.01194466856000627,0.6205979589615614,0.5917353075652511,0.8120411117818276,0.7090149165898894
ADAUSDT,0.7977607000579253,0.8709726837094797,-0.3219377307385495,0.7518418115318931,0.9297539661225918,0.9034817420652137,0.5433494329905788,0.7136491153414661,0.8754360202996377,0.8625647868655878,1.0,0.25752320932818146,0.6287949061626299,0.8805742093618404,0.7745521023246248,-0.39626311062613734,0.8805019226737115,0.8176755193971122,0.0995399956970024,0.9046096524144092,-0.2696383179973046,0.5799266084665831,0.4285710995909394,0.6260008698606063,0.866398273767606,0.8706963852450214,-0.2951037200384541,0.07807537658870471,0.8104487264256445,0.9499346039499673,0.8471723438501194,0.41365798028641065,0.7601316980350374,0.5091109356595684,-0.6148180049449842,0.04665246128708169,0.6651472307241798,-0.18777773913952497,0.6583101605536538,0.17968327190200534,0.6708430784814415,0.12178110924499488,0.8799592917354547,0.011840879107821854,0.6839158659492823,0.8251642396096671,0.3548262717918001,0.8427909241771779,0.020276173005006025,0.46491592620339695,0.8705968512110255,0.7771428832854598,,0.39851478933555345,0.5199921104921179,-0.06782433446633793,-0.4277949565756947,0.05424201040534985,0.8178905802725243,0.472899648781566,0.5998398577723243,0.9069518044356648,0.9116868771257494,0.9025992755528955,0.8305165692167699,0.5363781322128008,0.6833375030452046,0.9068621215392653,0.8730344627634214,0.6007909936243927,0.8553218058449518,0.3950664695607105,0.8653852149816206,0.7812335856128811,0.30088608177876536,-0.5219711672578697,-0.6818465579036285,-0.3505713510783392,0.8699507506557401,0.4885681226525645,0.11169014528019885,0.806189366100691,0.0027533414582623446,0.9026101718264697,0.8141990182256201,0.9268886868586865,0.7788367237355195,0.388275976687641,0.7805589317228586,0.9168186070365109,0.9381149506933579,0.6174590775308005,0.1079374845025253,0.7683069049522672,0.7159823083311454,0.8721779035235773,0.8000275887411563
FIGR_HELOCUSDT,0.5657402069992621,0.24782539736056333,0.6398332827853623,0.16414881574810009,0.28323130267903507,0.17002955619248084,0.04051805785382996,0.17477033918724283,0.26029942150674046,-0.12284456899861258,0.25752320932818146,1.0,0.47933275975401923,0.2598830017037592,0.5879278574874108,0.5876946264563129,0.23932699420816794,0.24681780651057594,0.6436961321870924,0.023611463040914344,0.5537305413008363,0.2484942006431997,-0.0856713956274342,0.24793593128413147,0.25237411234507195,0.2762681062359036,0.6150284226705485,0.13017056000323632,0.5637881695544359,0.03232301083019466,0.24359194967980743,0.1333503709351993,-0.2239606637225413,-0.5868870143829624,-0.150077737203196,0.5405570875136088,-0.0036817429076926077,0.39237543734405506,0.20577962175055298,0.9202127695451578,0.2770020577145272,0.3290768775322376,0.10951952274383957,0.6861866991966545,0.005340409605468956,0.05872080162264907,-0.45639411020224724,0.1975928560746793,0.6915539528935938,0.03275843437455119,-0.13354910280689963,0.1274701669409073,,0.16838948533732598,-0.49798343662176386,-0.26690636815794255,0.5924722498000677,0.12021071639673696,0.41846425815724214,0.1422959691345838,-0.4143344368364859,0.1712951815315642,0.017837805688147933,0.23562945193549234,0.26483294812062225,0.12326755543277225,-0.23085361676359467,-0.05791879168575318,0.23440447006273946,0.15754166308702633,-0.1127346555208165,0.5032956522735059,-0.07025915281743507,0.5108216131528466,0.5740908933455399,0.33665073165894255,-0.10971439341152048,-0.8771210811343446,0.2688942037148772,-0.3030401238464698,0.48545743605241914,0.06663048031683298,-0.8084470393549757,-0.008438587988474099,0.34415635855476734,0.2718152409444402,0.011103488869029711,0.7073385643343486,-0.24468597035432052,0.17404368633513612,0.18757773013862838,0.29413324699909715,0.11014683516234358,0.34281883080506803,0.6254058432065903,0.2803306772732431,0.21980131706133638
WBTUSDT,0.6825772459571908,0.7515655011462625,0.35594812452408797,0.7861009977641668,0.5185027886613777,0.7515973066884166,0.05005081155302993,0.28286813573049396,0.7587462342067914,0.5034614560172673,0.6287949061626299,0.47933275975401923,1.0,0.7558070930858628,0.7155496774202549,0.07191820711183326,0.7442349928400782,0.6898903722085624,0.6430209160623068,0.49541112888535593,0.3594820137978049,0.6827727181300226,-0.01163657893431193,0.6540209902735048,0.7442150844781142,0.7721254786831813,0.32327217085810145,-0.08995523864815765,0.6791919960716102,0.4613938609054122,0.6067830368387139,0.37118541431404556,0.5990052530212221,0.27252058954725505,-0.12298957813485281,0.4234510926453913,0.5456748897860433,0.2209409398216454,0.39172423467822237,0.29773471330653334,0.6337364275170733,0.6252462153441177,0.33820824298872426,0.5456660207819838,0.08835356120204535,0.6908111751166376,0.09969465133091603,0.6512399331656384,0.6318799694771418,-0.08819915877400149,0.29462921339738674,0.26149396579224354,,-0.02208160308970758,0.24398066538526086,0.21705391820895442,0.24062173973415119,0.0760873491844576,0.8917108111660222,0.7250802358096823,0.4450248782173157,0.7506426274409307,0.582637376072775,0.7756584424027826,0.5917957836927351,0.714425644293864,0.04052498572809707,0.5207074339601548,0.4474812564855451,0.6185305604412143,0.2651324446116273,0.5704014243687434,0.25112599170429717,0.8543381570005623,0.48071973804986784,0.09689351724885904,-0.12214480332047371,-0.4742394552507104,0.7634213853071429,0.2248259668904485,0.5636988669495129,0.17934149852608394,-0.14623923457980365,0.5807904964552635,0.44191207945136013,0.5075835438144318,0.09550758162141898,0.6501157210568334,0.21649922421097645,0.7396367907649198,0.7091712388927282,0.6312860883530851,0.42656199254785354,0.4445108038918358,0.7874087501242146,0.7708144969239894,0.6542835821091066
WSTETHUSDT,0.741142694529407,0.9821102392383428,-0.06579589892416783,0.8927428508414742,0.8416612503527605,0.9528005275490647,0.5031803206978989,0.4139012046932806,0.9824443457055774,0.8273288478653055,0.8805742093618404,0.2598830017037592,0.7558070930858628,1.0,0.717853240637733,-0.14055399546342354,0.9835175384550403,0.6769395872584106,0.13887819055888992,0.8308946504634332,0.04594518232433401,0.852354710023895,0.09819426278963184,0.6437265358795206,0.9820231737967366,0.9832325044000053,-0.15221893252090646,0.1710770955585024,0.7536604595518402,0.8184286201016838,0.8698469047373625,0.3454630750597174,0.8179030567880381,0.5929113621339802,-0.25032109892595095,-0.031152576023490964,0.7070133103356588,0.02895897263509898,0.7305946704535,0.08243949571036292,0.5537615934949492,0.1186781073025613,0.6810907141030434,0.2527268959999322,0.534968793748831,0.8168127614722342,0.21951064603150736,0.9390211199958777,0.12043663904913796,0.41031315205913005,0.7066234608820912,0.7185647492942654,,0.29368715235671844,0.3971505947649169,0.029836415778630852,-0.19424352489943053,0.03527287659906859,0.942425758346436,0.727381085033165,0.7180246503417911,0.9557922990010468,0.9366602907777931,0.9501456902687647,0.8317024367831048,0.7946142765299122,0.3668332160473153,0.8361787399289804,0.7322437791613136,0.7596136825016792,0.7499113959267512,0.4326229268733931,0.7130555761123436,0.9251741312741677,0.5806143379300708,-0.38031835206422343,-0.5027215046362226,-0.34724791633251,0.9835706049128026,0.35809758996982816,0.09269470627908442,0.5967584778800638,0.13194450020938644,0.9059004021994639,0.7165405360770662,0.8408578524138334,0.48748397311174374,0.4747061828348916,0.5515202336064061,0.9610480444916703,0.9640766459715218,0.605378925202313,-0.0016585924812555545,0.5272455425963357,0.7347913039315643,0.9834871956256322,0.643108110472208
WBTCUSDT,0.9890109876194522,0.7177424176516989,0.15880225128036526,0.671909067942156,0.8353541224017442,0.787970524499552,0.08975578286988731,0.6534850464050134,0.7280641932668972,0.6533996061373843,0.7745521023246248,0.5879278574874108,0.7155496774202549,0.717853240637733,1.0,-0.13286637507656304,0.7205024920610967,0.7709702016371541,0.35340207804642026,0.7609468001772793,-0.0305833235629527,0.40887821371849714,0.47260180256386963,0.8318729703736653,0.7159830481097608,0.7295573374692013,0.1915203169699004,0.3359783116776904,0.9824816293758379,0.6796163166904435,0.7431998052884857,0.700106683396435,0.38710581895208196,0.11115675593287402,-0.38947753591636114,0.3966618895151729,0.7408204844913504,0.22143898907908582,0.3141853758082209,0.6049139715907552,0.4729475756776519,0.3969138597608612,0.4895135444721024,0.15058362483369692,0.615014390747912,0.5251035304677758,0.3702261486048463,0.7787455276644656,0.3726575873654266,0.42427877037083456,0.45733352325918164,0.6786985131992683,,0.4274179520357629,0.1351449934010137,-0.40824434349708966,-0.062171005392670745,0.07463350473175301,0.80150083248792,0.3143591604287977,0.25779415813485745,0.7870740407479266,0.5947691619987934,0.8371928346145158,0.48803115341480663,0.31118045986471976,0.32769331331407375,0.6874088451600016,0.6678838573464332,0.6421228473398668,0.5390620716211092,0.6310781065886629,0.5352805945517476,0.7260360876030032,0.34878838299787746,-0.09059933488947368,-0.4516781343341139,-0.6603967815759171,0.7224991419364314,0.5255468884162444,0.5700163626460384,0.45978431612616694,-0.15266221841315886,0.5343284028397777,0.8241800641686263,0.8264734162775347,0.5005854208588653,0.37884734153313016,0.3989949024526504,0.788447636195233,0.7181284089373108,0.7578033859867317,0.21025805065317696,0.7998259831106254,0.9650053097533776,0.7401730607926271,0.7730122102445833
BCHUSDT,-0.1644711538938998,-0.13469552146591232,0.822280798349722,-0.13533068705893284,-0.37579159563092757,-0.3327095361223233,-0.09020363795617851,-0.640323549284709,-0.13433730544090625,-0.5947468869048764,-0.39626311062613734,0.5876946264563129,0.07191820711183326,-0.14055399546342354,-0.13286637507656304,1.0,-0.1536899512389174,-0.5134921490226518,0.35860641760325185,-0.5651733516043148,0.8895480429012336,0.25071157166820274,-0.75431818798117,-0.2684920357342119,-0.12090589548292244,-0.11508652906163007,0.5845401381973803,0.15953746279206638,-0.16140520391134228,-0.585811597984355,-0.274255704328213,-0.350137992832558,-0.47835198249175187,-0.6023108219224992,0.5395723649530958,0.1696239615186323,-0.4088708467361291,0.5054815492051115,0.022555903926898668,0.42247870768877566,-0.29751201499498,-0.04048904997098338,-0.48507617537499914,0.7882286816818446,-0.5037279377933546,-0.3538777437944209,-0.8505140698120413,-0.19400728388108832,0.4756317868572987,-0.19801595563727284,-0.6509415368734153,-0.33197637664607144,,-0.19347943268695564,-0.8117452518514674,0.00196038640021854,0.8807486170213601,0.03232387368651577,-0.02288644862460533,0.16553541580543518,-0.5026005223663936,-0.3303940169141885,-0.3734870973697618,-0.2965565101089726,-0.13940264701598926,0.16012823079379376,-0.8133127705396807,-0.6144391353691613,-0.4019833625658548,-0.139797850636862,-0.5707925258112152,0.06677954340112943,-0.5787364185302326,0.1379864854364308,0.6581774468159983,0.487107536535502,0.41882263324827035,-0.43244710848333007,-0.1146920062394714,-0.7751887130161874,0.03710220608316667,-0.45891908353453836,-0.5239473471798038,-0.3960962247477302,-0.3222316511070255,-0.376813562588311,-0.6488139256443914,0.4599025099218153,-0.8155520867822331,-0.33294884728604396,-0.29183620710472574,-0.24860196140926344,-0.2851737121793862,-0.5092996709482484,-0.0179232122302349,-0.11992890163097078,-0.5562288528379252
WBETHUSDT,0.7319421544714931,0.9833310505219509,-0.08598583791950251,0.8862323480809097,0.8447973018485181,0.9540471006656939,0.5191206713275841,0.4149165958147772,0.983165708628069,0.8326508561720497,0.8805019226737115,0.23932699420816794,0.7442349928400782,0.9835175384550403,0.7205024920610967,-0.1536899512389174,1.0,0.6738978035264805,0.11503517256921512,0.8367087686066871,0.034599846271394716,0.8540880700759294,0.09769983297346611,0.6324020119971662,0.9833498204811673,0.9834143088953557,-0.16458106279744641,0.16851339221685824,0.7447196025422294,0.8242443270934497,0.8789999251684087,0.3322805052205319,0.8255697381808448,0.612188927290245,-0.24303034423838632,-0.06049805850237208,0.7033524905952484,0.022526941615565146,0.7430198213613326,0.060104892361451945,0.550215166567133,0.10084045807631432,0.6869379663081457,0.23844749898481074,0.5425992559655871,0.8126288306603738,0.22866970176417037,0.9394266282908079,0.09755669755384618,0.4178338040649614,0.7177296681001355,0.7249430561357574,,0.30203076384330174,0.41118606263766067,0.03114431272660979,-0.2137962582661872,0.03347634198773161,0.9359967528648405,0.723875703970108,0.7342459792161793,0.956933825865525,0.9432692203404179,0.9489669343817666,0.8372953423913619,0.7928112718956348,0.37307645043748694,0.8429344542630225,0.735824537931705,0.7697909593515659,0.7608290212858138,0.42736504333731135,0.720795656482788,0.9191065708144466,0.5775315701812163,-0.38580031763353695,-0.5165067009047257,-0.32931886269138017,0.9840195290362975,0.3607593303544029,0.07100272702452694,0.5998877971179503,0.1534873056988394,0.9113362947882114,0.7211318083873206,0.8443946872004001,0.4946845748043728,0.4622877005431691,0.5641739491366448,0.9628074029492163,0.9645853782969859,0.5980550616333633,-0.01021935932443633,0.5254806107486879,0.7222317539814639,0.9840929628481274,0.6407242227958393
HYPEUSDT,0.7690101689573354,0.6660074209637336,-0.2129122807456101,0.6092538462253011,0.7441672990048103,0.7877928055918269,0.19007957414877513,0.7922472644661467,0.6748672138784108,0.7092743970456484,0.8176755193971122,0.24681780651057594,0.6898903722085624,0.6769395872584106,0.7709702016371541,-0.5134921490226518,0.6738978035264805,1.0,0.36973284799014716,0.7573646683531912,-0.25849486267545124,0.3206291235493402,0.5481292216503646,0.6521672296738802,0.6517718884748752,0.6742246303841822,0.003547079502984915,-0.20638854046635027,0.7647827447458512,0.7743262877642473,0.7295030444741577,0.4777786507365052,0.6609148239501332,0.4159710156421018,-0.5807670610831199,0.29252831625317993,0.5915156374632287,-0.13130716885678315,0.3722614536966167,0.21361329932555,0.7898829239783343,0.5408489813404259,0.6837123737880691,0.004360681787155155,0.44471308256089676,0.7167223128227552,0.5297553911196307,0.6037694549104011,0.2834017411899316,0.08915481634834953,0.6751672947503535,0.46513701774063815,,0.23527639549735357,0.6268152322571181,0.05181061895867341,-0.3341612117020262,0.07349092661308065,0.7249023690298131,0.35304161453843214,0.515200425920658,0.785435079957083,0.6663594261573337,0.7947749561856554,0.6382185953654531,0.3463596823376087,0.5951560414792356,0.7859755429482539,0.7252439211699854,0.5815227876439596,0.5757934010646353,0.519559193835619,0.5885015639012312,0.6256311696622309,0.012075703197572441,-0.16007865675927374,-0.5219159781951546,-0.2986305096246534,0.6652990846440061,0.5861501469791117,0.4803527093205065,0.5120778606518026,-0.029136408975156115,0.6758078750304547,0.6921485502714777,0.7331744882160981,0.6101829914074975,0.3578332251990947,0.7225133058863624,0.7846529405951809,0.7403801993464965,0.6886750000925308,0.5662940186405063,0.852397412885657,0.7351353193087207,0.6806669932884611,0.9573419249289635
USDSUSDT,0.29010583729009976,0.1279382000431937,0.6521221149461355,0.26824454871533654,-0.0794940685792811,0.12693661358658742,-0.36707710776811975,0.03465935761624542,0.14183009791775664,-0.15261391645370073,0.0995399956970024,0.6436961321870924,0.6430209160623068,0.13887819055888992,0.35340207804642026,0.35860641760325185,0.11503517256921512,0.36973284799014716,1.0,-0.16178592611350912,0.5662764725739097,0.17101574144911186,-0.15352825735099374,0.27695946126474447,0.11611248232830554,0.16500651002534167,0.6534342683906371,-0.4049588386479996,0.2778453830444772,-0.13507709713817348,-0.02438293237458408,0.14206523038760224,0.033153266488398475,-0.3472814345376065,-0.10017442781453502,0.8160547343870972,-0.004990674383986665,0.23347634569829762,-0.10792182688792873,0.5234069151454229,0.5042488557843934,0.8595697230486563,-0.08523450842034781,0.7101820598817439,-0.4794849143024265,0.28030436423692456,-0.2701956051381266,-0.021353870309970595,0.9473924314424511,-0.6120496348956693,-0.2627102230440879,-0.381461902499359,,-0.3767813259494673,-0.11217798896042146,0.3661251109188184,0.6635589511446667,0.1020803458141213,0.40640564060156964,0.37249504292592045,-0.19726958410473386,0.12508715463885048,-0.08272790163923398,0.17367887972395904,0.13287480656250034,0.2971431580522223,-0.2722438281806475,-0.12070189103282557,-0.021117582913012238,0.01793043993917512,-0.3970514272577675,0.40698408010167214,-0.3387475837391653,0.40861997583771004,0.1882954092829231,0.4897728102641006,0.3232147434110884,-0.49663626519137816,0.15105126164499083,-0.17526278998156825,0.7755504526164846,-0.24298525789632733,-0.6326212002963693,-0.025613448225515596,-0.09257118474828806,-0.09750406247999542,-0.3079277356734555,0.6828645983764254,-0.25186092572286267,0.10412302107305352,0.10849356567123786,0.31095848459628217,0.6760396973687276,0.16110345555289865,0.4586450811217172,0.1572963736232859,0.3361421391582994
LINKUSDT,0.7943004839275155,0.8244928296868077,-0.4272273742741284,0.7270577591321566,0.9500365187031816,0.90817545444209,0.4263300450386009,0.714425209870593,0.8256974163245908,0.9570761114527617,0.9046096524144092,0.023611463040914344,0.49541112888535593,0.8308946504634332,0.7609468001772793,-0.5651733516043148,0.8367087686066871,0.7573646683531912,-0.16178592611350912,1.0,-0.46043539573762476,0.4733672854308967,0.5698565970051908,0.7157371852267707,0.8222256761288569,0.8137825731591807,-0.3889621030791189,0.2999177973998598,0.8007216235639326,0.9596080559958231,0.8581135749438243,0.5775730906590221,0.7366294386456514,0.6367351245452025,-0.48344675350495486,-0.10288093801249332,0.8312288766030355,-0.13807471944098748,0.5234989430548787,0.03633605563289198,0.4538985317862878,0.009782711888113443,0.7620942156249382,-0.27366628156629313,0.8546945454273364,0.700928710646058,0.6319856118551777,0.8943624735828959,-0.19743763410411655,0.640834191660396,0.8613246697589572,0.8892297605706416,,0.5062517718367319,0.5611686076511768,-0.2720613733591517,-0.6103441081619045,0.011785615771131009,0.7272817778272795,0.34461011665293145,0.6884857962974127,0.9094603255956734,0.8902782781350564,0.904931669024071,0.6475726413613838,0.40152788333228456,0.700011867697899,0.9721016461777454,0.8155681097021145,0.6878930750467561,0.9291696482412067,0.35265188236521117,0.9013021077543162,0.6301859824096662,0.16654636357053554,-0.5579967597858645,-0.6839432779395929,-0.19375569722231506,0.8146752758143452,0.7282404757516557,0.07415710260776112,0.74958875755991,0.3321724136690189,0.8425669299952017,0.8610016705242635,0.9509721834768966,0.7881759361352234,0.06576225047478168,0.8064192008465942,0.9193130745816009,0.880622122606501,0.6417975264229285,-0.0037112819045566074,0.7542475261038348,0.6813597357873282,0.821521702789125,0.7642968054280559
