,BTCUSDT,ETHUSDT,USDTUSDT,XRPUSDT,BNBUSDT,USDCUSDT,SOLUSDT,TRXUSDT,STETHUSDT,DOGEUSDT,ADAUSDT,FIGR_HELOCUSDT,WBTUSDT,WSTETHUSDT,WBTCUSDT,BCHUSDT,WBETHUSDT,ZECUSDT,USDSUSDT,BSC-USDUSDT,LEOUSDT,LINKUSDT,HYPEUSDT,XLMUSDT,XMRUSDT,WETHUSDT,USDEUSDT,WEETHUSDT,CBBTCUSDT,LTCUSDT,HBARUSDT,AVAXUSDT,SUIUSDT,DAIUSDT,SUSDEUSDT,CROUSDT,WLFIUSDT,USDT0USDT,UNIUSDT,SUSDSUSDT,DOTUSDT,TONUSDT,PYUSDUSDT,MUSDT,MNTUSDT,USD1USDT,TAOUSDT,CCUSDT,C1USDUSDT,BGBUSDT,AAVEUSDT,ASTERUSDT,NEARUSDT,BUIDLUSDT,ICPUSDT,OKBUSDT,USDFUSDT,ETCUSDT,XAUTUSDT,PIUSDT,JITOSOLUSDT,JLPUSDT,ENAUSDT,PEPEUSDT,APTUSDT,PUMPUSDT,HTXUSDT,KCSUSDT,ONDOUSDT,WLDUSDT,POLUSDT,PAXGUSDT,USDTBUSDT,BFUSDUSDT,SYRUPUSDCUSDT,HASHUSDT,TRUMPUSDT,RETHUSDT,ATOMUSDT,ALGOUSDT,FILUSDT,USYCUSDT,GTUSDT,WBNBUSDT,RLUSDUSDT,USDGUSDT,BNSOLUSDT,ARBUSDT,VETUSDT,QNTUSDT,KASUSDT,FLRUSDT,FBTCUSDT,KHYPEUSDT,LBTCUSDT
BTCUSDT,1.0,0.951858524759836,0.3006534335328546,0.8853301095105242,0.7667418458763073,-0.12487238208578962,0.6064317139703821,0.8376890946273647,0.8931405315295123,0.6735578042435362,0.8973505494333128,0.4117922540624242,0.4026814056892982,0.885558915226686,0.928559929956661,-0.02143928129634306,0.9003288795102053,0.3391241857804243,-0.29845109178667933,0.4823333485014585,0.1533570435590118,0.7654629328220091,0.3219886212879053,0.7432290932884167,0.400709339186648,0.9015152876293773,0.24289403404234566,0.8993968918965741,0.934519349718945,0.8458689469381087,0.8030779907341586,0.8052492832671923,0.8341625485895423,-0.4134741980324345,0.1853305276017057,0.6469160851666049,0.1984289694973156,0.09677410741662867,0.6769564856702598,0.004100647268317851,0.8124953141346332,0.9454191991970098,-0.06374605903462395,0.6553779097487971,0.6986328877281068,0.17247477233186345,0.7374915239945966,0.49157322718834867,0.13089860606820683,0.5019477870100622,0.7799487417406158,0.633374216986563,0.7466947902323459,,0.08329975336945836,0.7387828457976692,0.13901751353812977,0.836625382558347,0.46009863695591935,-0.17265321118803245,0.5978702048956597,0.7101593097408473,0.7659988801220898,0.8272200693525205,0.614609720818273,0.699111748430549,0.8945457306932364,0.7203117487034129,0.8091501237650504,0.5368545781299686,0.7437699345300652,0.501213783331872,-0.10609726360185,0.2844119819460902,-0.4540512164695165,0.46877318632493997,0.7025754904309882,0.9004274321668653,0.3443678283738207,0.8662682037339369,0.404088270833194,-0.6948641687213721,0.8138133717687682,0.7750702631707609,-0.074150625917313,-0.15631774576008842,0.6027510098293124,0.8426295683934812,0.9170570325831074,0.666353824988954,0.919764626066793,0.6687759909062749,0.9162284590756272,0.3435173171828918,0.9209919853688917
ETHUSDT,0.951858524759836,1.0,0.4416880258937107,0.9271334726558413,0.8691251918192736,0.08743019329243995,0.7534110060810263,0.776644588887472,0.9536140333502078,0.8046219480914814,0.885967394957668,0.3582108885040422,0.6082881164978631,0.952703782196971,0.8881516484495174,0.16986591182074964,0.9564439547607733,0.2507935273913076,-0.40571269801051485,0.5509289923262788,0.4297265496843835,0.8216689988968114,0.25022472156557446,0.8451435071225423,0.4761747968395806,0.9580389680660895,0.19955777719167345,0.9576574466051035,0.9055689196680752,0.902102119380587,0.8922975813144906,0.7681208380333079,0.8479896274081455,-0.2635173272041582,0.34243871606997267,0.7731869430596349,0.24617237146680498,0.1304956819192322,0.6818063129445066,0.1755826854324115,0.8275023403867023,0.9478260855900928,-0.09452465954557676,0.49103088144578744,0.6378090853626138,0.23225680509193536,0.8004942959819501,0.47081262016652736,-0.019015607211219785,0.547407399165179,0.8903220608656813,0.7389798080835296,0.6557238045104774,,0.017781414083374542,0.7823964663030146,0.23346203080855,0.8777283282961046,0.49809281224506824,-0.18832979602044625,0.7439333154478389,0.8297264396895077,0.8451218718292918,0.8570368724704418,0.6658299712044612,0.6843001646421845,0.8930928969488028,0.7543961715306365,0.8271147288051094,0.6467343362072384,0.8133953538204001,0.47159535075892395,-0.12079275745244156,0.437020738269067,-0.22396704458795305,0.3437941150135979,0.8085473523158049,0.9607625028731511,0.3947978764609984,0.8991385938592034,0.409406476610761,-0.734016127823955,0.8417076383514746,0.8766826979982942,-0.08674350227776555,-0.41857303983106053,0.7522757619977367,0.9036138212921389,0.9473118653177579,0.7665852047953943,0.9216414943886123,0.6073234169995836,0.8431503544115825,0.27829427639531945,0.8745210652820309
USDTUSDT,0.3006534335328546,0.4416880258937107,1.0,0.3886456959581143,0.27709944785207635,0.14915065570877697,0.49876304367576313,-0.01432663008662507,0.43758126934975744,0.3323329619217278,0.1633175793865484,0.481474923107684,0.6648444537557824,0.44138653053479454,0.33029210988263513,0.830831743360139,0.41479924446728944,-0.3294137918267706,-0.4687606479806184,0.9314454717806829,0.6496826944493014,0.1292470647005848,-0.38691480786957655,0.48474852258066825,0.22400119309905925,0.442333998841079,0.7155260777031177,0.45221850218322046,0.3070845372298386,0.3221633864346544,0.25390672859699476,0.1482343127131144,0.14504562708737168,0.27891602748367095,0.9382903966737516,0.5220232663494585,0.8175420045904641,0.7055348647650787,0.14489330890338784,0.8940828635451786,0.10377096780898303,0.4096534267551737,0.21031878666705978,0.05723237087204897,-0.0973159930319151,0.7695320301929852,0.10670826424933275,-0.32229220718966833,0.3172562836153099,-0.059492165993175805,0.35840390666785255,0.7041418164522569,-0.2388620952383664,,-0.5795722044755093,-0.003990668931031266,0.8600608073956038,0.7191723945268093,0.4575493181629168,-0.550768053585935,0.4970824586169228,0.493250048658942,0.32566924222009835,0.06819473047889636,-0.1126887540445393,0.35207423545513844,0.14641134807156225,0.5590681896806667,0.11906504321446855,-0.0022989930191187388,0.17916415041969758,0.3842794830696162,0.3202046308954879,0.989548702551799,0.227890904107202,-0.3512422336143988,0.14335715899181628,0.45703740886016636,-0.29342962414268037,0.2622540084321494,-0.4027087757994796,-0.371884710705556,0.03920793025284967,0.27448210073188173,-0.054277257451818786,-0.23954101408259795,0.4798406060120807,0.2456390645547547,0.375543051572616,0.27882779988903245,0.2102505543587419,0.06606082899019945,0.3632883265707466,-0.37436888149464725,0.34657335229800124
XRPUSDT,0.8853301095105242,0.9271334726558413,0.3886456959581143,1.0,0.8096739681285026,0.21431979907699666,0.6578905299990362,0.714529864781659,0.8199854914760408,0.7300742605522789,0.7659939430526498,0.19261788611332556,0.46404935404429914,0.8232833247527527,0.7479999623943053,0.18202232622654801,0.8172785064438105,0.17952680537947147,-0.34316604722153443,0.46325001031574364,0.3840140845090701,0.708723508487698,0.23075854535005416,0.7690192994335329,0.4738543078328894,0.8195796014821166,0.12961667119574768,0.8244814135219458,0.7684972868375403,0.7773294649357151,0.7823974170432461,0.7040931962196953,0.7540180057209849,-0.07232402916194869,0.2581737752915235,0.6553184253121443,0.17919512154372919,0.0838120756081563,0.5886572933578037,0.18684541610735947,0.7183788170107386,0.8083022719321694,-0.02675375636119038,0.30306858025171174,0.5201641703122573,0.23896983458983578,0.673842614470971,0.5050469202467914,-0.11613200245395447,0.5507686393251287,0.7410710099594235,0.5629627854131614,0.4720540415220832,,0.03207124997667796,0.7004569409683956,0.25673252387882617,0.765837805230343,0.35957351550269806,-0.2660920471064647,0.6506608404538282,0.7231456183597899,0.7304318229032437,0.7330310226962058,0.5650889592529305,0.5398946787892259,0.8111692413044364,0.6465198418793143,0.736353527032289,0.5837434219006875,0.7301664327620145,0.30375829410188054,-0.15317873120687497,0.4054978690585819,-0.16975721347001604,0.17382557924345068,0.7471726931595399,0.8284642931752771,0.388889660105705,0.7981512793118357,0.444845304604375,-0.5487415528337543,0.7755349900625542,0.8126015894161963,-0.11236985088324554,-0.3450219280130472,0.6568908397237484,0.7855653688581405,0.8277831112790165,0.720406723851535,0.8065161055540292,0.5793029179190579,0.6796773267961937,0.2535701916443259,0.7316286776581836
BNBUSDT,0.7667418458763073,0.8691251918192736,0.27709944785207635,0.8096739681285026,1.0,0.4443125895485428,0.8308033295448697,0.7477860394854825,0.8709092251230093,0.9299488183981439,0.8811669380641731,-0.05758895501421373,0.5453027735887123,0.8834831983020903,0.7432127232617096,0.04522917452802485,0.8700016409904798,0.37335559169932564,-0.5102431289019103,0.3517449407709065,0.5078734351947869,0.8980283988217623,0.35675957238512224,0.8688603822122165,0.4667443656880311,0.8643121186133093,-0.14169683478693657,0.8696768936436293,0.7898942099065804,0.9216478865879121,0.8851587193940913,0.8394174521009597,0.891167248380541,-0.053982887858985175,0.1907173804893501,0.7576424223498311,-0.03265605810533916,-0.19103823686829102,0.5392055626325734,0.07407083376266108,0.8918584766899584,0.8107257368211236,-0.15134263815186924,0.18540843149004632,0.6666021430062238,0.07687356601172878,0.8586358294174501,0.6533255301927485,-0.4175805328734835,0.6825319615391494,0.8818332188779072,0.560924247618404,0.555711433306265,,0.012165242947897795,0.8452366264960318,0.04476244441422357,0.7268671178227094,0.47494662753771283,-0.05512252301022679,0.8270853975346543,0.8724678255845543,0.8997535364648919,0.9050208885003762,0.8091705295563211,0.6527690152543386,0.8757139002354617,0.5895418987751863,0.9140917310801453,0.8568164061536327,0.931858818012726,0.3712015928989977,-0.42477070343389683,0.28707975827460525,-0.19218519155982666,0.1271149858486484,0.9601990595047921,0.8785761282635388,0.69228684304098,0.9369444176456346,0.58696189430539,-0.5169977427752931,0.9324917483829109,0.9765930455194103,-0.22593044169335696,-0.4852378915000408,0.8383801116344415,0.9442113314762575,0.9101697198501861,0.8581586865256818,0.8882622923229901,0.642496054328811,0.6140278356151075,0.38921777642145194,0.7013479499641562
USDCUSDT,-0.12487238208578962,0.08743019329243995,0.14915065570877697,0.21431979907699666,0.4443125895485428,1.0,0.5043867457976277,-0.07000292588407413,0.09040739448902659,0.5309950540251198,0.10197339766835467,-0.707071341138883,0.3046838553627179,0.12470099983468182,-0.15241598185721683,0.17936850309783,0.07181874719283239,0.10678694394710578,-0.5114557794013436,0.01334360724126932,0.6251483375825279,0.3057261843139891,0.043016705600607344,0.35175504891100706,0.13444193738263527,0.06705361838911567,-0.47160144471758964,0.08325628186668102,-0.09019698659977692,0.2625522689382405,0.19400928418371588,0.23124207763820812,0.20738056576721234,0.6094394123109337,0.16867197182321456,0.3034647422386749,-0.2321266717729754,-0.3913879030799767,-0.21293454552606755,0.24120212764836288,0.24197662158538502,-0.07472285935984091,-0.08452065668832949,-0.6948360859731207,0.03615425287207425,0.004176280830129804,0.26154697507130015,0.263635206783538,-0.8223557640412809,0.3220027341984492,0.2557493320011214,0.016092297809750352,-0.30899020284811923,,-0.2887443461890737,0.2092102611006445,-0.011870081006380661,0.033207399392086,0.20147451171271688,0.0781057884804087,0.5150365534756566,0.41411676625135474,0.3504597485378906,0.20643774358560177,0.3443238415180589,0.11555251244585281,0.06527118286694195,-0.07252597304591642,0.2959159918522528,0.5642857236840491,0.4199466816676681,-0.03291981663440377,-0.5484879443238335,0.1798534031860387,0.28530096690945156,-0.6440085163860272,0.49560569359737855,0.0991640831225925,0.5813761749131379,0.2585409867668819,0.235977736283658,0.23922524159489703,0.2740420997221877,0.4340318458144529,-0.33475068930991303,-0.43527790317707743,0.5175629303273281,0.27959090129620484,0.14350610245304332,0.4116498395688831,0.065606407649904,0.08904292533994212,-0.3404346314330053,0.06380182209871936,-0.2120096474693968
SOLUSDT,0.6064317139703821,0.7534110060810263,0.49876304367576313,0.6578905299990362,0.8308033295448697,0.5043867457976277,1.0,0.4170219205297389,0.7542337505358578,0.9294491397930759,0.7461801657509134,-0.028009973549703193,0.8209736843774447,0.7730033599225595,0.5902589705536239,0.15367186034817712,0.7480304679352869,0.4162988946685645,-0.780374049957472,0.5371025412837871,0.7571137773254211,0.823976406913067,0.2745064353115946,0.8279536831745026,0.16521333419622458,0.7444988417667684,0.0014294384622966095,0.7535996429697479,0.6303728849655897,0.8871569211526613,0.7029980781113566,0.7222339398119655,0.7761148968949241,0.04600375409853511,0.5139479871444119,0.8252195578950569,0.07820078436449843,-0.1001512664747247,0.30691980596339885,0.3160339938017339,0.8134979823735337,0.6442321558250275,-0.06939115144478968,0.14806124230665563,0.5204854298583893,0.25311798992336476,0.8355886226417298,0.353354498995985,-0.3504926315540212,0.33089292516065405,0.8467463426127461,0.7759562562149875,0.3891828785151481,,-0.3520290002633525,0.5553027123920887,0.09472924071743835,0.7101595238890018,0.8025623934769027,0.057508924008886464,0.9782241928196446,0.9568886639750627,0.9290069933674452,0.7702646740883058,0.7714118241398712,0.8152088040023934,0.5944595117199059,0.5681982699535872,0.8121319473936235,0.810446032077585,0.8510735427269167,0.6674000342830778,-0.3895305327663158,0.46408986796096807,-0.152233126091906,-0.08703326319251507,0.8319101559995694,0.7663882608762701,0.6380838073917224,0.8400616271893205,0.2213895507635254,-0.4783136641742881,0.6844757004444357,0.832303112942754,-0.25811337649891686,-0.5055498455177561,0.9802211861763516,0.8692608223809882,0.7983938977826258,0.6712745686136974,0.7115333409021564,0.47827450364112284,0.4778304423236087,0.3137707266298135,0.5513222406175655
TRXUSDT,0.8376890946273647,0.776644588887472,-0.01432663008662507,0.714529864781659,0.7477860394854825,-0.07000292588407413,0.4170219205297389,1.0,0.7796303302301026,0.5768994464132446,0.8485477962953828,0.2332210374137951,0.1314800622565989,0.7717056706075676,0.8312313564686856,-0.22138655546634955,0.7877142348472378,0.32162913824586337,0.0399545478520245,0.14073420158463817,-0.04070146488965378,0.6932427406957713,0.5818120394677142,0.6442622684203864,0.39760623944609536,0.7774962711345712,0.050675460096507745,0.7830051958988159,0.8402099631555873,0.7163491561414408,0.7814382511875548,0.7485806731639512,0.8499378370265095,-0.23888255221592028,-0.22095463256536588,0.4453146544806915,-0.1420665506401732,-0.0377899977116104,0.8240020631501368,-0.19780899882892752,0.7695960180165036,0.8213526822943256,0.11690185479683585,0.5886172002853899,0.5821860445555007,0.08720631638571934,0.7091270844363329,0.8225587711516194,0.0033560907565699802,0.5313697681866901,0.5945616941643525,0.3617594769731222,0.7350831304219736,,0.48459279356741747,0.7379483437325148,-0.002807429048464739,0.6265071297082639,0.11611699872121395,-0.27470613243077613,0.4038761381156757,0.5325357929705017,0.6426797775503813,0.7786060609591232,0.633079190286686,0.4359781547933948,0.9535541167162013,0.6437733674895032,0.7652566097198431,0.49284592462989496,0.6596970130294939,0.13103686559164765,-0.08964055483324851,0.01970785240062141,-0.4493856745477554,0.5163583917196618,0.6934051886428094,0.7781688331420372,0.427280900765667,0.7968474618823792,0.7603833908997398,-0.5447183938987807,0.8651861660065927,0.7508651685895726,0.07359007220135294,-0.10297968157439229,0.41634604739337655,0.7627457293499202,0.8090906418502407,0.5833501934981781,0.9117366196900609,0.7572001470353559,0.7768152211422567,0.5935206566129199,0.8361161509207476
STETHUSDT,0.8931405315295123,0.9536140333502078,0.43758126934975744,0.8199854914760408,0.8709092251230093,0.09040739448902659,0.7542337505358578,0.7796303302301026,1.0,0.8061071400471825,0.8854944617580057,0.3583152142908488,0.6128990481543239,0.9533616137772907,0.8859669266498418,0.16926132545888267,0.9571791741303155,0.24857036442800637,-0.3977770618878823,0.5437520550898156,0.4351688539108132,0.8225842737353687,0.2589141699661347,0.845653089474766,0.4744536355386934,0.9582695068865712,0.19592452083134715,0.9580936759131288,0.9034900110552994,0.9015963080897229,0.8962175253707851,0.7632880422557081,0.850495688709018,-0.25772420196260937,0.337174903686663,0.7733056790415539,0.23757033523671578,0.13111932766846024,0.6910123236317995,0.17550594313380938,0.8281148872147768,0.9457702889408505,-0.08813265372262187,0.4912526715580887,0.6316793897923243,0.23330378881950714,0.8054687643390924,0.47887509479809504,-0.022556516963050947,0.5438982248263838,0.8906096489378805,0.7409857123167302,0.6577395638074064,,0.0301198155704776,0.7823621431629255,0.23096894695235723,0.8736880016448325,0.4923646875795797,-0.18989075588144094,0.7444314637825077,0.829940877392499,0.8459902312659068,0.8580407126517767,0.6707683657831189,0.6783970900083458,0.8949855460205978,0.756862686791305,0.8264216672277721,0.6484104296869302,0.8124228421133421,0.46347790648389514,-0.11556495904656357,0.4342432958868077,-0.21619441155547195,0.34782939807054863,0.8109435598585508,0.9609415965253971,0.3973209998059632,0.8986403996799088,0.4189939473445783,-0.7368724116054556,0.8431455976999874,0.8784038024776599,-0.07774731160752317,-0.4290790261032386,0.7532460934262596,0.9048118652666437,0.9460160311873939,0.7640585161285943,0.9232319532999602,0.6070297530101066,0.8396623390326076,0.28701465216489697,0.8731700599478834
DOGEUSDT,0.6735578042435362,0.8046219480914814,0.3323329619217278,0.7300742605522789,0.9299488183981439,0.5309950540251198,0.9294491397930759,0.5768994464132446,0.8061071400471825,1.0,0.8303290438831805,-0.1264077578335579,0.6819952127811914,0.8242023215169895,0.6481429901016071,0.04551093663296919,0.803738509453284,0.4509652586860719,-0.684566128252954,0.3906540344526633,0.6452055984424887,0.9008672670254126,0.3395327711810139,0.8532841266583522,0.3111966220518232,0.7968236109102753,-0.16574171619949363,0.8032351313899129,0.6995578161508569,0.9267251367742615,0.8054970176495262,0.8066283286483116,0.852625829247945,-0.01508886688719229,0.3152489825011875,0.7999881365330361,-0.04566796992324129,-0.2413123617469828,0.38763476665020025,0.13918511125727095,0.8863578406508976,0.7110081642151116,-0.16737939192093323,0.12321818904089961,0.6372430096098365,0.09027063216336391,0.8810903185321446,0.5331120123146659,-0.4749028270537979,0.5483766110322611,0.8893343023808559,0.6407841730580651,0.4937333447831666,,-0.17404613025494092,0.7370294556882331,-0.010806825486367912,0.6830246256833946,0.6574635185390867,0.08298038135245035,0.9303033437438001,0.9340948896311424,0.94189034122514,0.8742858051751459,0.8479301954982518,0.751565734059941,0.7370352477540475,0.5350124806936591,0.8990549180082846,0.903072499213734,0.9355282652562875,0.5294036404680508,-0.4944630151076975,0.31706126621563047,-0.17905376729904793,0.01221795718897518,0.9416047494021055,0.8156063303930959,0.7479914038185088,0.9093968801722955,0.4368863864876616,-0.4722344905031015,0.8402898291937875,0.9325151591727355,-0.2823957944726731,-0.524082563435924,0.938579581777334,0.9335841510772872,0.858089336700032,0.7941208844399298,0.8039299217277708,0.5621175776500235,0.5119467238546805,0.3776553743534909,0.5991125461375965
ADAUSDT,0.8973505494333128,0.885967394957668,0.1633175793865484,0.7659939430526498,0.8811669380641731,0.10197339766835467,0.7461801657509134,0.8485477962953828,0.8854944617580057,0.8303290438831805,1.0,0.1389875330606966,0.4438129244095324,0.8875370801450781,0.8807380482359359,-0.1967505701763158,0.8931760721715699,0.5439817003947361,-0.4360228796434414,0.34338442611064623,0.24090756190900173,0.9076283931454606,0.49535355338176174,0.802124515113988,0.3164915135704007,0.8851540711469065,-0.012179617026513481,0.8867110099302546,0.9091624179409772,0.9451958346849137,0.8421451910927991,0.9177217383402677,0.9495252177102729,-0.33916934843683977,0.08259461272394612,0.6976191014488744,-0.057229273034740395,-0.17854456899176704,0.6083400576656746,-0.11075453337376241,0.9552532411269168,0.8892028848075434,-0.10596998791262109,0.5391481597417588,0.7900311992925579,0.04487251153073649,0.8927360572226036,0.6538485110429763,-0.14982164922752234,0.5543859079718417,0.8463611932220997,0.601279982780711,0.7894737247551981,,0.071612938312137,0.8055733584000526,-0.08404507164893145,0.7559638698500342,0.566149980615099,0.013971650643473891,0.7419653815886231,0.8214246580590253,0.9012312114822485,0.9475965672452012,0.8343005908633886,0.7949714371922193,0.9156782606739728,0.6457458327149801,0.9527743614232452,0.7624582175586883,0.8964570592237667,0.5564205510765096,-0.3577625911824973,0.14127954282851565,-0.5131624637849753,0.38673994266558986,0.8654183755882049,0.8920559715214685,0.6375914635376081,0.9667787821469239,0.5400599053836286,-0.6060830115698778,0.9231794729958275,0.8876212988513488,-0.16670889107271417,-0.22610575181132123,0.7499558399107793,0.9558145837594877,0.9511742540985545,0.7299325542970777,0.9634290089257838,0.7363699492717592,0.807393623350245,0.5244051258016871,0.85271213494576
FIGR_HELOCUSDT,0.4117922540624242,0.3582108885040422,0.481474923107684,0.19261788611332556,-0.05758895501421373,-0.707071341138883,-0.028009973549703193,0.2332210374137951,0.3583152142908488,-0.1264077578335579,0.1389875330606966,1.0,0.2970514459440666,0.32928786148842926,0.4509841024173356,0.3848135099150562,0.3634491040697388,-0.3185536350815943,0.2536295518529238,0.5279782276861856,-0.010885487396145203,-0.05214217553784299,-0.12161576758166417,0.12389667380780824,0.10428004304373974,0.37738418738270235,0.8299454610345403,0.37084022585286114,0.38574507722908036,0.09214941247413563,0.20145423016096517,-0.08221837578168298,0.06928371802610483,-0.339957508563667,0.3909751957082651,0.17275119696465052,0.6270063153578592,0.8236407288218794,0.5478258698352437,0.3554170875779616,-0.02143866587683693,0.4472821388980251,0.2667426788064887,0.7327191991080885,-0.08448002827824673,0.5064292450980082,0.027804720782510752,-0.23518184868667072,0.8719323847904211,-0.2631750533416805,0.14500546069847212,0.5565078215973075,0.2716029039318767,,0.12291351491277477,-0.04306089709012939,0.5463842604505686,0.48775897117947814,0.056309897154810586,-0.46870917106601706,-0.04613731602812749,0.055813522152264934,0.02185131296590934,0.01060901572180199,-0.20534798605497345,0.10206134313928567,0.21397702482371578,0.5659635746043521,-0.07941683449467479,-0.3811701939624805,-0.15530037010302655,0.1821263463100838,0.7615952797401048,0.47241841731094547,-0.00012387226185269962,0.49859912878746043,-0.1872707186031111,0.35554295443464967,-0.613644562808645,0.059027332668383774,-0.23047771452301957,-0.6189679345346202,-0.0574813435588998,-0.04922636379454233,0.4028402848275388,-0.012748478724324285,-0.049068750657484804,0.05954708058920887,0.2330492893687959,-0.09846251637210582,0.24376749510621218,0.0429340954289154,0.6136001439640664,-0.12811046196927364,0.5252584737435313
WBTUSDT,0.4026814056892982,0.6082881164978631,0.6648444537557824,0.46404935404429914,0.5453027735887123,0.3046838553627179,0.8209736843774447,0.1314800622565989,0.6128990481543239,0.6819952127811914,0.4438129244095324,0.2970514459440666,1.0,0.6340208204355136,0.40095471514935455,0.44502417407670997,0.6076300245015809,0.08754971903714238,-0.5938444906274053,0.6010345126992145,0.8987463708924714,0.5457655437577426,0.05542841429615356,0.6348509591628865,0.07333251440975674,0.6075067750817899,0.24584647886285202,0.6120061362261321,0.41557906841494446,0.63345265324064,0.5548001358469408,0.2908018564223092,0.47966319307381444,0.06522069852624957,0.7249303567681504,0.7446052625872317,0.3033344613042266,0.26848815526421643,0.325844128205392,0.5582001782203051,0.4928716313079461,0.4763670175160357,0.016965981341131336,0.17804399834587586,0.16877097525758666,0.4107859042973413,0.6327288076642021,0.003150115328323538,-0.07416127346342662,-7.965407253064327e-05,0.7102273444373407,0.9010732160590539,0.2318944056939193,,-0.32962187461272596,0.2744253716678599,0.2960919836263407,0.6008643825309421,0.6867213727849079,-0.01888482662366202,0.8161586189821239,0.7784762385105584,0.6924415299060394,0.48428450383854554,0.5015039614933035,0.576559547422185,0.32173352410089134,0.5655896334992866,0.45219969894066764,0.5021977600966282,0.5180607877934278,0.5581449941245327,0.03157958280753768,0.6327244498891672,0.21806815569807922,-0.024087545573116098,0.5276980880579156,0.6171668329305124,0.24253367040802842,0.5304536612397993,-0.0555897002135046,-0.5821674235657748,0.3363701187929584,0.549475175804314,-0.0012783398366339334,-0.7038536579924247,0.820798003448122,0.6095381798794601,0.5509657347336989,0.395926437126513,0.45884769648929663,0.14250967136264808,0.3580212701335102,0.08928487906804626,0.399194593158491
WSTETHUSDT,0.885558915226686,0.952703782196971,0.44138653053479454,0.8232833247527527,0.8834831983020903,0.12470099983468182,0.7730033599225595,0.7717056706075676,0.9533616137772907,0.8242023215169895,0.8875370801450781,0.32928786148842926,0.6340208204355136,1.0,0.8773282029477907,0.17111761095662492,0.9556385844210025,0.25784857162645125,-0.4215815449919075,0.5437584829880683,0.45649357898531534,0.8327828632540456,0.2606802400139861,0.8555348030420952,0.472434796744709,0.9565251165244167,0.17737619626547535,0.9569219089371421,0.8971797982143036,0.9101350269213175,0.8980023673145492,0.7720279426696104,0.8560889978598635,-0.23740511817683277,0.3441009465960914,0.7829031494119121,0.2272849995792744,0.11261454009767116,0.6759160220009558,0.182149670989967,0.8364973732762914,0.9389741244249771,-0.09256955262546086,0.4657294627575798,0.6341660582364637,0.23134866607290835,0.8140183683419919,0.4844126556957728,-0.052875797121278184,0.55108485457541,0.8977489901286246,0.7408688876485033,0.645649237572421,,0.013069762626913032,0.7856064382390059,0.22568611071309846,0.8719622138633242,0.5057278366164252,-0.18065042766484338,0.7638352355632638,0.8446047320749605,0.8585203874016777,0.8639016506313925,0.6836384106396457,0.6867618775881184,0.8920765022321807,0.7501935813103258,0.8366227349495051,0.66903590120928,0.8269246442896082,0.46886290114606954,-0.13977623481702228,0.43793511434281623,-0.21081216727712393,0.3217760911306206,0.8264115001169403,0.9604855697123448,0.4204485042836221,0.9064339182495934,0.42181862044915885,-0.724359025662516,0.8494393015978906,0.8906040379676397,-0.0934512020682376,-0.4399592506583046,0.7725342678598426,0.9132412779229284,0.9485575965550708,0.7753224611366113,0.9220957865693787,0.6086282332339057,0.8244186709684458,0.28961864191500486,0.8619927366556405
WBTCUSDT,0.928559929956661,0.8881516484495174,0.33029210988263513,0.7479999623943053,0.7432127232617096,-0.15241598185721683,0.5902589705536239,0.8312313564686856,0.8859669266498418,0.6481429901016071,0.8807380482359359,0.4509841024173356,0.40095471514935455,0.8773282029477907,1.0,0.004022775603582817,0.8922006706812925,0.31164585321740695,-0.27954800468729857,0.5102351605248833,0.14552418176185228,0.7365406301309563,0.31270502750424783,0.7343831775697663,0.38904919386828635,0.8945482152761923,0.2966953164182196,0.8933554539372311,0.9304881512710195,0.8270501877597214,0.7847094029086003,0.7871984605136285,0.8185015762339305,-0.3975304197727252,0.2056735586456226,0.6362380365358365,0.23089688175296852,0.14737880859496363,0.6868916804140849,0.03735202106349481,0.788786898587607,0.942780821952335,-0.02260199805009124,0.6752858545252207,0.6663033381358395,0.2186631947625744,0.7139121364868012,0.4721875669392219,0.18101038981869802,0.46526534421968624,0.7556936914102429,0.6456111059494769,0.7254241735255852,,0.07868259693930255,0.7044420755961455,0.18111258673787653,0.8491794750196322,0.454117969535951,-0.21705175498622045,0.5812622450717769,0.6958858620999467,0.7468544309005627,0.7982039825378191,0.5793720775295758,0.6899605937549372,0.8824045506848321,0.7392778468543711,0.7838477931129667,0.49343618314105636,0.7129312214382283,0.49873276776201575,-0.05890491600642564,0.31500965054984575,-0.4547759594966763,0.4621661819576327,0.6698193444836025,0.8936296965341954,0.29894108138558617,0.848229889746709,0.3794108569972059,-0.6980820702897849,0.7865181070388939,0.7510533805752153,-0.05257761145617871,-0.13099075691921608,0.5848055541158359,0.8205466711258712,0.9063097229841657,0.638906849583163,0.908675803273683,0.6656277046679064,0.9250039868217598,0.33284998347370903,0.9266603395808722
BCHUSDT,-0.02143928129634306,0.16986591182074964,0.830831743360139,0.18202232622654801,0.04522917452802485,0.17936850309783,0.15367186034817712,-0.22138655546634955,0.16926132545888267,0.04551093663296919,-0.1967505701763158,0.3848135099150562,0.44502417407670997,0.17111761095662492,0.004022775603582817,1.0,0.14719551708647927,-0.6739508549994206,-0.13482776405976746,0.6514000536784403,0.575631049839247,-0.1771419994002019,-0.6207873390998305,0.2046260808390211,0.3653694883765047,0.17542015933196495,0.5456904092188049,0.17921451904693103,-0.01688693332318843,-0.04374349276802565,0.09006776875970633,-0.2500963739643907,-0.20754438991474333,0.3942076175024327,0.7713727621315257,0.2552162783273498,0.7867929033147761,0.7299471426899613,0.05244441391131116,0.8542768926705827,-0.2668121244264667,0.12791932233825454,0.1056469213473991,-0.2639224139901512,-0.3775132016710989,0.5969484344173012,-0.2199101163761414,-0.4447125738954056,0.21917050744948915,-0.012307398694173697,0.1118794272835828,0.3640463432413084,-0.49057682237445677,,-0.3602533617878077,-0.09982999720291495,0.8807190019736777,0.38622783948841455,-0.021038412047101614,-0.5753369735013871,0.14717643464423216,0.13645457184981394,-0.052521029979143506,-0.22582624029467674,-0.4057629377059135,-0.15544405496096453,-0.07499098942096705,0.28563304988276284,-0.23861794967127684,-0.2175327907621589,-0.12140614974354814,-0.1089477444027764,0.45349492534396596,0.869627426387724,0.64904664697049,-0.387121417560008,-0.07686687219999208,0.17953486735661636,-0.5082139444482122,-0.09731260729509851,-0.3802167231726906,-0.1982367209916844,-0.18299884642112127,0.04254221438467954,0.05771683084188988,-0.3903580649655235,0.139131040546383,-0.08699902332095602,0.035792086938387146,0.15610144390386155,-0.10405394356924105,-0.24189378281207174,0.0400771407957078,-0.6202931562309152,0.025974015638815472
WBETHUSDT,0.9003288795102053,0.9564439547607733,0.41479924446728944,0.8172785064438105,0.8700016409904798,0.07181874719283239,0.7480304679352869,0.7877142348472378,0.9571791741303155,0.803738509453284,0.8931760721715699,0.3634491040697388,0.6076300245015809,0.9556385844210025,0.8922006706812925,0.14719551708647927,1.0,0.26176788623969366,-0.38882789611903756,0.5262230473541339,0.4205911978044048,0.8304387107003823,0.26778121459899024,0.8397761034597954,0.4740343897408554,0.9617546221871477,0.1821766158524203,0.9605452639229333,0.9101407521485332,0.904961830284022,0.902522544459093,0.764817780852189,0.85498370536051,-0.2882140116155972,0.3190437263914468,0.7706699764101412,0.22420366338937986,0.11706199865410749,0.69782606236138,0.1482394417643877,0.835380920261551,0.9507601484679973,-0.10549187146325019,0.5081098416595327,0.6478533709879811,0.20824417223008396,0.8140743967791816,0.48353475069518714,-0.021541963846474343,0.550294684706203,0.8973808451814923,0.7376629969940272,0.6842951186703863,,0.047062884173876406,0.7946306253878213,0.20579699820900968,0.8655385546578255,0.4897778830236788,-0.16685706236642708,0.737954306430514,0.8256401201989785,0.8471337019087746,0.8694550921672555,0.6826447307791176,0.6804245503201609,0.9011461757229976,0.7517371886701598,0.8317460517166362,0.6547496022080559,0.8160065803664233,0.46657123357171504,-0.1204891653123702,0.4098824006688529,-0.22485931065026413,0.3779096429744757,0.8137613970718389,0.9631439832898914,0.40416875088630766,0.9013203157425699,0.4276608615430599,-0.7472387197310234,0.8502128154154948,0.8781498464690879,-0.07387137286054722,-0.4324770148756264,0.7476109959944713,0.9098992354184672,0.948352105037337,0.7639291169591246,0.9296469518538587,0.6066447140421226,0.8477125672500654,0.296029618291954,0.8791047947092163
ZECUSDT,0.3391241857804243,0.2507935273913076,-0.3294137918267706,0.17952680537947147,0.37335559169932564,0.10678694394710578,0.4162988946685645,0.32162913824586337,0.24857036442800637,0.4509652586860719,0.5439817003947361,-0.3185536350815943,0.08754971903714238,0.25784857162645125,0.31164585321740695,-0.6739508549994206,0.26176788623969366,1.0,-0.4292799051802039,-0.14196205980968946,-0.06510771190324038,0.5689756300073524,0.5449798490521408,0.26872449255842396,-0.22977050122183518,0.24223048234203098,-0.3884139940571185,0.24203555689678913,0.3487012378098354,0.5138478651189593,0.24560873415361642,0.6143697309221434,0.5415727789358981,-0.34350887535269536,-0.24337336677233046,0.2502419208581287,-0.4899897729324275,-0.6356943205705761,0.0002001935012645431,-0.4843240154154982,0.6350299706116029,0.2409505656216473,-0.1854756876670739,0.28348743953498773,0.624148719764688,-0.3381293644024648,0.5781685686183471,0.4207962375207049,-0.32482870715138934,0.17444562663386648,0.3650831173378019,0.1401958609487341,0.5660599943122719,,-0.07059315535171586,0.3426659587921924,-0.6312078871953436,0.10534957805320873,0.5525183423438405,0.536448404247884,0.4269382149979441,0.41653414707048836,0.5390677902627556,0.570250881687301,0.6921230478783782,0.6430642699488691,0.3205096243642092,0.04543682893689441,0.6201017712150905,0.5931876145052671,0.5549275654384362,0.5691361024988466,-0.6199399862489692,-0.3989626501769768,-0.6625067222453707,0.2031872845940819,0.4702630627511803,0.251753046389042,0.7207342741047931,0.5202695167371684,0.27699194850602377,-0.07053351723555978,0.4659030862290293,0.3771383498650182,-0.27819834355692574,0.12563119374998122,0.42912941065069965,0.5174112607375685,0.39687071801411794,0.23537023662339415,0.4248501462829448,0.42163522906640116,0.23775756386332117,0.5668606692778115,0.2650249351311382
USDSUSDT,-0.29845109178667933,-0.40571269801051485,-0.4687606479806184,-0.34316604722153443,-0.5102431289019103,-0.5114557794013436,-0.780374049957472,0.0399545478520245,-0.3977770618878823,-0.684566128252954,-0.4360228796434414,0.2536295518529238,-0.5938444906274053,-0.4215815449919075,-0.27954800468729857,-0.13482776405976746,-0.38882789611903756,-0.4292799051802039,1.0,-0.5307513748283497,-0.596980881993593,-0.5660247994433841,0.11326321459888405,-0.5371099121962847,-0.04456606688784194,-0.3974110892990332,0.08897124854533077,-0.3977356248059693,-0.3242147561088981,-0.6210591405557432,-0.29924016100119416,-0.5726289462147592,-0.3950129900278577,0.033129363548174494,-0.6135370662364664,-0.618303580191616,-0.21062112876257982,0.2598201196656575,0.2883182366558598,-0.2657432075626396,-0.5282459364244357,-0.33009090766081967,0.35133465732511293,0.1438120378178534,-0.5039358228345481,-0.05341813751048516,-0.46231241856725236,0.10237550361302886,0.3909995259496505,-0.27389735832493267,-0.60778113820812,-0.49364502576148644,-0.09174659616675794,,0.8020088032387342,-0.3170167741971961,-0.009929111984453272,-0.47645774266715984,-0.8747764289668373,-0.32456139982751175,-0.7977278721302411,-0.7265002388376042,-0.6611113570450822,-0.4785612771469773,-0.47075926533299234,-0.7788238617374335,-0.17424563368682178,-0.16795611079901535,-0.564082131226588,-0.653310070383418,-0.6556178928149407,-0.7890512439689471,0.6070817708932866,-0.38688088714885716,0.19556930813745962,0.37396963427228946,-0.5452959283130286,-0.4200481929788847,-0.5221918565542492,-0.5478148978757161,0.23667768295875125,0.1377605737990588,-0.35066762095684223,-0.5124730239241556,0.5501835103800915,0.21440475362562172,-0.7861862387172406,-0.5539845801728136,-0.4946281043663651,-0.5266683431839813,-0.3092847966326251,-0.19508544166997177,-0.19991393134908633,0.0782236849900058,-0.2069532568459789
BSC-USDUSDT,0.4823333485014585,0.5509289923262788,0.9314454717806829,0.46325001031574364,0.3517449407709065,0.01334360724126932,0.5371025412837871,0.14073420158463817,0.5437520550898156,0.3906540344526633,0.34338442611064623,0.5279782276861856,0.6010345126992145,0.5437584829880683,0.5102351605248833,0.6514000536784403,0.5262230473541339,-0.14196205980968946,-0.5307513748283497,1.0,0.49343458318114575,0.25911871131276526,-0.29513643457048205,0.5463307046707372,0.2235773798345574,0.5534319793620156,0.7261154470613533,0.5599434512518267,0.4864455842404802,0.4579902477492212,0.3235048741111556,0.3506630910446592,0.28687840411055443,0.060698707704523194,0.8710544656218774,0.5652369671030852,0.7984592286414051,0.6171548783040397,0.18515934744648835,0.7362073833475156,0.2651392987296679,0.5636896707084967,0.14292112901264287,0.2569322095975104,0.128272795269148,0.6930731354950375,0.21125477863538553,-0.24681106740829045,0.38555652542032176,0.024604551063270756,0.4473508088250889,0.7333259566552431,-0.02913043945591711,,-0.5903645520504415,0.1157223066757427,0.752779148208909,0.8230505536161332,0.5784403412777648,-0.4737616844590682,0.5372285486380257,0.5616532822661991,0.4344885249976836,0.22133045502949875,-0.0018293506756945084,0.5408036001909253,0.2853009808733154,0.6159210450515844,0.28157426700192717,0.0732171110398035,0.30364289961679325,0.5609230718251331,0.21808860342006772,0.9001436364866937,-0.046098638517020694,-0.20254520277661459,0.2200064497562988,0.5659895232283382,-0.20556275847948224,0.41067032654558216,-0.3669870415693651,-0.44295210218645853,0.17346010065590448,0.3519995726907327,-0.12809122479917115,-0.07989431520414864,0.5178919150431306,0.3727668358236355,0.5223335570566042,0.35135353824147014,0.3629455141431796,0.2171507429367256,0.5576509767583054,-0.2806126850093137,0.5188902991800127
LEOUSDT,0.1533570435590118,0.4297265496843835,0.6496826944493014,0.3840140845090701,0.5078734351947869,0.6251483375825279,0.7571137773254211,-0.04070146488965378,0.4351688539108132,0.6452055984424887,0.24090756190900173,-0.010885487396145203,0.8987463708924714,0.45649357898531534,0.14552418176185228,0.575631049839247,0.4205911978044048,-0.06510771190324038,-0.596980881993593,0.49343458318114575,1.0,0.4137828726630173,-0.07886819119856904,0.5622229334741419,0.14495266804551607,0.42258811358823745,0.06109498710375022,0.43226083998615233,0.17621329039599226,0.4724565445638793,0.4376280736976194,0.15998673926241708,0.31409659868949397,0.3834909576941944,0.7009622411146136,0.6448475252013648,0.24371301370816462,0.17343981579137732,0.13048741177391013,0.6448885473552702,0.32526544703622595,0.2558652466776338,-0.001637532013279607,-0.24158128328410758,-0.005793038153938221,0.37919698241759664,0.4625352086420376,-0.01148760574442927,-0.34758899416808353,0.07944507668947808,0.572076178001154,0.6731187757680785,-0.09182881658477277,,-0.38347067853210404,0.20615924096293972,0.3494702064547385,0.4308645674179341,0.5054157726613749,-0.06692804180041048,0.7560848123062036,0.6790418064336083,0.554579404932865,0.31985922120219484,0.3759356351130481,0.3470777111866249,0.17124353267352055,0.3711629650684065,0.31831538444077395,0.4966352281831339,0.4432279173144492,0.29994471769398395,-0.07658563921553942,0.6502639460664761,0.4620279251613701,-0.34743821191893537,0.500892431805187,0.4412720552386251,0.2732597794956218,0.38266674639380704,-0.033181649879627545,-0.32263127113590756,0.24677882527759445,0.5062679820432416,-0.08813213042112832,-0.7776464928808793,0.7605384984265531,0.45950315825951327,0.37459559189885355,0.41260995805358264,0.25940999696287825,0.01936144303017342,0.04947409740617818,-0.04796296875917133,0.1279655737775122
