,BTCUSDT,ETHUSDT,USDTUSDT,XRPUSDT,BNBUSDT,SOLUSDT,USDCUSDT,TRXUSDT,STETHUSDT,DOGEUSDT,ADAUSDT,FIGR_HELOCUSDT,WBTUSDT,WSTETHUSDT,WBTCUSDT,BCHUSDT,WBETHUSDT,USDSUSDT,BSC-USDUSDT,LINKUSDT,LEOUSDT,HYPEUSDT,ZECUSDT,XLMUSDT,WETHUSDT,WEETHUSDT,USDEUSDT,XMRUSDT,CBBTCUSDT,LTCUSDT,HBARUSDT,AVAXUSDT,SUIUSDT,SHIBUSDT,DAIUSDT,WLFIUSDT,SUSDEUSDT,CROUSDT,USDT0USDT,UNIUSDT,TONUSDT,SUSDSUSDT,PYUSDUSDT,DOTUSDT,MNTUSDT,MUSDT,CCUSDT,TAOUSDT,AAVEUSDT,USD1USDT,BGBUSDT,NEARUSDT,ASTERUSDT,BUIDLUSDT,OKBUSDT,ICPUSDT,USDFUSDT,XAUTUSDT,ETCUSDT,ENAUSDT,PIUSDT,JITOSOLUSDT,PEPEUSDT,JLPUSDT,RAINUSDT,APTUSDT,PUMPUSDT,HTXUSDT,ONDOUSDT,KCSUSDT,WLDUSDT,POLUSDT,PAXGUSDT,SYRUPUSDCUSDT,USDTBUSDT,KASUSDT,BFUSDUSDT,HASHUSDT,QNTUSDT,ALGOUSDT,RETHUSDT,TRUMPUSDT,RLUSDUSDT,USDGUSDT,ARBUSDT,ATOMUSDT,USYCUSDT,GTUSDT,WBNBUSDT,BNSOLUSDT,VETUSDT,FILUSDT,FLRUSDT,FBTCUSDT,RSETHUSDT,XDCUSDT,KHYPEUSDT
BTCUSDT,1.0,0.8546918026559421,0.21900556132139218,0.7877048296657687,0.7526535687074924,0.7025451732680513,-0.30717945085140475,0.8026406023360119,0.8542713719193726,0.7368993511545167,0.80653023583952,0.46515487454476473,0.8418867792282353,0.8482638147452176,0.9431008597771445,-0.10847457341177041,0.8611577218380168,0.33152171400259883,0.2706578395091396,0.8159199165652978,0.19754600562894692,0.5135500444045745,0.22989417643293608,0.7649087774420541,0.8605853980233545,0.8548228571115771,0.17757862003519412,0.5545082534966345,0.9497477073581789,0.8474206434676248,0.7299744722827327,0.733995965295245,0.7248729021978418,0.6919967256871209,-0.18858293050214925,0.09572341049540675,0.07703551172582339,0.9042523397335798,0.13569956147068213,0.7780769342773057,0.6948241431340281,-0.002843212276926852,0.19329008723680943,0.6020482389711261,0.6755925143183801,0.4598554692942624,0.5714541603096148,0.7281631609249927,0.8196637732834631,0.2073134972009629,0.5056117839964,0.7084710416902632,0.6437952823125451,,0.7708342314241561,0.7399168393036771,0.10971102460528395,0.47120455945591116,0.74747498834892,0.6489328290077535,-0.2406128231830934,0.68543432472795,0.7186737246609687,0.7792229501195986,0.2723469963941027,0.5154146097344467,0.505601395171724,0.8334054261054861,0.8085359534126221,0.8424510276302953,0.5096484060355203,0.6799520293068319,0.41011062634750045,-0.1552722776138288,0.027414427292212103,0.5871708884581831,0.19145897630724606,0.38319531088540326,0.49361363516780027,0.8367405678995326,0.8446310770408029,0.5870721242236434,0.41233535801374294,-0.17055010636148926,0.7442085531772925,0.19593534353100947,-0.6398264455570286,0.8040773039153477,0.742386310139847,0.6665368221122744,0.8422397301877146,0.5676428589472033,0.772906699699756,0.908514449430416,0.8366477866804808,0.3105590996370707,0.5237114717258117
ETHUSDT,0.8546918026559421,1.0,0.23601911608403267,0.9102950955919189,0.826584069842673,0.8383453245769574,0.009347589728203173,0.6947641417173588,0.9720966553766025,0.8050953742431577,0.8628973755080465,0.42896546728549,0.8351232492616024,0.9716088397062115,0.8486715692533465,0.0700764603349529,0.9760286014053489,0.2717036470437724,0.3897166740005186,0.8272656378963605,0.5638471088771547,0.48573992767195573,-0.07749188738755573,0.6824025657757616,0.9756089317951825,0.9747040652209767,0.0631328317106523,0.5099105610647565,0.8710814483327602,0.8786124882650064,0.5007003445198434,0.9006420070883938,0.8928022230491649,0.8666629743982827,-0.21215047903654727,0.13509192017830854,0.03866543706319115,0.8384518892809697,0.3358670247920011,0.7884588066790733,0.858552820557251,-0.291692226010568,0.09730932055205967,0.7013800183347757,0.5677027098802835,0.3641543368265894,0.7539797797088185,0.4660581579906567,0.911073338432001,0.21727568882992718,0.5321591201467569,0.6898151715421591,0.6943149389470585,,0.8010724524081572,0.7289069763379915,0.18688622114097644,0.6197533240900828,0.8951244380258863,0.8169475377716299,-0.308709799716396,0.8263038052028298,0.8809017325864904,0.8771046919960732,0.5981371726555114,0.457115942588927,0.7280985377173766,0.874610760450641,0.8523990736129622,0.7937962137971896,0.6312382226874983,0.7542542129936595,0.5973013329394965,0.23117900075580697,-0.11650711378835626,0.720815007679258,0.13009252123013437,0.23182277834041634,0.47710282289451605,0.6384210978891813,0.9693631739088604,0.6885099483998546,0.1481853587240235,0.05392388890571673,0.9110994626730657,0.23155363793352915,-0.583393010009384,0.8214036254268325,0.8143584656999127,0.8075798847998279,0.9424423593207104,0.6226634301254367,0.7057715630249015,0.8127614889421974,0.9501303044897393,0.585594821169269,0.46324522757420117
USDTUSDT,0.21900556132139218,0.23601911608403267,1.0,0.3033952451006398,0.017457184168083374,0.04266208945190869,-0.21140356122331455,0.03143171215268768,0.23398586696226045,-0.04493987546227169,-0.060381719796219126,0.5688377303051816,0.45147078693917025,0.22666102348322503,0.2614754234596798,0.7774023090982981,0.21382594003527933,0.5080927235697116,0.7581127990180343,-0.1774071274885763,0.33236440117614435,-0.279715701871886,-0.6414275114080565,0.2892081512733977,0.2402528462219613,0.2491021122739972,0.7477495844183502,0.4296167586278665,0.21224983957609647,-0.0833623950696345,0.20034846299872386,-0.0880327137770209,-0.02399134271660193,-0.050089062656477584,0.36047801384557393,0.8184174087664672,0.8319057550071307,0.2676254834401181,0.6287375258895873,0.2361607782810046,0.1646900045591997,0.596989625022752,0.39547067309315925,-0.2948569212732959,-0.36815069246701465,-0.012011460917710912,-0.05917854614672651,-0.15393051952555242,0.08088123899998788,0.7128655304544648,-0.04833015678173336,-0.3519878918555203,0.35718111629483146,,-0.08433464878731979,-0.1929020973386841,0.9438024424479051,-0.04567573392026666,0.49983359359618024,-0.04168832104065852,-0.8252707010318355,0.030432076467835453,-0.13329627286688725,0.10777008816743913,0.1545670140495357,-0.5627824602609536,-0.24123484390339456,0.06604257628274238,-0.15290403933242397,0.5198835495827298,-0.43315314309757375,-0.2394062691871921,-0.05809856139216762,0.3536342880801152,0.6769718854002424,0.1258766212260103,0.9210302306961977,-0.27708313371433885,0.10096760624374163,0.03181069059275641,0.2418867378959752,-0.23624999698955285,0.39302767862271626,0.026090292068261373,-0.06944197766572181,-0.7120824374833431,-0.22242411240812598,-0.09889964428262697,0.011472044916840604,0.01127700420896343,0.1341681003844389,-0.2733440912595717,0.16859391338355992,0.32436954746230606,0.2456824325707946,0.5323930286438457,-0.29560465632639854
XRPUSDT,0.7877048296657687,0.9102950955919189,0.3033952451006398,1.0,0.8019246745587238,0.926536423016443,0.06691158525704252,0.5544484176280344,0.9125923519270974,0.858820060250622,0.7850609020529072,0.2849617592199286,0.7359600051102447,0.919780697373145,0.7877002268076929,0.07096371988496382,0.9090878183035178,0.2991176032926246,0.3289562971997716,0.8174355109052125,0.6980992119772931,0.5658937241584859,-0.06046097164424334,0.8219292994371932,0.9053575380456407,0.9161151426026998,0.024715910841601078,0.5003915605610346,0.8067315635682735,0.7772132642507665,0.6200990167407558,0.8762997159855404,0.8936644925312031,0.8675440368573396,0.07842958939512236,0.09353436277875894,0.14533871109708565,0.880374201712273,0.30666287357200317,0.6329069891074903,0.6405335136625714,-0.1483853790245276,0.27918329047293483,0.5563049966750093,0.4611164136647141,0.1182036012388824,0.836902365276997,0.49704656083399107,0.9331185210890062,0.3306755462843262,0.4791268914740255,0.4910051864387804,0.4826194222053423,,0.7249304320686581,0.6188203761508562,0.21322238130908297,0.7427562059237689,0.8399066139986564,0.8250667798397632,-0.3293488339407451,0.9195073200314172,0.8432737176003483,0.9428412887416192,0.7057319088503721,0.3585321440208668,0.5917742300380285,0.7362800112643326,0.8448705080276812,0.7560021840618392,0.626057164349399,0.6819940790464555,0.6344920949885712,0.3383892925716946,-0.18088879833909993,0.7879563174826087,0.19336392237934205,-0.0738486497785124,0.5051909770494298,0.665739048559987,0.9131309758556387,0.5941003079662152,0.26804898088658247,0.08592696174986579,0.8593472131287745,0.21242162180278007,-0.36595053546127465,0.7634926213920826,0.7850847929755589,0.89098835860429,0.881313547788285,0.5646700223028309,0.8602573912390236,0.7095233589480513,0.8922117889691703,0.6969005699108023,0.5427842509041901
BNBUSDT,0.7526535687074924,0.826584069842673,0.017457184168083374,0.8019246745587238,1.0,0.8286699645006347,0.252352151115401,0.7563237595107688,0.8268325021217904,0.9060421342773942,0.8190508730449775,0.006168677704404702,0.6135367307300958,0.8359056455873151,0.7294841427898834,-0.09742815176342204,0.8286470885208292,-0.05622303636625666,0.09107215015712308,0.8839617627324181,0.5156712488208754,0.522460209792628,0.16814675138268326,0.6989146406266178,0.822859729123727,0.8236075089723784,-0.23854985145052054,0.5825322282754708,0.7765545201259605,0.8962816335762198,0.5719327183956902,0.8739836551774977,0.807069075825093,0.8753293230005781,-0.019544741765594575,-0.16934287139495327,-0.18303702554292062,0.8249345309384432,-0.02490560743252547,0.6564254090068732,0.6877951921899068,-0.22320876457701738,0.02912032833933194,0.7371477901199169,0.6566537470459733,0.10877835343230977,0.7335534312794922,0.6231452814126284,0.8220346316955858,0.029214625218564678,0.731470102809985,0.5830162245555466,0.37889106309028947,,0.8788513237094132,0.7252650468616345,-0.01688473238621344,0.39816365084226374,0.6624588063305326,0.7469777281133855,-0.16868721460800834,0.8207631787026334,0.8156569111196381,0.8371706450596731,0.3424202819876388,0.6564234329744729,0.5419837468146593,0.8730698505388282,0.9017035454759836,0.6097515717253457,0.8124750433579425,0.8838183203097472,0.2971251144886546,0.0732466792215892,-0.3980603054711749,0.5889870033893727,0.00560791164034671,0.13070516019939205,0.5630138244053668,0.760760907908139,0.8218500599405082,0.8543514206085868,0.0033037674441338503,-0.1880142898141739,0.8532537935628333,0.5599186750922629,-0.42077817327933786,0.9245418513376885,0.906546313511846,0.8034067808400034,0.8493304072269414,0.821693771229992,0.6949476665219579,0.6077498798177342,0.8040201379865436,0.5139519479757563,0.523401999529435
SOLUSDT,0.7025451732680513,0.8383453245769574,0.04266208945190869,0.926536423016443,0.8286699645006347,1.0,0.21534612349627785,0.5608434255304826,0.8420948596427219,0.9056404018381817,0.8040828392529378,0.0611662471778479,0.5926241574183376,0.8542348992533331,0.6914670277618309,-0.141445426335083,0.8411722313150726,0.1628039894846241,0.10379656455430149,0.8702113179429963,0.6688803758573586,0.6972716722744534,0.11047339865799881,0.7591117080533315,0.8285479898961854,0.8419595184217954,-0.19979594004374301,0.35577799221602274,0.7262735839293496,0.804981546428729,0.5562173257850842,0.9257397231479858,0.9279307244250791,0.9163545246331565,0.0875628908489932,-0.1899308541347009,-0.1167887706720677,0.8000184003108367,0.12584636935848686,0.5800679504982547,0.5757454275655864,-0.2980812365436257,0.23778797692452305,0.652590129968533,0.5080255349530836,0.07023278694624506,0.9056351899566388,0.5473510911821314,0.8910536807624602,0.18216860390006825,0.4780172323563368,0.5364281295057379,0.3619819305206996,,0.7282883326338557,0.6997717586933828,-0.028154327662470217,0.7464546115757555,0.7009784730402628,0.8588572019935671,-0.16305525217607525,0.9481736510526232,0.8800911942476871,0.9369065058422636,0.6718101404585147,0.5324985170018331,0.6498426792791673,0.7291027735756623,0.9056248318039741,0.6257201344168277,0.7676630205177213,0.7629603767941615,0.6171164779566108,0.25236466017638687,-0.388541762257202,0.7639097060151473,-0.04969289308660449,-0.07386430855853715,0.4792056860562601,0.6652609587235188,0.8412467599987303,0.6889023313393096,0.16088108204322596,0.09102097936272081,0.8912453205516363,0.4572061560115644,-0.20512573110768237,0.8072656540465354,0.8095015910242508,0.9220015921292445,0.8463605841718695,0.7018470223344774,0.844273089542251,0.5755218004936739,0.8185719160850636,0.5707030637734122,0.6779831045238808
USDCUSDT,-0.30717945085140475,0.009347589728203173,-0.21140356122331455,0.06691158525704252,0.252352151115401,0.21534612349627785,1.0,-0.10016809081787954,0.009997181107378596,0.2352687779266668,0.02687893738676729,-0.5996870528893022,-0.28954763517927934,0.03213344951461679,-0.3313579737180886,0.13448851108688112,0.00011123045067290093,-0.492889249075616,-0.14498650444066435,0.062341778610832364,0.5985443207963234,0.00012113768252011615,-0.25934578137535663,-0.13282251081771382,-0.005796136014396775,0.007242065475128008,-0.5447497467998731,0.0001984035963213439,-0.2746357351144802,0.06287463992016847,-0.3326151499653921,0.24610451884330192,0.17712417006229297,0.30959384253905375,0.26103155165720643,-0.31030201766252896,-0.33861804230198156,-0.15089718493657447,-0.08396097876431319,-0.12885229058121592,0.0672526920690189,-0.3841563415205251,-0.20842317048399223,0.2099326311237797,-0.13475733059701628,-0.4976785838071515,0.29236434258614546,-0.27486520600113906,0.009094033262125776,-0.16871317938754285,0.2706814588599244,-0.21179292132829527,-0.2951233585734478,,0.11687796303812908,-0.019316687238096247,-0.07060731323345251,-0.05823683150072361,-0.02950615327729871,0.19420083991180734,-0.01459569236378614,0.22889283066206928,0.17261962931990307,0.10842735481115362,0.22879528664170654,0.13225204398628793,0.13268339844464358,0.07216648064247547,0.11996012541264643,-0.29510279466228106,0.4119643095725607,0.2749488591262201,-0.0959494324055305,0.4744437810847697,-0.5678855773785538,0.05381557797921487,-0.22140198504951175,-0.42078840135581486,0.06829056798740675,-0.20416700079442232,0.019680580339727152,0.3814516684147251,-0.632508679203878,0.09131928039127493,0.20269398553742293,0.4642228853617367,0.34876782384510846,0.1483376373215563,0.23821175123726235,0.22943808802136942,0.046050743051316186,0.3613256159079231,-0.13774181173846137,-0.4451533087441003,0.0022882458997442686,0.3942510705163356,-0.027549938100229446
TRXUSDT,0.8026406023360119,0.6947641417173588,0.03143171215268768,0.5544484176280344,0.7563237595107688,0.5608434255304826,-0.10016809081787954,1.0,0.6938390830979705,0.6743391520328337,0.7467026366710845,0.24185356753070497,0.6963012854995614,0.689845711369696,0.7898793002446182,-0.20108361513182663,0.7002949762747389,0.1672461029916136,0.11562592543500146,0.7343048756148318,0.06894480611519345,0.5141422641641828,0.3350253494316609,0.576000538984204,0.6970004409339525,0.6918158520772769,0.062257722474139486,0.4462777370920018,0.8088253958037539,0.8360734326860086,0.5611041719663655,0.6612042325250145,0.614487471023794,0.6339081312229299,-0.1293594061707403,-0.14063941922588005,-0.1996560205394049,0.721034576945316,-0.04812458183595229,0.8013364136040626,0.6657396134266265,-0.027040659283429046,0.14309866006090352,0.689330877140431,0.6160097323118991,0.46146888655497503,0.48020317385154937,0.7274911085895284,0.5764085758771649,0.10515056591465603,0.5066200547369951,0.6580894214803401,0.5874139911897254,,0.7047292308949871,0.8147279300833614,0.008651662811737171,0.1506300504154607,0.5699992098605514,0.5316103386000316,-0.253366941150262,0.5435223201620235,0.592488764166253,0.6176404180964888,-0.021658449858726652,0.675048988607108,0.4370975299211713,0.8646651541839138,0.7496411582556691,0.731195060695711,0.5290431491954672,0.7168186784164969,0.09184483353741472,-0.3663479257089981,-0.029922881127976916,0.37657766031682915,0.08517901952182877,0.4583282367723095,0.42133210171588353,0.7957759045217838,0.6817105198003317,0.699963767983901,0.2459472371173292,-0.2780883312747305,0.658485126935217,0.4135822068530161,-0.4832725767450219,0.8148586891969715,0.7415128771668005,0.5315756628712826,0.7282145911787614,0.74717716790681,0.58854314634385,0.725575600899697,0.6787259192820343,0.0980251596873227,0.538021509574648
STETHUSDT,0.8542713719193726,0.9720966553766025,0.23398586696226045,0.9125923519270974,0.8268325021217904,0.8420948596427219,0.009997181107378596,0.6938390830979705,1.0,0.8447725477700625,0.8632333382938336,0.4250732250717278,0.8332789689618982,0.970831367588295,0.8483811873810752,0.06488245236405074,0.9749499385960813,0.27475533199680807,0.38544838942597254,0.8290983313333634,0.5652809992900837,0.4933561666908396,-0.07273100984392174,0.6863459368098191,0.9742444986329208,0.9737415439581381,0.061556091568063735,0.5054270360128579,0.8706956118078788,0.8781492616581098,0.5040347566213621,0.9021725153927453,0.8954023168943253,0.8683703079479914,-0.20503012596107636,0.1290320539467336,0.0368230479783479,0.8395344792568898,0.3336020450754606,0.7870914174770531,0.8533747282836761,-0.2901060570896837,0.10462799845807952,0.7006789598905029,0.5659551132722906,0.3613058179216231,0.7587236705056767,0.4700154698430494,0.911700762927728,0.22028368184444141,0.5282340230904068,0.6880308867045395,0.6908595054790864,,0.7987941128716546,0.7308990978172599,0.1839286092142284,0.6249479860589111,0.8933410388019285,0.81916669786613,-0.3082877339129957,0.8301609698105658,0.8816374558526545,0.880123970270656,0.6008305628265297,0.4587282958770232,0.7276858031918501,0.8727082649405782,0.8546954849695292,0.7945056550973385,0.6326214693357541,0.753814564599492,0.5999101385374078,0.22974109492191616,-0.1185582106389799,0.7236111628919962,0.12809401177572394,0.22633613819194123,0.47688140704796456,0.6410014535536143,0.9684043183403207,0.6874030868644727,0.1535796824624011,0.05610243342299888,0.9116456541743612,0.2343350372709771,-0.5753056798065227,0.8215187149146976,0.8144249215413732,0.8111379625140357,0.9420313745022694,0.6244184788050465,0.711964894283748,0.8110995276968728,0.9491460476677023,0.5841372825636054,0.4709413114356118
DOGEUSDT,0.7368993511545167,0.8050953742431577,-0.04493987546227169,0.858820060250622,0.9060421342773942,0.9056404018381817,0.2352687779266668,0.6743391520328337,0.8447725477700625,1.0,0.8158813496811114,-0.06902951945209566,0.5526610121909094,0.8205046062200709,0.7145013777669126,-0.21104488524476725,0.8091167480476585,-0.03143028401034941,-0.010408388836792378,0.9286396208037232,0.5469082779214336,0.6403646259415386,0.2627945995058443,0.7771629699308346,0.7975869816593958,0.803762703012927,-0.3117978928265293,0.5077793435958681,0.7613205714240435,0.8685620125833372,0.646849848273297,0.8993883079409204,0.8525780914898492,0.9000275631893745,0.060472506144984464,-0.266191182045262,-0.19533530358977802,0.8518437954213254,-0.07604218251372455,0.5667429017273857,0.5664725660985144,-0.23128742674577676,0.112133502153367,0.6971609894173901,0.6635588107374563,0.026429178930215895,0.8186027764435285,0.6792514293985249,0.8758360918619224,0.03164609388178355,0.6745739047273899,0.565763352631602,0.26709168526651306,,0.853101163644161,0.7126019740535822,-0.11960457042042735,0.56047207887049,0.6132429174777165,0.7945947218226582,-0.0708331125001591,0.9014278537747881,0.8503073386236794,0.899957617474289,0.4467034898990023,0.6626189523923243,0.5439508284789644,0.7952079913542106,0.9423704289089798,0.5714107559355917,0.8559525231473658,0.8673832901590292,0.4167644634372165,0.09552733030302504,-0.48659195563179175,0.6636391625309414,-0.07487939670642252,0.018290129691759235,0.5660669214491675,0.7899778281975419,0.8033597436304023,0.8062683964620998,0.085087034450786,-0.13161387176426959,0.8645213966523869,0.5974261680406684,-0.3025257885589526,0.9077166487524968,0.8863363962073852,0.8795332238470875,0.834172774020616,0.7976605274289167,0.811175190158237,0.5723488679215465,0.783542038105151,0.5112587407683726,0.6402716401599805
ADAUSDT,0.80653023583952,0.8628973755080465,-0.060381719796219126,0.7850609020529072,0.8190508730449775,0.8040828392529378,0.02687893738676729,0.7467026366710845,0.8632333382938336,0.8158813496811114,1.0,0.2384043977891752,0.6998430943503167,0.8646202284462368,0.7895872461186996,-0.22936074793436184,0.8724278326447475,0.16056222170982395,0.11578868455044443,0.8789534190313842,0.3776290265491,0.631630176047463,0.21433293992307872,0.6244915125292781,0.8625616512185154,0.8611870862435687,-0.12345324593995334,0.35617962999206976,0.8223211690162742,0.9047427375091784,0.49679967055178376,0.8960467883878989,0.8726606306869904,0.8520211200237766,-0.24620614844827043,-0.172346908356296,-0.23727483609772412,0.7674374567553435,0.08458169125839896,0.745292660278024,0.7563905470917269,-0.37645587473313685,0.0673998364139394,0.7825045854781103,0.6698139064307462,0.39224619954745377,0.7530373485036554,0.6053034688834327,0.835142464438297,0.04161265070837776,0.5098331745163956,0.7806317422868324,0.5819629858991376,,0.795079815003646,0.8324510387834879,-0.10927665166652843,0.5770906099088704,0.7022429666163241,0.7951393138881078,-0.09296242226916862,0.7941298762216951,0.8706038754054505,0.8276422842933474,0.4476592548568872,0.6694090320907219,0.7395850096622788,0.8604833963917713,0.8998473356601558,0.6773516746779202,0.7317922668945251,0.8129246006177714,0.5324942077200977,-0.010637724316357114,-0.27156555542959226,0.6465511639951113,-0.12505860913029668,0.3317631505187483,0.44310579796217553,0.69784120037984,0.856124091929856,0.750201056860792,0.12468830598137605,-0.008236915239532272,0.8924149159543722,0.4699603739715602,-0.4612835184499269,0.8590688067822997,0.8062856539389309,0.7791102356542371,0.8761807842233625,0.7412623122735765,0.6958947068978208,0.723628874900458,0.8391663295067284,0.3300090233778778,0.6239622392457123
FIGR_HELOCUSDT,0.46515487454476473,0.42896546728549,0.5688377303051816,0.2849617592199286,0.006168677704404702,0.0611662471778479,-0.5996870528893022,0.24185356753070497,0.4250732250717278,-0.06902951945209566,0.2384043977891752,1.0,0.6794141488765156,0.40163017914495974,0.4999148019901501,0.3506521328997097,0.42826609872616683,0.7218129634603896,0.6810422091249666,0.024875387716321907,-0.026220384779957712,-0.017895117967976496,-0.3640521001762529,0.14878022307293673,0.4439771183354882,0.4368540472976944,0.7631918585811607,0.101698091836341,0.44654871416019576,0.1760761162952066,0.0969796615875635,0.11554239539480422,0.2064222632763177,0.05109164935336771,-0.33243907047564597,0.6494987509464485,0.4749373293037521,0.25418154255464137,0.6637142766905882,0.5398476152441773,0.4986074335802177,0.10190175971722044,0.2329453766326032,0.058252073160465566,-0.02892950628168918,0.6652665416679427,0.02527510822413717,-0.028965599388939157,0.2277736391172696,0.4795690066837241,-0.22027611794974236,0.3146192577743996,0.8151361107680488,,0.020931508211542372,0.21538201413325792,0.54036464299305,0.24462978255626988,0.59687734009973,0.14856807770872635,-0.4906576268889723,0.04290990857759783,0.14797561501113446,0.16266566882137082,0.25035456619561147,-0.23202806148098928,0.30367989626410463,0.2713195777185068,0.03849586368430264,0.6465232771226079,-0.3335249977286022,-0.10311622673473377,0.37194859177423717,0.040758178202862705,0.7184345750191538,0.2362285624181328,0.46273818472148365,0.38293704617396807,-0.03231725929586272,0.06501090839327972,0.42370423891563797,-0.15756114160196133,0.4505224450520038,0.2307919989197542,0.17926788962242754,-0.6091886798171585,-0.5165423654029663,0.017314854895291713,0.013993307960542524,0.037041625530634836,0.3354350812622165,-0.19097524814109815,0.15641148883839187,0.6544112268030262,0.42787609398733584,0.100163400438304,-0.04009161394229052
WBTUSDT,0.8418867792282353,0.8351232492616024,0.45147078693917025,0.7359600051102447,0.6135367307300958,0.5926241574183376,-0.28954763517927934,0.6963012854995614,0.8332789689618982,0.5526610121909094,0.6998430943503167,0.6794141488765156,1.0,0.8228308857635414,0.8547935751266429,0.1739278977397819,0.8348788369352695,0.5296603904719845,0.5421913713123723,0.5949478342024721,0.3006930198075911,0.37244681699513255,-0.11482727651248918,0.6085009746063288,0.8418403189468867,0.8402570373161021,0.43529777808984493,0.4509094394483707,0.8429765735832702,0.7076792711248986,0.4954633643515389,0.6413218368604552,0.6701422307465333,0.5997611462460126,-0.16587909341953297,0.3397667632697175,0.24138906703540067,0.7451570364522389,0.4453282011693137,0.8331096014276071,0.7677926320477865,0.010839886154670237,0.2736889938388564,0.5026078134962736,0.3813460450117225,0.5405609671028438,0.5036717163950702,0.4419347581229796,0.682418439446239,0.4246136414964544,0.29203789314816353,0.5718621940435211,0.8278079002637798,,0.5650358427187563,0.6471526020076734,0.4045293387220534,0.4216892837576396,0.8555040009678563,0.5850259898396616,-0.5157846224348511,0.5734625240765644,0.6106537732024134,0.6729135973965468,0.3674041181847795,0.2640712016931847,0.5247132864364944,0.7647621630277743,0.6206626507982977,0.9070367690853429,0.2659023089579268,0.4871664557883873,0.42197328210288193,0.023273839973215166,0.2981125592578383,0.5534195060638735,0.3835807471527954,0.3303146563304977,0.3523438165542488,0.5915624667699929,0.8284633467994073,0.4290238696448909,0.4076415723155378,0.019150122571491762,0.6655915794906142,-0.07828173934163347,-0.5973173774258705,0.6191333685570316,0.6042804295429443,0.5546304968270298,0.7874923073963678,0.41456990425421597,0.6186400018351776,0.8765499453397174,0.8213398315799293,0.38565576017323105,0.36192810120022784
WSTETHUSDT,0.8482638147452176,0.9716088397062115,0.22666102348322503,0.919780697373145,0.8359056455873151,0.8542348992533331,0.03213344951461679,0.689845711369696,0.970831367588295,0.8205046062200709,0.8646202284462368,0.40163017914495974,0.8228308857635414,1.0,0.8819599976528275,0.06118008638230453,0.9742517730995035,0.26130398876732297,0.3740534473868654,0.8362954575348606,0.5824165738429953,0.5012926753765131,-0.0699035224011616,0.6932556725771521,0.9730845435665227,0.9732783421449741,0.04223159153930197,0.5072086101249051,0.8655975237142292,0.8801255094581483,0.5069944964396982,0.9103464067221382,0.902273966726652,0.8788896991740343,-0.18811086878612063,0.11434179754725365,0.02905304242150007,0.8423070067080968,0.3241264139731249,0.7784856904411873,0.8459073556303742,-0.2940044589821147,0.10624269295935794,0.7033343998866227,0.5657559942882143,0.33963353064967133,0.771613641443684,0.4723747565611054,0.9168249778691507,0.21684201044085086,0.5370499372422178,0.6796425930268126,0.6731528512920055,,0.803775430352765,0.7300157339893716,0.17682826397505236,0.6305817922332126,0.889337655547285,0.8266523693499949,-0.3040798201738953,0.8428287622371393,0.8877745655642988,0.8888899785097248,0.6088998372180301,0.4645961020943117,0.7263006143573069,0.871878655717712,0.8627221376831946,0.7864237030473177,0.6480441539515761,0.7625892264883645,0.5998286922937693,0.2404105809125882,-0.1399021257086876,0.7292752170578282,0.12118789731507039,0.20640144298474192,0.4829862847322698,0.6439701458375746,0.9683332379950322,0.6969226413914937,0.1447652828096635,0.05567890691771772,0.9174001373245293,0.25091935259156606,-0.5598472829934468,0.8279787057579373,0.8229389215174084,0.8233943071184122,0.9432985520007852,0.6351696501402794,0.7196623418328462,0.7988353256912808,0.9485827078623807,0.5958752395359097,0.478662693303897
WBTCUSDT,0.9431008597771445,0.8486715692533465,0.2614754234596798,0.7877002268076929,0.7294841427898834,0.6914670277618309,-0.3313579737180886,0.7898793002446182,0.8483811873810752,0.7145013777669126,0.7895872461186996,0.4999148019901501,0.8547935751266429,0.8819599976528275,1.0,-0.08106509483882975,0.8542348921747461,0.37891437754505264,0.30343018552848566,0.7891052234582521,0.19889996559949016,0.5092836456612589,0.20288440693581458,0.7664244518104906,0.8544359095957446,0.8499161027909944,0.22784851252122554,0.5417913802516723,0.9453127616363112,0.8242024002140351,0.7274367269505881,0.7145651501053911,0.7146323545541546,0.6727409391386457,-0.16490216718693065,0.12901820598622965,0.11539136790729118,0.8973277090522755,0.17205465488390856,0.7831091575100301,0.6847013991609648,0.0292051547800472,0.23254390246523982,0.5741760448360513,0.6358342817937038,0.46943430315410994,0.5626058839498557,0.7128065459200902,0.8039918819082392,0.2539473392401151,0.4658842649582118,0.6835838651590646,0.6624972986068544,,0.7365786678643447,0.7272598981602354,0.15210016531481302,0.47449695795286045,0.7589773330041452,0.636558301787874,-0.28172598165835644,0.6738773331271054,0.6967199449207861,0.7707025454248994,0.2800885285885169,0.4772057056023495,0.49122455610821286,0.8165248147644624,0.7847307933894507,0.8643561866934082,0.4661558874792492,0.64397663714339,0.4131909508165691,-0.14854306666142303,0.07789593683836744,0.5870287948440874,0.23103964879531064,0.3672412418587985,0.47806744905193443,0.8232244890199613,0.8391430824113733,0.5505472260847778,0.4494229522311371,-0.15123860520203572,0.725075793374522,0.14822845169022275,-0.6263534827845181,0.7763334097025585,0.7191498824773999,0.6539239249071632,0.8316963415330868,0.5387029874614984,0.7768968960589693,0.9148585049508142,0.8318734564065814,0.3123358381460916,0.5183547650223586
BCHUSDT,-0.10847457341177041,0.0700764603349529,0.7774023090982981,0.07096371988496382,-0.09742815176342204,-0.141445426335083,0.13448851108688112,-0.20108361513182663,0.06488245236405074,-0.21104488524476725,-0.22936074793436184,0.3506521328997097,0.1739278977397819,0.06118008638230453,-0.08106509483882975,1.0,0.046664677417370105,0.1471599195190902,0.6989866480110898,-0.36935101856501124,0.4289031461241957,-0.5802435284877808,-0.8690140891516911,-0.0799012281793966,0.07598818556002093,0.07751897690958226,0.4883443091395974,0.3579700240355993,-0.10557554769287433,-0.23755992854385696,-0.21040326801142875,-0.1894398512205488,-0.17606275858946233,-0.13812937940833156,0.19698592538142914,0.7980858429497599,0.6768331301100597,-0.051207211851104356,0.6014447487389498,0.017134314419622484,0.1716787353015189,0.3063525001713868,0.012358252250068105,-0.3124799438171299,-0.47040985616675174,-0.18278812237533273,-0.20146907205407655,-0.5367504081061287,-0.09549988120333358,0.43546444590728856,0.02077595789039403,-0.4648909583845335,0.1887159291096991,,-0.14854498796261667,-0.4126915160484034,0.8612193808452815,-0.24260915771172398,0.3352346063835667,-0.1550592826412853,-0.663196917207563,-0.14631361371188514,-0.21444308119310013,-0.11612399830287584,0.14778285008474898,-0.6424307143826233,-0.22544225445799368,-0.06904613919311618,-0.3419051855291435,0.1458432616847131,-0.4020634361943485,-0.2746335402501894,-0.16711869091245352,0.5959628587733732,0.4589609290181865,-0.04523819271474691,0.7292958471058716,-0.3110510215999811,-0.002341101425789716,-0.33356667755734154,0.07771192294542487,-0.20870573118984076,-0.10923362134928281,0.08095842116964304,-0.15810441476339876,-0.6304063656281622,-0.18400832910174708,-0.24141266049351331,-0.09838086217072789,-0.15043768349757558,-0.03264043438222828,-0.33881621754767277,-0.24430488055032834,-0.005612184010279172,0.07600377005824835,0.5938513359016253,-0.61343066412613
WBETHUSDT,0.8611577218380168,0.9760286014053489,0.21382594003527933,0.9090878183035178,0.8286470885208292,0.8411722313150726,0.00011123045067290093,0.7002949762747389,0.9749499385960813,0.8091167480476585,0.8724278326447475,0.42826609872616683,0.8348788369352695,0.9742517730995035,0.8542348921747461,0.046664677417370105,1.0,0.2676960116706705,0.3748598746648778,0.838813409971913,0.5501076752558822,0.497063114701791,-0.05715012285917406,0.6811862538447886,0.9786711380919105,0.977190753111843,0.050832713393209626,0.5015780959749768,0.877348818409155,0.8879028498053094,0.5033072686773563,0.9078464704645771,0.899338612241028,0.8710939729879374,-0.23239336831726834,0.11935950819015684,0.020901811110802394,0.8402405705563831,0.3239981175207572,0.7906104157861256,0.8620455945319652,-0.3082943733231291,0.08791419987359421,0.7131231466146463,0.5863791533334831,0.3773136225757687,0.7577948940174836,0.47706525973401176,0.9180816691038972,0.20019458638368118,0.5336575866161236,0.7114635701457953,0.6963746370854231,,0.8091991129186586,0.7407696884496229,0.16197128495224652,0.6297917193590236,0.8902908637295658,0.8231067451737053,-0.28575027212047527,0.8291727965900864,0.8912324604502116,0.8802242885644265,0.5979698981920695,0.47442401804186657,0.7418826025546077,0.8791279608892602,0.8623535614309694,0.7900832808758342,0.6427861564679318,0.7633015478590863,0.6091631277607841,0.21759489196298026,-0.12811747565263173,0.7237122148491331,0.10694160021885601,0.2501143958155485,0.47673487471098963,0.6447211247000367,0.9718301643160642,0.6947676203574514,0.14704116933630473,0.05418884385562501,0.9189471901512919,0.245357218945716,-0.5900640860161035,0.8286083812782906,0.8168336320608041,0.8109120754199975,0.9469621473233751,0.6286344327619869,0.7083672029407071,0.8187281969601704,0.9525413160209112,0.5698559528440137,0.4750244399883463
USDSUSDT,0.33152171400259883,0.2717036470437724,0.5080927235697116,0.2991176032926246,-0.05622303636625666,0.1628039894846241,-0.492889249075616,0.1672461029916136,0.27475533199680807,-0.03143028401034941,0.16056222170982395,0.7218129634603896,0.5296603904719845,0.26130398876732297,0.37891437754505264,0.1471599195190902,0.2676960116706705,1.0,0.6146252196730051,-0.01558039248595501,0.04188790058855041,0.3524297251526643,-0.19174782206845356,0.25357575498807,0.26959943257011026,0.2887393786715748,0.7599004672119198,-0.23263047629620565,0.3140654277402966,0.05628693374297555,0.14957962556808724,0.10489024552704229,0.26247889591186685,0.06061812184234414,0.1577527983085309,0.3278538498515256,0.3694384209810015,0.18133024683412072,0.587835756533141,0.4693232797722915,0.17703493070601792,0.2476704538512396,0.7020588485608021,-0.03285013941119601,-0.30130108095247027,0.5066326369424933,0.21560187705656517,0.08579106702116159,0.09469257357220756,0.7323395620701668,-0.5499794460546924,0.09093963362951175,0.6436047896352938,,-0.24705983331359582,0.289755388207057,0.47940093234374287,0.3863956400881395,0.45487047193680713,0.1783547365509845,-0.6055239978832035,0.14982209844535793,0.061652278908764235,0.21736838529930796,0.31390720369334435,-0.21447456323199296,0.21084874108222681,0.11569552301599191,0.04591836561451611,0.6719130887193805,-0.38018122401044396,-0.2265979070256156,0.3797035451603388,-0.05526937902380819,0.7157584773822993,0.29053768643792155,0.42486169789518,0.03867698914263117,-0.13133104351222805,0.10071720056393271,0.27497004275272213,-0.2776249054319366,0.7312585793408731,0.3796714474232521,0.1100834046391507,-0.5087133795902757,0.04940145298131644,-0.07287703808094316,-0.060664185276637535,0.12809802264031175,0.2192816347736331,-0.11210278157203861,0.38897948264851784,0.4642523454484043,0.280883192537597,-0.032337056435996304,0.33353622767917546
BSC-USDUSDT,0.2706578395091396,0.3897166740005186,0.7581127990180343,0.3289562971997716,0.09107215015712308,0.10379656455430149,-0.14498650444066435,0.11562592543500146,0.38544838942597254,-0.010408388836792378,0.11578868455044443,0.6810422091249666,0.5421913713123723,0.3740534473868654,0.30343018552848566,0.6989866480110898,0.3748598746648778,0.6146252196730051,1.0,-0.07546179489643352,0.3684545109347535,-0.2182313617621149,-0.6950652852294609,0.1381966415315851,0.39772482028274825,0.3994451560963603,0.653306875917341,0.2960919248455896,0.2678863474952297,0.08290516866317313,-0.012564018933996647,0.10474744200865832,0.16003462533373639,0.10368071005686658,0.004580757494695365,0.7469150407850873,0.5976024188245702,0.20964683735520945,0.7195490218451691,0.40409157489312686,0.45538571950263,0.18777674192647578,0.19632968868162032,-0.03365644310003251,-0.2503740341990842,0.2399845089611786,0.05580910499059688,-0.24946486221276257,0.1748945159768553,0.5600142136836486,-0.0410634634032318,-0.04912399910948431,0.5997626770853723,,0.020897325043534087,0.0039671153611923774,0.8006590716591665,0.07413428498920817,0.618291999312085,0.1283042807897512,-0.7181543930061349,0.09092441063197004,0.08217191541766009,0.16311233115078594,0.3114808373688289,-0.4005445393755526,0.1290876229054398,0.2301467942678155,-0.03581213524753347,0.5318433032508582,-0.28554341103643766,-0.08820936254553605,0.15727070636530238,0.4056650147321198,0.5855076162875824,0.2110060578451633,0.6680230064702914,-0.01643151920968181,0.05095311808613672,-0.0632827167038365,0.39237964007523635,-0.07539696182569004,0.18635095529829285,0.18733417418274956,0.14479918011192455,-0.589165329525891,-0.357327246603737,0.0012914513410602387,0.08916004077589969,0.08015424688812069,0.2872671539609227,-0.14693299260799325,0.06728541646511761,0.4016722650642826,0.38971321822327626,0.4892193033248203,-0.2526073111223194
LINKUSDT,0.8159199165652978,0.8272656378963605,-0.1774071274885763,0.8174355109052125,0.8839617627324181,0.8702113179429963,0.062341778610832364,0.7343048756148318,0.8290983313333634,0.9286396208037232,0.8789534190313842,0.024875387716321907,0.5949478342024721,0.8362954575348606,0.7891052234582521,-0.36935101856501124,0.838813409971913,-0.01558039248595501,-0.07546179489643352,1.0,0.36180412010442237,0.6791736080379944,0.4092481233553313,0.7435671459073794,0.82479477823103,0.8228717053810214,-0.32341299012788366,0.4560433743825532,0.8347649892515598,0.9301401477322073,0.665812064759347,0.912532395900415,0.863305572879212,0.882678892272966,-0.16891132411625023,-0.3135102314582262,-0.2865693830436772,0.8614130014267872,-0.1344704518494331,0.6134166674554323,0.6216720116730912,-0.3282830797366865,0.023450472588753875,0.7683536680099314,0.8169679739408203,0.2121577721409203,0.7810975843221308,0.7591988107696516,0.9100083527379577,-0.09127291781175509,0.6637786163514653,0.7638001873184488,0.3500732574176208,,0.9023489260525068,0.7969756227693329,-0.2768641733680777,0.6028072549761064,0.5902891398452144,0.8021252844130824,0.09142386719810164,0.8639259364470251,0.8977583460954709,0.8830622578266987,0.3989121964907547,0.766422511239948,0.6409909052808044,0.8323328430347047,0.9817459612022736,0.5745946576640785,0.8775280781536839,0.8997800240361177,0.4966971090355504,-0.05718368105642898,-0.4847032081864172,0.6565195101516983,-0.2136106627013093,0.24575846456923114,0.5463001466363954,0.8328815536815646,0.8206469912359778,0.8129565944448657,0.11368082983244503,-0.14504538910981243,0.893578896356666,0.6279686717443351,-0.4343630085422972,0.9369554002163296,0.8699679915038205,0.8474338322188254,0.8608617123452947,0.7913378626216894,0.7967595122323635,0.6737733034889891,0.8026413764295612,0.3455172246306105,0.6846675617226714
LEOUSDT,0.19754600562894692,0.5638471088771547,0.33236440117614435,0.6980992119772931,0.5156712488208754,0.6688803758573586,0.5985443207963234,0.06894480611519345,0.5652809992900837,0.5469082779214336,0.3776290265491,-0.026220384779957712,0.3006930198075911,0.5824165738429953,0.19889996559949016,0.4289031461241957,0.5501076752558822,0.04188790058855041,0.3684545109347535,0.36180412010442237,1.0,0.195067369710694,-0.5486267356367293,0.37624168219225246,0.5515396785285696,0.5717411128221429,-0.1214205592521145,0.28739693374207326,0.22881265596775738,0.34762137297781737,0.05064083435782806,0.6109462375169004,0.62131911410251,0.6542344912994741,0.29287764803872907,0.1544031082222247,0.15511798355084755,0.37092829728368965,0.43686849969798036,0.24857657199204655,0.4249894948192109,-0.27614387980916233,0.12509179049754748,0.29272823884170074,-0.05909381626996222,-0.3019400828192312,0.6705232575085447,-0.13688895815168534,0.5475335972390899,0.31098320169849947,0.306790614791178,-0.02105004962664392,0.16962187586908253,,0.35343692341836247,0.17562616992640068,0.37600257014236316,0.5003254324388223,0.6099020916491009,0.5949160724129681,-0.41583548568483863,0.6741181554727158,0.5530563138817536,0.6115907150329244,0.7874110901552459,-0.017658708997545104,0.4167471184231868,0.3610709170545817,0.4299427024729762,0.3058718267038116,0.4375406031044135,0.39117483776636375,0.4393398695767347,0.806061919665013,-0.27818358420107137,0.561305738865578,0.19508741488059825,-0.4997774948986482,0.27448313167473015,0.06688982700899301,0.5784231788739664,0.40328002924967554,-0.20242391926980888,0.2997576154280324,0.5831988475570745,0.11107021352500852,0.029229456632426352,0.37009202408285624,0.4984092256757568,0.6532809135947575,0.5218902630896753,0.34186046934205894,0.3829766241117412,0.12264346240673343,0.5525708444743772,0.8809942958720586,0.1403293090724436
