,BTCUSDT,ETHUSDT,USDTUSDT,XRPUSDT,BNBUSDT,USDCUSDT,SOLUSDT,TRXUSDT,STETHUSDT,DOGEUSDT,ADAUSDT,FIGR_HELOCUSDT,WBTUSDT,WSTETHUSDT,BCHUSDT,WBTCUSDT,WBETHUSDT,USDSUSDT,BSC-USDUSDT,LEOUSDT,LINKUSDT,ZECUSDT,HYPEUSDT,XLMUSDT,USDEUSDT,WETHUSDT,WEETHUSDT,XMRUSDT,LTCUSDT,CBBTCUSDT,AVAXUSDT,HBARUSDT,SUIUSDT,SHIBUSDT,DAIUSDT,SUSDEUSDT,WLFIUSDT,USDT0USDT,UNIUSDT,TONUSDT,SUSDSUSDT,DOTUSDT,CROUSDT,PYUSDUSDT,MUSDT,MNTUSDT,USD1USDT,CCUSDT,TAOUSDT,C1USDUSDT,BGBUSDT,AAVEUSDT,NEARUSDT,ASTERUSDT,BUIDLUSDT,USDFUSDT,ICPUSDT,OKBUSDT,XAUTUSDT,ETCUSDT,PIUSDT,JLPUSDT,JITOSOLUSDT,PEPEUSDT,ENAUSDT,APTUSDT,HTXUSDT,PUMPUSDT,ONDOUSDT,KCSUSDT,WLDUSDT,POLUSDT,PAXGUSDT,USDTBUSDT,HASHUSDT,BFUSDUSDT,SYRUPUSDCUSDT,TRUMPUSDT,ATOMUSDT,ALGOUSDT,RETHUSDT,USYCUSDT,FILUSDT,GTUSDT,USDGUSDT,RLUSDUSDT,WBNBUSDT,ARBUSDT,BNSOLUSDT,VETUSDT,QNTUSDT,KASUSDT,FBTCUSDT,RSETHUSDT,LBTCUSDT,FLRUSDT,SKYUSDT
BTCUSDT,1.0,0.9511490378375278,0.3440863329105445,0.898365222869262,0.8018387007860717,-0.0948772159580762,0.6397010243534826,0.8646310394100417,0.9466490024467648,0.7192038581378696,0.9257382802030426,0.41231837637740465,0.41850571091571365,0.9386492236104926,0.04118491363469554,0.992951038598496,0.9509131365010293,-0.2626845561063112,0.43020314406305116,0.1595161079565091,0.8242151196447278,0.33764870252195045,0.2755112279311452,0.8341531534254826,0.20788437724802783,0.9544758510598074,0.9499907301504403,0.5362613203850619,0.847972653461998,0.9971558653220225,0.8358973684342512,0.8257097127576951,0.8499345500284942,0.8031122372698156,-0.405437133582252,0.17648992448571096,0.2463014043961989,0.12764417676342943,0.6891469201355649,0.9855793996464459,0.06286584761920103,0.8388827232636127,0.7679957813589804,-0.13312289314743156,0.6261029949563685,0.7579623185029352,0.17249305896298844,0.47990052371835146,0.762745388590767,0.12359601868550255,0.5504607380368673,0.838994599164505,0.7776237816680934,0.4887277881904798,,0.09461945822266107,0.1219095459804296,0.7728440935870203,0.48982518561814437,0.8539166420424119,-0.20215472341871019,0.750601205991858,0.627553957057873,0.8688498406609992,0.7843029177261369,0.6399384136901948,0.927151806197498,0.7268676646527177,0.8358415066362457,0.8080477245702313,0.5844880950315907,0.7831065985518132,0.5116889013347263,-0.005706072598994306,0.5138663443532452,0.3166016731504236,-0.47887240492034716,0.7465900659126948,0.38073033476498536,0.8972664125615086,0.9479932784970138,-0.71470361511834,0.4362815494608156,0.8231032817709335,-0.23415975727391664,-0.024884432457862624,0.8068016780861175,0.8758041960901016,0.6353620261957867,0.9471583251848802,0.7524706412933079,0.9174283988590317,0.9467432968780498,0.9482810249030812,0.9785378634912835,0.8276494574678742,0.5756329430974955
ETHUSDT,0.9511490378375278,1.0,0.48921933972549864,0.9550198552990883,0.8822886876641742,0.12464187657651399,0.786016378453092,0.8160755651524411,0.9989238086793996,0.8447723920540564,0.9235575647927363,0.36004005154096963,0.619050439272209,0.9979371959141158,0.22097528570703087,0.9474435676760167,0.9981728097828017,-0.3158298149998672,0.45970734466790997,0.4213056301963172,0.8753501948090976,0.2393660939672892,0.25595960907058696,0.9417727899295356,0.180956104474759,0.9981228126275765,0.999131545842785,0.5752661831745983,0.912598698565041,0.9580040448794153,0.8045303226988283,0.9171825560555108,0.8883936263528955,0.8763422225067953,-0.19096740719071167,0.29886401260734774,0.26714677425717115,0.1883179484973019,0.7211019651028859,0.9652200774085485,0.20041747634248683,0.849776242842637,0.9023681300019859,-0.080725967846917,0.5444443228751455,0.6510975531026376,0.29048205929547183,0.48629040005765006,0.8425309454808048,-0.011925783590231295,0.5652146587651125,0.9249940277517553,0.6939294282362557,0.5495202615630252,,0.1600847554735993,0.11168220835741224,0.7559886825829352,0.5392262193023598,0.9027703183078212,-0.2712223491830119,0.8669936925191798,0.7708463252163502,0.8833560289146598,0.8525662173534295,0.7001639097891558,0.9194582268100757,0.7194034803001204,0.8610939605883163,0.8744016363116242,0.6809468978283812,0.8460214265709426,0.4751619032689977,0.051762046046955494,0.42825368875149833,0.46828165365785374,-0.3077324717105062,0.8397183919682492,0.44397497004426606,0.930080798221288,0.9979816466817301,-0.7325549760187025,0.47091243495966884,0.8190319673876241,-0.4858574873775162,0.0515520169905051,0.8843766402191412,0.9281056459175487,0.7826360218898902,0.9765210804723379,0.8200800080399516,0.9388410829640239,0.8545768784898456,0.9992554344495492,0.9323610397991188,0.777642733592601,0.6858465226679736
USDTUSDT,0.3440863329105445,0.48921933972549864,1.0,0.45555631504160865,0.27830559459461274,0.18733724117989606,0.5235247326157828,0.04704270523995029,0.4878036330116855,0.37645310022396905,0.24291984298639785,0.4682804712882544,0.6544195502361702,0.4925157747352879,0.8392919021467975,0.3821691397481614,0.46491256108210466,-0.34595548879775345,0.785557079258783,0.6146033355365096,0.1918146968201036,-0.38469965314486415,-0.36296149692090646,0.5598477246586776,0.6641677166804861,0.4837650850226553,0.49719449822376843,0.29247333799709363,0.4032818581797064,0.3509981448538132,0.21448320422879866,0.3580281060330734,0.23617908988853964,0.302099237341844,0.3570973088719266,0.8467539352482012,0.775426073863214,0.738722134518578,0.20039125887936912,0.42256684345750506,0.6535041581900006,0.1299553237897481,0.6298638448241609,0.25381926872049115,0.20750453227916427,-0.1019881679799879,0.892157865411716,-0.28332773709183795,0.18520278194094084,0.32836746990492366,0.059998993918900005,0.4034838416885546,-0.14801265931278013,0.4833674741859266,,0.7073508514098394,-0.39764348056146076,-0.04365490641082604,0.4931969328675319,0.7519573461901226,-0.608997011619628,0.5210228792460869,0.5147397641668517,0.1068153070953998,0.32042497155052935,-0.05088849228456568,0.18849344924066716,0.39287625030459244,0.20170196424386755,0.6656887244539245,0.06435203310216443,0.25531861465904354,0.37615858527040424,0.4332080982727201,-0.16313596608470537,0.9832925023252554,0.09232529537347099,0.19209955879802398,-0.19304596110131986,0.31477972660148956,0.49948060261305544,-0.3580129095707385,-0.3049574883516989,0.014322336113864008,-0.3139743453612639,0.13365467616463658,0.27375081322756367,0.2801714522684362,0.5037309661699317,0.4332986169836014,0.33363990712997255,0.30480699092773295,0.36258725339593323,0.5065502841447428,0.39789204274692064,0.12977294933512326,0.11240033329448894
XRPUSDT,0.898365222869262,0.9550198552990883,0.45555631504160865,1.0,0.9437609313600681,0.26031432855000525,0.7704193978719598,0.8250319304645309,0.951702785586319,0.8500124268910569,0.8668529537406396,0.22408317567527722,0.5446399701263963,0.954360968182025,0.23221397467852734,0.8879042334883877,0.9445879686686196,-0.36092528016264563,0.4953941086006336,0.4469961465046537,0.8327523713001632,0.20812501945114828,0.26138703507071626,0.9513439734936017,0.14151064320794074,0.9515349214326388,0.9555293721720649,0.6269193123215417,0.8356672161684462,0.9093189997343364,0.8003481768209638,0.8477287259558531,0.8487888865072803,0.8976976771789285,-0.05268161122321456,0.2885181229372065,0.2147852125248414,0.1219092409173884,0.6835775149101422,0.9301392374171699,0.18203678848115384,0.833139476475462,0.8398197439981768,-0.03296308263559027,0.3313907683839955,0.6123392402933191,0.32995870295547636,0.578997586832447,0.7715715134893376,-0.13559015999292182,0.5737412410969953,0.8538375379619368,0.5413103705884236,0.5451392799017534,,0.2650858491744913,0.06004893751474445,0.8032630315349965,0.4242341938520183,0.8452987423313664,-0.3108371821360384,0.8502119967902309,0.7604689252957061,0.8471647896821035,0.8501132390220527,0.6538153587769945,0.9300473499458572,0.6248388270113981,0.8271971885233093,0.8209894713591085,0.668002249178345,0.8196085070749892,0.3517903281545492,-0.09482926145695694,0.21752577001014772,0.4780693949180336,-0.2071914434843033,0.8593799168853209,0.4483907200849942,0.9106618087912411,0.9558591293780002,-0.6366120273160614,0.5244332953429753,0.8839441881878178,-0.41996601864458183,-0.10660076837761497,0.9410760755987989,0.9036494719883196,0.7661575238621782,0.9329039403155039,0.8467137739873268,0.8762650087869793,0.78972615738089,0.9549133913113469,0.8677464741720021,0.8222637188389212,0.683585164489221
BNBUSDT,0.8018387007860717,0.8822886876641742,0.27830559459461274,0.9437609313600681,1.0,0.45383307701432196,0.8500897533436628,0.76683529133782,0.8799792554676078,0.9420459194743143,0.8713116002490415,-0.0524084235899775,0.5570121997724413,0.8911494560132135,0.046685664964127044,0.7750112024459522,0.8750604251670844,-0.4832928309792249,0.33348820885614905,0.5113629184239228,0.917645537123306,0.4161187430983745,0.39024708334851077,0.9381767665141814,-0.13196199001834819,0.874042905615401,0.8785185546302922,0.5111170506346047,0.8545814078056929,0.8205185000585538,0.8358709375145927,0.8205997314962994,0.8800654856425978,0.9707658582415277,-0.024377198711082085,0.1793800036082471,-0.032959444819944964,-0.17267779382846932,0.5603904178156537,0.8182576671184153,0.07328636419556012,0.9147248886268375,0.8353546160620875,-0.13144793717480052,0.1885725808857328,0.6839943945871061,0.11687273916075352,0.6791000590343548,0.8595622796495548,-0.42891225557923873,0.587346647509218,0.8734906307564307,0.554400168390682,0.49785411722078343,,0.03780077456700142,0.032872443637562164,0.8473912014359652,0.48492657341252876,0.6963583510945089,-0.07606409859296998,0.8980837578998241,0.8457522682251436,0.9147499830315013,0.9276431258015894,0.8208220830990519,0.8845944500944076,0.6625418397300996,0.8939125273332382,0.6632549885419637,0.8421441574825618,0.9018817585786632,0.38067277721894377,-0.32551378329122677,0.13585361711322763,0.2931687743386692,-0.20994211852470626,0.960148106062835,0.6849014182609341,0.9364656804969007,0.8831521970314885,-0.5247310577521118,0.607751907732186,0.9423756553440324,-0.480999488641962,-0.2407464009392659,0.9938244659590016,0.9523602502675003,0.8535067211112239,0.8936265222560117,0.8612809479523305,0.841132754068148,0.6316923022661252,0.8789827802065865,0.7335125978672886,0.8171107927002035,0.8272278912262988
USDCUSDT,-0.0948772159580762,0.12464187657651399,0.18733724117989606,0.26031432855000525,0.45383307701432196,1.0,0.5417693682025204,-0.007293032614386219,0.1314494065018972,0.565734662258139,0.16633906323671305,-0.6923147125590334,0.32067409326468826,0.16629845855289585,0.1838192784911196,-0.11325232192726144,0.11234218336848069,-0.42000071334876254,-0.039502315373688826,0.6144858466600012,0.347430265072059,0.12070175990866257,0.12826682563239777,0.4193380313699604,-0.4402730041201982,0.09998148621073198,0.1223618376289575,0.11811446563812332,0.31766628566525756,-0.057820714448984865,0.2810179064421785,0.25315042936669463,0.28866801294965244,0.4726840529725945,0.716656149602052,0.11952761683452744,-0.23496819644365494,-0.33192568596968375,-0.13690916441684883,-0.05827758071847268,0.22194863289433447,0.2773074575716314,0.3739477180026051,0.02604937102200443,-0.4505735762407681,0.0040698571988823104,0.08495506245942872,0.32622199170406285,0.32925048136889506,-0.832340088247419,0.2913752333554087,0.2694465878333586,-0.24920530569427551,-0.03978185459058356,,-0.0542965328686853,-0.16928785313220393,0.1502265003041312,0.24942600031367582,0.10321784652926398,-0.03637334967402582,0.4529149945751478,0.5477507819409935,0.22880472677846822,0.37188261693549585,0.3928143519847191,0.10413794771290473,0.16564231226030193,0.3476027066187236,0.00751274774005874,0.5742086463912427,0.44757289346141643,-0.020740645457984673,-0.32493820713348426,-0.48989661433232434,0.20350218386808774,0.16524175529537755,0.5172449532993313,0.6152278312363868,0.3048962761138434,0.13672107404373476,0.24068964100129805,0.31054972349669524,0.25897208680993017,-0.45131893731377454,-0.23402005251920877,0.4389327868395844,0.3120863526912168,0.5516649757013231,0.1951448663579104,0.41302767247354943,0.1494560131065573,-0.3362715961185623,0.12942672578805853,-0.16740291366574028,0.1846234871101549,0.5347336804865804
SOLUSDT,0.6397010243534826,0.786016378453092,0.5235247326157828,0.7704193978719598,0.8500897533436628,0.5417693682025204,1.0,0.4366026518281597,0.7849501649307968,0.9572668229107569,0.7549220114303107,-0.039766097339561796,0.82725048487167,0.8034782567808152,0.2076803539151142,0.6226100028014401,0.7763735277543735,-0.7311755500105068,0.4784872829001038,0.7607829863858546,0.8637099178336539,0.4233099930732804,0.22141878672523177,0.9063575852426675,-0.03546573778007537,0.7744749221311247,0.7813137050480138,0.2622756002428116,0.8602504256260112,0.6624174486824298,0.7331081652377227,0.7117018677692988,0.7703925136978244,0.9016237259272191,0.06272758482261699,0.5024756452818547,0.12145079170036861,-0.07997010939301019,0.30142653121297774,0.6599569416108434,0.25546978422311595,0.8202746949669095,0.9461662838616705,-0.13828465974921167,0.17452394824253784,0.5595644329548073,0.25786330419406767,0.3279357629542394,0.8367036845188759,-0.3930379049774064,0.3869619247341071,0.8838265581797391,0.40917634565260463,0.611311424611096,,0.051820277774018146,-0.28931224279975265,0.5736179805882042,0.8111704656145301,0.7116892696839826,0.021931106774210802,0.9830086557458336,0.9950943081424873,0.7909239235892409,0.9329167887890094,0.7769921059466212,0.6050328214886098,0.8218146208182749,0.815609987921445,0.6230186391796488,0.8345156981106169,0.8641495562870976,0.6655372319932239,-0.25682267438304557,-0.006147888086293482,0.48432097876821073,-0.17159154503441704,0.855711146081556,0.6516916378857073,0.848073214283282,0.7913794053013539,-0.4799866561843848,0.24088109318059675,0.6763126545773605,-0.5716368384600916,-0.2463921021533852,0.8468052912382813,0.8795286088396133,0.9967204723668056,0.8074158060993417,0.7410513414323927,0.6993477813345849,0.47948098900680786,0.789473195687924,0.5762671888956458,0.5745328864495578,0.7980519835896134
TRXUSDT,0.8646310394100417,0.8160755651524411,0.04704270523995029,0.8250319304645309,0.76683529133782,-0.007293032614386219,0.4366026518281597,1.0,0.8168835352842159,0.6114809046190284,0.8422097769173549,0.19086080803670458,0.12568954255767315,0.8098438162795543,-0.0943305342897461,0.8527721094303662,0.8238356244502313,0.04240985341328049,0.07657023321673706,-0.027392982689204638,0.7387215965622705,0.2576975501496498,0.3929804148152607,0.7001913081842331,-0.053277487882182235,0.817141664715572,0.8156406056818949,0.6368710371042945,0.7168736782317259,0.8666067991641939,0.751600538324851,0.8119274374517194,0.8038315239656673,0.720472661169456,-0.2726636399809246,-0.20411780199496612,-0.016051843674848746,-0.03591936025581959,0.7485102807651166,0.8480143978942724,-0.06842791009509117,0.7470255840565149,0.5474640066360309,-0.1102830392770684,0.5026955323769133,0.6688251429658993,-0.04465304046250471,0.7187067372890974,0.683215451033492,-0.07456784327593638,0.6763043731625211,0.6833009222313247,0.7407150918339435,0.17415700682836965,,-0.05407272286135789,0.4523320217043272,0.8140445127095549,0.12404824664535617,0.6393415513789278,-0.24152919747283041,0.5403044375913957,0.40578223500040744,0.8063873615425117,0.6111952499898418,0.6165042316497349,0.9507948569513781,0.4272071193825144,0.7691700255144984,0.6374460010178025,0.5646246041051272,0.7110880531031106,0.11171855956015452,-0.018552538703917525,0.5580556387091312,0.05532117828782606,-0.4045159097757356,0.7383373648970042,0.45305276481391377,0.7959221468599463,0.8108899044906941,-0.5416971355290042,0.7452999596001936,0.8525862551819693,-0.24451933153584474,0.08492225713083973,0.7693940008432183,0.7679078427314099,0.4251153764066135,0.8216674861922667,0.7317354085977065,0.8705903171780959,0.7607605420497938,0.8084357406409192,0.8385580672940982,0.8323943916248305,0.5610064689048866
STETHUSDT,0.9466490024467648,0.9989238086793996,0.4878036330116855,0.951702785586319,0.8799792554676078,0.1314494065018972,0.7849501649307968,0.8168835352842159,1.0,0.8461029362243875,0.9240488502196245,0.35693779629724964,0.6206609793674827,0.9986883184239091,0.22610018981913466,0.9434284323950425,0.9989370526243943,-0.30111787936520407,0.44361649214832116,0.4241311009519924,0.8766973700119411,0.23085228824601964,0.25788001151467715,0.9414261263892043,0.17220242820179477,0.9977308201832904,0.9990733006935426,0.5795289463761305,0.9164812843679658,0.9537733072896084,0.8005440826403656,0.9269633837077432,0.8914383264877771,0.8749045239213594,-0.18074266208973694,0.2897420630194982,0.2628426838249474,0.19117010615191382,0.727373023819762,0.9606468281321382,0.20558519212432425,0.8464998232021187,0.9044910695462425,-0.07909156749360882,0.5508970808927331,0.6433324752182397,0.28660013863742245,0.48970439196543286,0.8473073330990881,-0.01803376174232205,0.5726426386809638,0.9272270443693897,0.6972435289530624,0.5364847088393366,,0.1508401572629846,0.12914499115279873,0.7519013556414518,0.5342706506037815,0.9021135944440658,-0.27751422504126666,0.864815622081827,0.7690163257774993,0.8828750383694098,0.8475039569771188,0.7039650469110034,0.9192763715060377,0.7128409448555441,0.8622345770092289,0.8749824928956205,0.6854481722414528,0.848441785173848,0.46403481965262067,0.06727401336089162,0.4403098993079816,0.46639211605508973,-0.30450093129638856,0.8424659150038558,0.4497541153384035,0.9288881531153258,0.9977796851867476,-0.7311337741647885,0.48214797737767945,0.8141649477613843,-0.5031425322459264,0.07302822390051152,0.8821158704303845,0.9271827226293318,0.7819606971116662,0.9763077660848947,0.8217340969899699,0.9430301694748744,0.8458921973591389,0.9991338283537297,0.9286460526183575,0.772713965870083,0.6903189830638593
DOGEUSDT,0.7192038581378696,0.8447723920540564,0.37645310022396905,0.8500124268910569,0.9420459194743143,0.565734662258139,0.9572668229107569,0.6114809046190284,0.8461029362243875,1.0,0.8610888181352935,-0.12392305114024031,0.6900911574540408,0.8639730270529624,0.09419268674710618,0.6971640702360202,0.840832355232804,-0.5927940333446361,0.3115507041871775,0.6356740307352351,0.948277130975997,0.46512919208501624,0.3449669189154551,0.944527745817072,-0.17633737197538465,0.8321153517844369,0.8398092504356196,0.38700557469440233,0.9228123864831029,0.743245279736771,0.8342299485227321,0.8267396770835868,0.8825938487691954,0.9769069478337055,0.05234855503916484,0.27604869357137035,-0.012141630482842206,-0.1870007611306939,0.4231633547018111,0.7266032907968779,0.16677177202758184,0.9049548681403001,0.9245001878135057,-0.1616908119297994,0.2215040900165572,0.6510071292750181,0.12136171029526038,0.5445894524329693,0.9116868169264818,-0.4920004684652521,0.5566364542979055,0.9175831411569986,0.5302651854524623,0.4714942235895049,,-0.0641488537494262,-0.07453225808968039,0.7132602909472766,0.6884600104368225,0.7121751475318715,-0.01115627326900447,0.9674773747941041,0.9530215468252439,0.8956889134873665,0.9487888828689095,0.87281923758872,0.7598345470749246,0.7790639640749301,0.9202029724620804,0.629688168965198,0.9216816175042426,0.9527330382192213,0.5311863872584165,-0.2758704342413344,0.120056068296413,0.34569399807965856,-0.25418009633648464,0.9643728609058354,0.7748585791800432,0.9327345416429099,0.8484544564425878,-0.47042657879522426,0.49080344678247506,0.8184016958730311,-0.5820788280175239,-0.19302885316148988,0.9384489900993552,0.9519385231353488,0.962801732026393,0.8824452808714084,0.8421199686689602,0.8197914937349451,0.5176416260475963,0.8446347664780657,0.6461493411178235,0.7173324637381372,0.8795694451341761
ADAUSDT,0.9257382802030426,0.9235575647927363,0.24291984298639785,0.8668529537406396,0.8713116002490415,0.16633906323671305,0.7549220114303107,0.8422097769173549,0.9240488502196245,0.8610888181352935,1.0,0.11485956047235107,0.4357604985781143,0.9270997982135273,-0.07328470619665639,0.9122495711480748,0.9294696418403868,-0.33365804158969947,0.22240251034314473,0.2316481853174923,0.9525262101450962,0.49948017806695405,0.38787762853639857,0.8768533977958072,-0.07861808742445778,0.9187991230692616,0.9192918348503193,0.4826874003056386,0.9556158406215491,0.9363308078120826,0.9309489461107853,0.8972167332933265,0.948451419923756,0.9150192380978679,-0.28049248527223997,0.048811729380390016,0.03851829952684481,-0.1178555215868288,0.5913259532295572,0.894653304158592,0.036023128261609444,0.9330985138857838,0.8272765199855989,-0.21038190482465308,0.5664247285817304,0.8189247882754064,-0.007388970715701453,0.5942806026230147,0.8979557565003146,-0.18717544924168747,0.665175607131915,0.9050438099549603,0.8107975445976435,0.33991577002834206,,-0.16016060654186948,0.15757912058023882,0.7917966179984023,0.5883695756996009,0.792650505928611,-0.07444288938562338,0.8319136833183088,0.7437205585788569,0.9582453110746653,0.859682463926297,0.8325315424083019,0.9159661617456274,0.7986876752375146,0.9683539346271578,0.7021788207946517,0.8110473202277125,0.9374601854363622,0.5303891894311226,-0.11873027941568726,0.4968976252195991,0.18772797875567898,-0.5509254503295001,0.895162786997232,0.6750406652857402,0.9723729725595645,0.9224517293061321,-0.583600876219972,0.5750495789785017,0.8657550336801718,-0.36019458185879893,-0.04277179597244324,0.8744526688135597,0.9545328105806162,0.7591444767887009,0.9713915861626282,0.8349497775191388,0.9625022605760032,0.7792441052752985,0.9194911470068954,0.873840774531188,0.8561280112533791,0.761227326803259
FIGR_HELOCUSDT,0.41231837637740465,0.36004005154096963,0.4682804712882544,0.22408317567527722,-0.0524084235899775,-0.6923147125590334,-0.039766097339561796,0.19086080803670458,0.35693779629724964,-0.12392305114024031,0.11485956047235107,1.0,0.29589124014640855,0.32803139179178525,0.42218420991958017,0.44558699658693496,0.361441806447228,0.20992794172295,0.5131075564519044,0.001378892693561832,-0.049716244515517906,-0.3911101329952332,-0.24263839579123928,0.1227244569725502,0.7615617039192031,0.38072852636702115,0.3681267620841466,0.21689653693739425,0.07670700045223453,0.38461724237595835,-0.0939427601662063,0.19254951250331928,0.023507208216217036,-0.10127928592074206,-0.4064449437340683,0.41722421513780006,0.6465871897743575,0.7886540856069737,0.4828313737167384,0.44938916775633553,0.22492663642507155,-0.04532738014023063,0.19968916505461914,0.13500881347440374,0.555340886561172,-0.041194686663905467,0.49227924669913575,-0.3054807363374803,-0.007591217394147153,0.8649587134405834,-0.14093966824164686,0.17749084406645554,0.25241845201164587,0.46318382103716166,,0.5132072413845609,0.0702662724645264,0.016149095704563653,0.03525636030714391,0.44424337489635585,-0.37664715908082247,0.0450266541435711,-0.05718756849411705,0.015218727215737105,0.0012098701997784345,-0.22881459471459636,0.1972970520791916,0.07665088800570337,-0.08747150160474093,0.5533943241038909,-0.34337886181579214,-0.13252476147068368,0.16848056615644302,0.5932487234476649,0.4413438766958269,0.46942061045708006,0.06175216163173236,-0.1718554378903504,-0.5969892702092412,0.042931963238748844,0.35292329392037086,-0.6189677364409139,-0.2677190815711053,-0.05340994586529964,-0.06374515768702801,0.4028953456791062,-0.041480644591773606,0.050007004863533114,-0.05846419081005802,0.21745289380595328,-0.03405808251123555,0.19789210295924345,0.6097146242172871,0.36504821645481145,0.5100986558776578,-0.018078405179445017,-0.2524280674693182
WBTUSDT,0.41850571091571365,0.619050439272209,0.6544195502361702,0.5446399701263963,0.5570121997724413,0.32067409326468826,0.82725048487167,0.12568954255767315,0.6206609793674827,0.6900911574540408,0.4357604985781143,0.29589124014640855,1.0,0.6305190679143869,0.46063294866184734,0.41473183963473154,0.6131145673916153,-0.5738100014993849,0.5697435018934577,0.9006603993008153,0.5615305472881905,0.08221607867624306,0.019656923431411757,0.6839863607281298,0.22081497475893605,0.6165544853309253,0.6182703357584207,0.1282794182395268,0.588519737583622,0.42985812630188414,0.2900946057652377,0.5286675317703726,0.4601279992468609,0.5712034967435672,0.05719209644280227,0.7220112060017152,0.3091800483106154,0.2655413942803314,0.3129969602153725,0.4778435701459254,0.37643754783878114,0.49260087698541116,0.8309497742501941,-0.026407023895002654,0.15493637152163223,0.19068141783512924,0.4491496303610979,-0.017792319782147528,0.6161788758656489,-0.09697121068992295,0.04684859813609111,0.7193868404936244,0.23343090793772386,0.7727963205830748,,0.2656383712775411,-0.2996184484557202,0.292617375149417,0.6767787567707403,0.573068822679394,-0.01791319887523069,0.7905472260805418,0.8214966861560483,0.49044013064074665,0.6960531984701503,0.49445332709945167,0.3192956018793321,0.5694359584045159,0.441896484237566,0.6080270372135376,0.5061277793656912,0.5122042108716014,0.5547575430726128,0.038840273214953744,-0.0016363361832536874,0.6331105733029183,0.21173790784141688,0.5333151186249745,0.2435255509691919,0.5239937069315183,0.6206747656838014,-0.5823541451385186,-0.05466528208606655,0.3348222282417646,-0.7259766584810593,0.009744960782202857,0.5573157752081997,0.6065618788168943,0.8229231301869181,0.5401158285049132,0.43114279861273563,0.4305606034446911,0.3607501341914953,0.626138345327086,0.40867052690450056,0.16224032611100503,0.5325373444483773
WSTETHUSDT,0.9386492236104926,0.9979371959141158,0.4925157747352879,0.954360968182025,0.8911494560132135,0.16629845855289585,0.8034782567808152,0.8098438162795543,0.9986883184239091,0.8639730270529624,0.9270997982135273,0.32803139179178525,0.6305190679143869,1.0,0.2283688932456751,0.9347576109156523,0.9975233441862984,-0.3204230222555948,0.4405223404541564,0.44399024454086244,0.8870563267860145,0.24032396475247159,0.2613404953023454,0.9520008005003217,0.15423524117966822,0.995784085653827,0.9979053089366977,0.5761910109351138,0.9259219020950489,0.9471456743186892,0.8097891590903957,0.9304972853179734,0.8985253896457874,0.8889355577567345,-0.15680714140172314,0.29426615220209307,0.2527663463374703,0.17474250974229255,0.7137379806571016,0.9530269487498624,0.21201107497344435,0.8544581230974955,0.9153074737025838,-0.0805073860439354,0.5339113779346495,0.6439477590397522,0.2859509213392886,0.49603050484298294,0.8568065630930445,-0.04869725738878261,0.5795282865872116,0.9337755592217118,0.6865801631092532,0.532539587023222,,0.14363888271202538,0.11714346581604794,0.7518844299485434,0.5482292435438032,0.9020103277256188,-0.27264458425217847,0.879207826608825,0.7879971567561239,0.8881270969288653,0.8589116045210003,0.7171610031980449,0.9163211170937674,0.7216576422484562,0.8730015003733872,0.8693175512175504,0.705445709936874,0.862843547011318,0.4688793777542857,0.05248786650492354,0.4203283437178999,0.47027367354773814,-0.30294740368519624,0.8573905254312578,0.47321628576829977,0.9368203829850944,0.9972918447573333,-0.7174048805622301,0.4868549843167955,0.818246416014272,-0.5144956237855168,0.060920339039429866,0.892783857645088,0.9351487953610454,0.8008995940997035,0.9794162591813621,0.8323089520498475,0.9439231832539056,0.8294090781270377,0.9983424397362406,0.9175923092677337,0.775675625909956,0.7076123994362911
BCHUSDT,0.04118491363469554,0.22097528570703087,0.8392919021467975,0.23221397467852734,0.046685664964127044,0.1838192784911196,0.2076803539151142,-0.0943305342897461,0.22610018981913466,0.09419268674710618,-0.07328470619665639,0.42218420991958017,0.46063294866184734,0.2283688932456751,1.0,0.056018201561776074,0.20284667157632097,0.005749013507557694,0.5471336931684451,0.5344586200184573,-0.1174010018938225,-0.7000447145094671,-0.4158698689847802,0.2875080749378025,0.6010390290913775,0.21809808053234303,0.23355774156676154,0.2960594949396246,0.08012894280025405,0.045256947369796234,-0.14678798305581245,0.1837033017675986,-0.03495526918474148,0.004117915940896781,0.5537533525018478,0.6608141245541537,0.6717415226215946,0.8097357725061498,0.20517314595502698,0.14421642479949845,0.6332522016062024,-0.19593779547940515,0.32917788895789185,0.3794431815464411,0.016642341700816656,-0.45518819927055626,0.8605147877227232,-0.29853278608251643,-0.07881778104044876,0.31288396387604306,-0.04875627926370177,0.11013561063818784,-0.3821364678596642,0.2694308966474388,,0.7541337685008791,-0.15770053456577635,-0.22245615151329068,0.06325820639439292,0.46130511590230827,-0.7112429302852382,0.19161334179729878,0.19382295483726492,-0.18846560702438267,-0.01339972450958792,-0.30105550875287,-0.004798324490841533,-0.05965912196544765,-0.12158033042198256,0.4743333274220195,-0.1880387549725687,-0.05495504250078146,-0.07940557831981508,0.5870684753340789,-0.21569774724523805,0.8734745322129454,0.4096355887411931,-0.04248221025244696,-0.3996195737971313,-0.007661828108618893,0.2298393762800585,-0.19444003365184462,-0.23899092522503332,-0.20185871622625876,-0.3695982522520202,0.34693068124574583,0.03995243529900455,-0.027451326218011878,0.18972992629727845,0.12073938786025035,0.11093848360077808,0.052073081211869626,0.07369001783839804,0.23855493944807507,0.12200074840040959,-0.12926955612633845,-0.09381007531465341
WBTCUSDT,0.992951038598496,0.9474435676760167,0.3821691397481614,0.8879042334883877,0.7750112024459522,-0.11325232192726144,0.6226100028014401,0.8527721094303662,0.9434284323950425,0.6971640702360202,0.9122495711480748,0.44558699658693496,0.41473183963473154,0.9347576109156523,0.056018201561776074,1.0,0.9470391443148637,-0.23771815400706955,0.44495940898240427,0.1519338584481044,0.7989886896892758,0.2927414053138107,0.24255920615813675,0.8262350733348597,0.24824668357121557,0.9509190357000522,0.9471147565087248,0.5457727222156301,0.8408414730465973,0.9917352222345538,0.8202111164616288,0.8240581743437911,0.8346357685030945,0.7789854996375762,-0.3874101622629641,0.195859725330174,0.29083626883937314,0.18081192011930441,0.6908716742330979,0.9828473521932061,0.09469611533813675,0.8087221878362956,0.7648417071776318,-0.1126544593864772,0.6485935497752212,0.7279609971805823,0.21067178578454904,0.44667423579915283,0.7392421741898813,0.16727720423860323,0.546483143614225,0.8256834419510073,0.7596980008766074,0.47464599479538944,,0.12477133363046346,0.12337643342322807,0.7396113617037542,0.4851102638884418,0.8735948072769281,-0.24741896530201396,0.7346448459616509,0.6092981510818339,0.840716633365355,0.7560352962200981,0.6028242249700175,0.9133519907547575,0.7164401640008564,0.8161259668638592,0.8228910306534714,0.5520361292463952,0.7636817886380528,0.5042995228199711,0.04895094578898976,0.5224389829710753,0.35193728083038467,-0.47981318346897783,0.7192135032910599,0.3427623578573845,0.8800915880822162,0.944759879267911,-0.7140955788826099,0.4116695680052233,0.7881196005859475,-0.22912205496755822,0.012195247918684354,0.7800935325534742,0.8528339530843323,0.6171958935195139,0.9414304275846931,0.741437514541985,0.9124104587161075,0.9484917299839964,0.945592002348497,0.9809281578657589,0.8109541297641771,0.5458109722131057
WBETHUSDT,0.9509131365010293,0.9981728097828017,0.46491256108210466,0.9445879686686196,0.8750604251670844,0.11234218336848069,0.7763735277543735,0.8238356244502313,0.9989370526243943,0.840832355232804,0.9294696418403868,0.361441806447228,0.6131145673916153,0.9975233441862984,0.20284667157632097,0.9470391443148637,1.0,-0.2883318833874975,0.42342358344637593,0.40712691143695284,0.8815329341530072,0.2451595164976958,0.2705027678518446,0.9323554532787269,0.15993914436735096,0.997458980230979,0.9980501170591095,0.5733468231737195,0.9176303402620106,0.9573916751558103,0.800278875999253,0.9302143434214962,0.8950157958257217,0.871303386823284,-0.20693374689895574,0.26866673344143116,0.2476496237354382,0.17869175589424546,0.7341869958813031,0.9616279337329708,0.18867708762014776,0.8513674611598653,0.8983504415317651,-0.09070032086628006,0.5673623353316732,0.6551625102439471,0.2606548648826916,0.49537682332040683,0.8544692257317794,-0.014714468906654201,0.5740769524341611,0.9293000527704653,0.7211961423870424,0.5304190325202524,,0.12562800592465626,0.1475260210599637,0.7579318306722151,0.5311148495380411,0.8927057925311579,-0.2593790112538857,0.8577219991775528,0.7600998730765878,0.8906831045534908,0.8457140031831432,0.7143405791599621,0.9226343665054564,0.7135169008532575,0.8653888181490452,0.8691273381104447,0.6885491812111565,0.8489390781359455,0.46564736659273087,0.06741176665991613,0.4673382869071202,0.44107468384567,-0.3157278711899359,0.8418957291031209,0.45582487657872134,0.9290427250650161,0.9964462367911895,-0.7380423310199208,0.4913484646233788,0.8170748733260838,-0.5034819900701847,0.08282544485624889,0.8777793349490638,0.9291471731676347,0.7739431603762894,0.9758257090172726,0.816477167020383,0.9475591386920899,0.8508748715651672,0.9978238585902008,0.9324357829504902,0.772327738137761,0.6919120730236646
USDSUSDT,-0.2626845561063112,-0.3158298149998672,-0.34595548879775345,-0.36092528016264563,-0.4832928309792249,-0.42000071334876254,-0.7311755500105068,0.04240985341328049,-0.30111787936520407,-0.5927940333446361,-0.33365804158969947,0.20992794172295,-0.5738100014993849,-0.3204230222555948,0.005749013507557694,-0.23771815400706955,-0.2883318833874975,1.0,-0.5890058278526221,-0.5699720090758302,-0.4722937417854225,-0.5584146156695613,-0.05766693183139877,-0.49630646274487883,-0.016712601919606083,-0.3064225919555265,-0.30757030387106776,0.16404211973362667,-0.4117757933136224,-0.2803708590425275,-0.4762345006469127,-0.09092353142327207,-0.31782757917642596,-0.5565581066911468,0.030773153416456527,-0.5972899115813387,-0.07772375791664456,0.27329501479596713,0.2483013331449071,-0.26955540729499056,-0.08800456124075551,-0.5199153523513773,-0.5416461609726592,0.16590955192210183,0.20168282225891523,-0.4368254969855501,-0.18644138225670354,0.018717519614915867,-0.3940300244536832,0.3223079766444688,0.032045583895406425,-0.4462742482052581,-0.018916786048913222,-0.6166754874418487,,-0.09494772559645533,0.7788145298902857,-0.2594017081141074,-0.7960410913218917,-0.3191192413180278,-0.3367506063336036,-0.6843981899456889,-0.7550210915597512,-0.40708055459357195,-0.681475026280962,-0.4288506778418644,-0.13142988338471234,-0.7160241434224307,-0.43540615967072677,-0.18258293898007683,-0.4970112796091809,-0.4759798598095687,-0.7818223960115175,0.6191524504850748,0.4750598884943065,-0.318648460029809,0.14790439729847565,-0.4366919266678231,-0.40910388192626124,-0.464933455019245,-0.32412006447148956,0.13355801801867687,0.2625160361603366,-0.35983093435358315,0.024892844732039246,0.7305211681901046,-0.47801803332656684,-0.4920371199132836,-0.7274735373997753,-0.37058754857146364,-0.33519564081863507,-0.17940262272081076,-0.21129943271606258,-0.3195416271909625,-0.18314194618481514,-0.2919445214434108,-0.4390210637770664
BSC-USDUSDT,0.43020314406305116,0.45970734466790997,0.785557079258783,0.4953941086006336,0.33348820885614905,-0.039502315373688826,0.4784872829001038,0.07657023321673706,0.44361649214832116,0.3115507041871775,0.22240251034314473,0.5131075564519044,0.5697435018934577,0.4405223404541564,0.5471336931684451,0.44495940898240427,0.42342358344637593,-0.5890058278526221,1.0,0.48565716236940265,0.17695939765449037,-0.10916423012100104,-0.28120592593736815,0.4937126380480218,0.7197597148941848,0.4638393205426772,0.4639749008714068,0.16551400453190457,0.2629686623981568,0.4276249863682706,0.24795893800795174,0.12903394460311016,0.16170164037622642,0.31049349635647905,-0.015102534667793417,0.8824845615695832,0.6879917833863319,0.5336206541152155,0.126046728401294,0.5008431318439235,0.37912190045618244,0.2301055829385184,0.5023577600547986,0.14579910612140617,0.04783904865566724,0.11974682055952045,0.7782058718198233,-0.2533857009860056,0.1126276489755794,0.3996676205863346,-0.12377545114966501,0.3417909040447587,-0.10810917634053042,0.7747043003927827,,0.7685764996149168,-0.6431158362097354,0.13871924009455158,0.48770130189254113,0.6207832767128123,-0.30549127420672295,0.5068685396979168,0.4863228621228774,0.1643530793836364,0.42837784278040764,-0.05799271697807388,0.2183064202118446,0.4562978313384953,0.15924490099914748,0.5734529902331212,-0.012493920758875952,0.17283527028780643,0.5404310266334541,-0.0025527261259164756,-0.3278171069111294,0.8141666222557569,0.07242798564096392,0.1428141829626673,-0.2773228453972058,0.3150510091144658,0.4665186329458557,-0.4289095350895871,-0.43710158009739436,0.19019984233143353,0.0315748227267221,-0.33659883999801393,0.33027853714664634,0.3057876510510831,0.45488930511707454,0.38877544606310527,0.25158172688323827,0.19486509461758728,0.5429824264017749,0.4713912938891491,0.45606557926891217,0.22218417872113458,0.04006714655342456
LEOUSDT,0.1595161079565091,0.4213056301963172,0.6146033355365096,0.4469961465046537,0.5113629184239228,0.6144858466600012,0.7607829863858546,-0.027392982689204638,0.4241311009519924,0.6356740307352351,0.2316481853174923,0.001378892693561832,0.9006603993008153,0.44399024454086244,0.5344586200184573,0.1519338584481044,0.40712691143695284,-0.5699720090758302,0.48565716236940265,1.0,0.4088468919064036,-0.04678837484351121,-0.021902386307075614,0.5976750453243619,0.08800767515791683,0.4116776130032137,0.4217880416817386,0.11548490768190924,0.4149712892434225,0.180497597762246,0.15425488706844775,0.3773920768471211,0.3100638445653176,0.49452413441770215,0.40670273243504984,0.6853626071363331,0.19965927178080672,0.17785311815700952,0.15446007692432445,0.24403268877737602,0.4151068790483349,0.33571626708734004,0.6911679388716083,0.06923120643287084,-0.18981518186917726,-0.02653183934693443,0.48574370580009624,0.018794453973461182,0.45655684660989515,-0.3428619439931954,0.014591744026427999,0.5361144704484361,-0.09083916252918843,0.6289319439727761,,0.33605112597330805,-0.34350411339594566,0.18404381803215453,0.497968995397872,0.39260243841500453,-0.07651707726140679,0.6878935295694253,0.7600106041690039,0.3112883093770523,0.5723479091264463,0.3766216045877007,0.16802722591968774,0.34692976331398406,0.2989792920733403,0.4269644261622313,0.4606269392530526,0.403623888394303,0.3054558324652003,-0.062492821576500206,-0.3249454825619046,0.6353227734784627,0.42505756489672397,0.4806305004685145,0.25715733935811785,0.37305728023249884,0.4272678291096559,-0.32206901866128096,-0.022158950993039144,0.2472080705599655,-0.7317673325103541,-0.08160007071672097,0.5041183541939155,0.4521401940140729,0.7580432803369537,0.352107748124673,0.3765840131237255,0.2367113754709559,0.057614421386363225,0.43026985917464766,0.13912698974509263,0.05800008925132871,0.49685725895838295
