,BTCUSDT,ETHUSDT,USDTUSDT,XRPUSDT,BNBUSDT,SOLUSDT,USDCUSDT,TRXUSDT,STETHUSDT,DOGEUSDT,ADAUSDT,FIGR_HELOCUSDT,WBTUSDT,WSTETHUSDT,WBTCUSDT,BCHUSDT,WBETHUSDT,USDSUSDT,LINKUSDT,BSC-USDUSDT,LEOUSDT,HYPEUSDT,ZECUSDT,XLMUSDT,WETHUSDT,WEETHUSDT,USDEUSDT,XMRUSDT,LTCUSDT,CBBTCUSDT,HBARUSDT,AVAXUSDT,SUIUSDT,SHIBUSDT,DAIUSDT,WLFIUSDT,SUSDEUSDT,CROUSDT,USDT0USDT,TONUSDT,UNIUSDT,SUSDSUSDT,PYUSDUSDT,DOTUSDT,MNTUSDT,MUSDT,CCUSDT,TAOUSDT,AAVEUSDT,USD1USDT,BGBUSDT,NEARUSDT,ASTERUSDT,ICPUSDT,BUIDLUSDT,OKBUSDT,USDFUSDT,ETCUSDT,XAUTUSDT,ENAUSDT,PIUSDT,JITOSOLUSDT,PEPEUSDT,JLPUSDT,RAINUSDT,APTUSDT,PUMPUSDT,HTXUSDT,ONDOUSDT,KCSUSDT,WLDUSDT,POLUSDT,PAXGUSDT,KASUSDT,SYRUPUSDCUSDT,USDTBUSDT,BFUSDUSDT,HASHUSDT,QNTUSDT,ALGOUSDT,RETHUSDT,TRUMPUSDT,RLUSDUSDT,ARBUSDT,USDGUSDT,FILUSDT,GTUSDT,WBNBUSDT,USYCUSDT,ATOMUSDT,BNSOLUSDT,VETUSDT,FLRUSDT,FBTCUSDT,RSETHUSDT,XDCUSDT,KHYPEUSDT
BTCUSDT,1.0,0.8880502020761907,0.21367653118391586,0.8140125722194574,0.785488208878496,0.719813065995188,-0.3242730405292298,0.8414213626714409,0.8776813481996761,0.7613244425083092,0.8457033974795946,0.47101701609936386,0.900530939260345,0.8704657156732105,0.9719075947444147,-0.10912618239067298,0.8813689002607666,0.2250809409641939,0.8336188679164085,0.2874382679647417,0.20145551947278106,0.5146296610904034,0.23141559470582576,0.7914170872983257,0.8805459197168531,0.874974630826387,0.18413880454859932,0.5698765082311491,0.8733034922019643,0.9764022373888023,0.7464946821823587,0.7444122005486584,0.7300759243430799,0.7199902905972778,-0.19060046646884074,0.09678023081976253,0.07798815605898708,0.9180518758079536,0.15648443052694383,0.7107971275674562,0.7753708362939286,-0.011719947238394805,0.21154828797914224,0.6427240370786065,0.6974982545813361,0.4905721573938869,0.5846668251258363,0.7363779447757038,0.8289334975614049,0.20470960120245577,0.5127534574418701,0.7275376818594321,0.6535632546948288,0.7271335460702466,,0.783857869397791,0.10510374518627896,0.7788727036097203,0.4774847067623167,0.6700731491338183,-0.2436695235764745,0.7095133685178933,0.7429915905773228,0.8050502531025698,0.27580823496572876,0.5443133289012051,0.5163087710896465,0.8505650012007616,0.8221305459014858,0.8518438966196461,0.5204586013573527,0.7040488188950872,0.42596332753253824,0.5689476058823498,-0.1580953955923575,0.02865125475467228,0.18343227297548897,0.3909336518847749,0.5321597942168871,0.8521188335208378,0.872232140772526,0.6113994367480526,0.34466989710781615,0.7641474814537382,-0.21246274727861975,0.5670461538251392,0.8306953697726505,0.797781322818119,-0.6489606799803175,0.20331322106780936,0.7160161207385641,0.8799870807245614,0.7808305549109124,0.9532883895640876,0.8814093031021971,0.31537219518334697,0.5316312536043013
ETHUSDT,0.8880502020761907,1.0,0.23006963824819712,0.9233367688790317,0.8597795955327945,0.856210581920435,0.012798708589464101,0.726821273733999,0.9954106725453787,0.8290336952414394,0.9020167023260445,0.43301296807590667,0.8899041819230388,0.9937792897806789,0.8722264517324898,0.06959785788362871,0.9957058411998677,0.18496589266877206,0.8425424308241318,0.4117786495655438,0.571184290512828,0.48579329988703307,-0.07729913110133395,0.7039500799921123,0.9950498078403037,0.9944990356119204,0.06411201252527048,0.5223319804014694,0.9023279658594975,0.8930842516237951,0.5106919881515377,0.91081069121332,0.8970649528859961,0.8974876641075091,-0.2137153566322513,0.1370332465608248,0.03760621327942253,0.8488665601632835,0.3704718524963006,0.8754804515314603,0.7841865445091964,-0.16003268887162947,0.10693821456342564,0.7460924307243441,0.584474595831977,0.38793770856998405,0.7689391261706214,0.4703637459805054,0.9188296977149731,0.2142548122915066,0.5384280438747903,0.7063232881283246,0.7030117643833695,0.7129811311626005,,0.8122287883759782,0.18181211919996873,0.9292076092263778,0.6246257739039759,0.8414336943616041,-0.312014234648497,0.8522414074845458,0.9071793813803829,0.903165549152142,0.6042488346096879,0.48171934887550544,0.7408135007852766,0.8903547314151579,0.8639797572901352,0.8003070484783082,0.6424387751499805,0.7785697616629225,0.6158032333941759,0.6958480653664101,0.24175766771521232,-0.10516509358043534,0.12435656968613816,0.2363482356452857,0.5129439420829084,0.6485368722925331,0.997343514980342,0.7147051493480908,0.12441984143090423,0.9321688878367606,0.07652025487557694,0.617636143901911,0.8454952339208995,0.8714908629982355,-0.5902086353100223,0.23929856303012087,0.8632730108950633,0.9812467472931309,0.7110550464105695,0.8501370213796083,0.9969288758939492,0.5941014629123195,0.46924827003133657
USDTUSDT,0.21367653118391586,0.23006963824819712,1.0,0.2926278581891833,0.015427647975764312,0.041159684914511725,-0.21703584415939373,0.028291913771565088,0.22830599548075198,-0.04546698267506864,-0.06227601161644423,0.5512698646984274,0.4575497586151328,0.22093604701455294,0.2557931636734016,0.7445879044545562,0.2078377707828315,0.3393896592413018,-0.17405215634308555,0.7649408387833895,0.3231310288303995,-0.2690019903244367,-0.6181893032742598,0.2852234197688892,0.23362292410647478,0.24237506990645474,0.7548331055604149,0.42038702927720784,-0.08389663721335315,0.2068577010774164,0.1953284251992424,-0.08613477078626657,-0.02377792095003093,-0.051022508294406695,0.3479912194335255,0.8088523642074487,0.8354066047666217,0.25911287560494495,0.6535093588129396,0.15881163880621824,0.22239856725441065,0.3016340403418909,0.4073031451569163,-0.30214589350867294,-0.3634114476187258,-0.014502156852075853,-0.05855872383870249,-0.14960019459195717,0.07836411596537031,0.6735834301952637,-0.047524907408658,-0.3461994523058858,0.3446012628517711,-0.18224328703976275,,-0.08295689289151474,0.8921662031965663,0.4954665026315422,-0.04310307216234599,-0.04094888494356456,-0.7977847317239163,0.029440993931485443,-0.1323331663520383,0.10553289464621338,0.15134665295430513,-0.5674439933706896,-0.2359869752108651,0.06198728369560122,-0.14954025889674968,0.5002404314886845,-0.4229201692280114,-0.23822732753360326,-0.05664960478887319,0.11766940373022969,0.35309603554923313,0.597957793288521,0.8515714094588986,-0.27098299376304696,0.10539774342280576,0.029312767132352133,0.2370160313050869,-0.2366768144918459,0.31086034907656185,-0.06922936647324174,0.031535853905926024,-0.2602583956556051,-0.09930622068876561,0.009525616455417083,-0.2148088772939036,-0.7010991553378207,0.010536576487466148,0.13209964388132506,0.16287221029717527,0.32283649722096786,0.2451191026590273,0.5204911175916025,-0.28770454472672524
XRPUSDT,0.8140125722194574,0.9233367688790317,0.2926278581891833,1.0,0.8180568665034947,0.9305708768493024,0.06974283672493785,0.5669665173414674,0.9181737189800973,0.8684600383208884,0.8051063134998746,0.2835284414224253,0.7683477438131713,0.9244757669146695,0.7949406568464655,0.06981272944775722,0.9113792293191666,0.20463691970743922,0.8175877508115911,0.3408749562062348,0.6961744333284189,0.5559758439447846,-0.06019827417611043,0.8335844244235234,0.9074833630045518,0.9186430104163935,0.02567606495248484,0.503275833537487,0.7823210751111928,0.8122094277120162,0.6218602816068204,0.8714545856480118,0.8836064138817423,0.8811915821551196,0.07774612985039256,0.09532930991773461,0.15038331443054295,0.8767588717823579,0.3279306122871469,0.6408289628050031,0.6173566849832265,-0.07690970635157382,0.29563552553080447,0.5789525919383374,0.4653275984213382,0.1221009719682736,0.8390939629821604,0.4925521017113641,0.9269007744302166,0.3207808105056644,0.4767206529657271,0.4928689221560729,0.4795105089045328,0.5903398321614596,,0.7221023653851576,0.20683866429862605,0.856319000427741,0.737073261036385,0.8373400515065893,-0.32683597012558363,0.9322050547685562,0.8530032860615909,0.9543236781905184,0.7037595423164886,0.36837899325832907,0.5914154559730215,0.7351369982833982,0.8409863919421942,0.7483032591346094,0.6256570747652561,0.690308001047961,0.6429724243449377,0.7499566774103081,0.3466768513299956,-0.16400919757475924,0.18344164970623303,-0.07435537346746522,0.5367006446785137,0.6624903578985215,0.9226885263539617,0.603911464634844,0.2179194448053388,0.8635148201210816,0.11012042816225076,0.5444553911559527,0.7698061043060319,0.8228165398142975,-0.36379294623393027,0.21338658258996804,0.9345010211635099,0.9007287904451153,0.8535235104752377,0.7278715483813688,0.9187015647909768,0.698370776595237,0.5395700184660586
BNBUSDT,0.785488208878496,0.8597795955327945,0.015427647975764312,0.8180568665034947,1.0,0.8599221017638669,0.27770262979306837,0.8050086103352238,0.8610107990313859,0.9482377137394278,0.8708304580596996,0.00598433808559753,0.6675321617937137,0.8693176370937585,0.7625118462311447,-0.09946555228927326,0.8595316659648334,-0.04770924441037775,0.9151600408693943,0.09961789058803397,0.5310602022099963,0.5305676417664238,0.1717558901454656,0.7327117590591826,0.8532851763400553,0.8543512586922719,-0.2590108939637774,0.6066862057107274,0.9366507048403508,0.8095990461036457,0.592632992366278,0.8978091425651077,0.8232424938998592,0.9225671552530109,-0.020333972230657787,-0.17995137450883383,-0.19836305603018797,0.8483642170167712,-0.016134139791054183,0.713575556236433,0.6635870520531976,-0.1321998046458884,0.03579976210854248,0.797868070890692,0.6875346138118453,0.12148230930250367,0.7601397429262421,0.6387027420397199,0.8415797546843907,0.02904954945037594,0.7513317760427325,0.6077344488107329,0.3907537966502807,0.724544979097826,,0.9054082882070331,-0.021216904491434773,0.7001294393046619,0.40874813811280275,0.7807904231908116,-0.17336753905005592,0.8605075660785586,0.8543910336590622,0.8762449782868603,0.3505920282214139,0.7027829552282052,0.5609767607719394,0.9034180186231782,0.9290211504399084,0.6257284949181298,0.840000317041608,0.9271813766260888,0.31376651890446766,0.577449149568085,0.08129552670070127,-0.36823482867978086,0.0033551093895342445,0.1359711743478281,0.6140208925330777,0.7861094297648165,0.8604188686020127,0.901234706625947,0.007478639827461966,0.8877171975782093,-0.23547391546604424,0.8304482252424598,0.9682455097594896,0.9872753798088328,-0.43268504056674156,0.5855463331295823,0.8743246442533051,0.8996790444829195,0.7107475369307925,0.6481340440631952,0.8591205534181738,0.5285457756050054,0.5386165793137594
SOLUSDT,0.719813065995188,0.856210581920435,0.041159684914511725,0.9305708768493024,0.8599221017638669,1.0,0.23050317973979878,0.5851384932181,0.8609432541606725,0.9306685594722687,0.8387853720706832,0.06159281978904359,0.6302732147843519,0.8723894448252832,0.7094945137414377,-0.14131925660755418,0.856842888022442,0.11090584374160761,0.8845520458767034,0.10992302504551037,0.676769228479015,0.6960924418602671,0.11097700677896111,0.7818363881631355,0.8438194596747963,0.8577950692797612,-0.21120166499552362,0.3639047882457584,0.824702805612555,0.7433892912552069,0.5664486824215833,0.9349367016464085,0.9313978903813689,0.9465265118302425,0.08792960626434555,-0.1962229293750922,-0.12329659115394613,0.808955349739533,0.1397353137115983,0.5862460189610902,0.57599100622779,-0.16014725819379688,0.25686954431515735,0.692193638397028,0.5217978188323157,0.0757477272928165,0.9221532591871474,0.5512914712124465,0.8979391345571902,0.1794436379044978,0.4830739165166465,0.5482186672826398,0.36616313094398917,0.6814286054262505,,0.7372455104635615,-0.02897720346818756,0.7265177129403847,0.7513396265704226,0.8840686386045891,-0.16462631973019687,0.9762703607766429,0.9046530221428888,0.9631843230281618,0.6786725661973725,0.558510161847685,0.6601143331604155,0.7408309010717697,0.9161455818297339,0.6298044071811216,0.7796566218965262,0.7857114611506602,0.6349300749281435,0.7370344973798613,0.26278385159651874,-0.35649714635844826,-0.04846532888274021,-0.07450628703701483,0.5154332773509862,0.6737636709551144,0.8640276816398961,0.7131537447032451,0.13376194737587688,0.9101901682893205,0.1216835838839237,0.6915118100819335,0.8285819837804252,0.8637221994910133,-0.20743207614890774,0.4688745190472658,0.9829940044926124,0.8795265430422993,0.84992457708216,0.6009563632692462,0.8571817960098562,0.5791208814523375,0.6851113309478414
USDCUSDT,-0.3242730405292298,0.012798708589464101,-0.21703584415939373,0.06974283672493785,0.27770262979306837,0.23050317973979878,1.0,-0.10095212029655364,0.013541237420891115,0.2550744350363247,0.03403990216901161,-0.6319110673380404,-0.31470423008607723,0.03695288890264365,-0.3506473899666029,0.13945142626687207,0.002840511056030235,-0.3603198178906831,0.06910275820269009,-0.157020016483992,0.6308334036807745,0.002499634730051318,-0.2692280360825249,-0.14117550397007372,-0.003481804940882797,0.010322160806679638,-0.5995253525272857,0.0020170081666987362,0.07268693877113917,-0.2892826216388567,-0.3520533049597398,0.261095545938258,0.18673872919160386,0.3372979051408055,0.27345672451714914,-0.3364705724243014,-0.3742991937337542,-0.15778397501594918,-0.0900012836414883,0.07584677610291628,-0.1279847021233711,-0.21600338832576924,-0.23099853377972832,0.23851893324214377,-0.1406277967534559,-0.5422705123307482,0.31222587253578454,-0.28631766610474085,0.009177665281033254,-0.1725221253798929,0.28661658281256863,-0.22111440436252447,-0.3072055930617446,-0.011272085679502174,,0.12602168956809168,-0.07471907448175091,-0.028823484066267783,-0.06268689613410668,0.20780013563825742,-0.017153364131489577,0.24747356236350582,0.1876686837697758,0.11823405620792166,0.238194337020252,0.15095097211968456,0.14301350187667675,0.08187634639406562,0.1296705413812622,-0.30602822615373787,0.438669825731435,0.29973269265220603,-0.10314621357391891,0.05195901284401149,0.5123549089889273,-0.5436293922107179,-0.22307219259969882,-0.44284710699382873,0.07406778561354806,-0.2108179862896405,0.024306381928863623,0.416978651676116,-0.5424091217983422,0.2189684211202033,0.12892356201100622,0.378913148536165,0.16426570242523644,0.2706522649857626,0.3655666887295088,0.5000405661630127,0.2581186178258467,0.053979866413062384,-0.1446565181534381,-0.47942184332058696,0.006600728510997249,0.4147069318269083,-0.02617729202388104
TRXUSDT,0.8414213626714409,0.726821273733999,0.028291913771565088,0.5669665173414674,0.8050086103352238,0.5851384932181,-0.10095212029655364,1.0,0.7379622755992622,0.7102406704796783,0.7984023031699109,0.24863363097671545,0.7628254145851471,0.7214922118549758,0.829373070467301,-0.20570986964375088,0.7304122390192361,0.10487849778006955,0.764730723242856,0.1273903229695743,0.07312861534271733,0.5236698704049401,0.3426091435382889,0.6070979810378402,0.7266730805214389,0.7215025775664521,0.059842521741250744,0.4682105726366593,0.8795827774212368,0.8471260207389892,0.5839780714080565,0.6820976073635399,0.6285011769092606,0.6747002984263679,-0.13323908485640568,-0.15158310979523404,-0.21807555167248066,0.7445708169595864,-0.034119184723652406,0.6940972078108607,0.8122139724378774,-0.03677560894493614,0.16326414304721648,0.750859488514377,0.6491839439339517,0.5035379831205709,0.5003050039235406,0.7484401174305612,0.5918346193742512,0.10494878190427495,0.521985810435059,0.6892909820616934,0.607189917462739,0.8209268691058073,,0.7297161030254321,0.0015175976232439535,0.6066870502469177,0.15823795806673951,0.5569197845278621,-0.26079764182914245,0.5738095721412364,0.6253766216683683,0.6503822837159569,-0.02341106116760273,0.7269709179485873,0.4551083348725435,0.8985097087585728,0.7768112564400718,0.7536747649309763,0.5503869310648374,0.7564550445733899,0.10294753362825666,0.37114188609620435,-0.3796242901719069,-0.0208572133715311,0.07996559456280268,0.47559312724654174,0.45960357336134794,0.8274086375238068,0.718741456103413,0.7429386588944299,0.21508279018444076,0.6895360782103366,-0.34696795443627787,0.7654519080834704,0.8599842688294557,0.8147995926420064,-0.49871604604233566,0.43595290296592604,0.5853871811319773,0.7764468525162536,0.6037415000319989,0.778077235040798,0.7312379687483667,0.09873180284315253,0.555770002925
STETHUSDT,0.8776813481996761,0.9954106725453787,0.22830599548075198,0.9181737189800973,0.8610107990313859,0.8609432541606725,0.013541237420891115,0.7379622755992622,1.0,0.8326620991522234,0.9033862987731264,0.42950239165497234,0.8889181483182154,0.994049301092314,0.8728908341749755,0.06447330610819853,0.9956726827060636,0.18734244980198528,0.8453199646822573,0.40772945438927727,0.5731797341456556,0.4939762328410282,-0.07253337679144001,0.708756669245274,0.994725368379323,0.9945830976613601,0.06251803256657874,0.518298705804897,0.9028685843304475,0.8936745369749803,0.5146334914516268,0.9133392580256879,0.9006463651236314,0.900217219186971,-0.20676411842911702,0.13085997218138806,0.03559993540087249,0.8508609559447963,0.36833198920106164,0.8712028416227601,0.7837770511244216,-0.15929701649443018,0.11494735019190448,0.7462502818726878,0.583328623582356,0.3854352846318995,0.774602562771622,0.47488630206987775,0.9204013346180364,0.21747689690835748,0.535050661938556,0.7053025382257289,0.7003228751040768,0.7157337212235345,,0.810807443775106,0.17909175235285352,0.9283496435531802,0.6304121688717986,0.8445771802546007,-0.31196125227805116,0.8571103624023141,0.908899086072307,0.9072276028175175,0.6075118828721087,0.4840339192261669,0.7412033063203761,0.8894639437633627,0.8672457966245728,0.8018998713682374,0.6445546914792373,0.7790144215917597,0.6190345220358953,0.6991907910972761,0.24039221332392358,-0.10719225860915052,0.122577188262312,0.23107809252619546,0.5131850768543341,0.6518717171232031,0.9974202776282253,0.7144175006971875,0.12892894028510887,0.9337366800564798,0.07936195621888321,0.6200844878260398,0.8465634051063228,0.8725395005276679,-0.5826746817245071,0.2424925025510699,0.8679661974652971,0.9818911038788789,0.7180390224050147,0.8493257875571447,0.9969634740510755,0.593160065425932,0.47758555694197863
DOGEUSDT,0.7613244425083092,0.8290336952414394,-0.04546698267506864,0.8684600383208884,0.9482377137394278,0.9306685594722687,0.2550744350363247,0.7102406704796783,0.8326620991522234,1.0,0.8584842704761702,-0.07043197502649437,0.5941801445089829,0.8447911361378064,0.7393044937018023,-0.21246794386224271,0.8309232758479906,-0.02655626689328924,0.9515826062004492,-0.009583794842612363,0.5575100447301683,0.6442310083649595,0.2658415406320766,0.8066200022866001,0.8189002981670093,0.8255289920190219,-0.3325126473180322,0.5234945957711309,0.8978561151212958,0.785751790929155,0.6637187209599582,0.9152288301445614,0.8619517795858269,0.9379739785069126,0.0610065456533785,-0.2776525437581475,-0.208279384496363,0.8677978164748721,-0.07648217457972398,0.5820810231493937,0.5677525289999612,-0.12984165197912892,0.12387163739530456,0.7465025871640937,0.6872281759407971,0.03139685070424183,0.8400075992188915,0.6894193284415403,0.888713821947569,0.03140882787537282,0.6866779407738047,0.5834626102179018,0.27309036942290565,0.70202593400063,,0.8703595062176256,-0.12111786139282599,0.641323461583027,0.5685050500359442,0.8234023466930117,-0.07244117317246017,0.9354794251186715,0.88132822291107,0.9325127117120521,0.45372963296756225,0.7013889089643142,0.5573043472426644,0.8149110298395514,0.961053421079969,0.5803245376939129,0.8761744413597727,0.900736032090945,0.43299700190185725,0.6445605572524551,0.10176908999233245,-0.4487292614319917,-0.0738360811050216,0.019652824089705916,0.6124988238571906,0.8070551999253484,0.8322243582112311,0.841885828598725,0.0731201104185257,0.8902456046089006,-0.1647639414064831,0.7948402440867117,0.9400745533478894,0.9544040117649627,-0.3083182353021157,0.6179261640432953,0.9460319271450335,0.8743804560907491,0.8223086075529624,0.6034541073738395,0.8279902539462421,0.5215800523987442,0.6522522246127902
ADAUSDT,0.8457033974795946,0.9020167023260445,-0.06227601161644423,0.8051063134998746,0.8708304580596996,0.8387853720706832,0.03403990216901161,0.7984023031699109,0.9033862987731264,0.8584842704761702,1.0,0.24555536745049597,0.7642999281002919,0.9036868479026234,0.8292166545246242,-0.23447232142879426,0.9094397050780568,0.10582077835588276,0.9146259980684153,0.12659284615948033,0.39138781455758287,0.6444204796499444,0.2197319736968751,0.6582604503965246,0.898909762091464,0.8977920490685418,-0.13678699767763017,0.37370969063430115,0.950086344670729,0.8614227573536911,0.5175748322930256,0.9251580414240076,0.8947087670728443,0.9027116202442766,-0.2532995028624474,-0.18375118368741514,-0.2567365444294584,0.7933828655441488,0.10527373218883725,0.7882034663586097,0.756559030884425,-0.21522533868289012,0.07796155482110897,0.8505731040724285,0.7047616203553079,0.4275352482334409,0.7842928271962432,0.6235501357243858,0.8595843954939403,0.041547292610737536,0.5263525790777055,0.8165770865445928,0.601963016844769,0.8341675349633136,,0.8234290351371255,-0.11427023850305,0.7457571424853918,0.5952308150049542,0.8356675334249506,-0.0960589093310465,0.8370045117090046,0.9164434935572101,0.8707864463453193,0.4615247647114418,0.7198392175847798,0.7686501601188871,0.8946375962347086,0.9318170794810035,0.6982325472676217,0.7606029619865297,0.8572126204790685,0.5628593454344198,0.6375972020777305,-0.0067163304104303125,-0.2511131956510074,-0.12531619607521724,0.3448949548114816,0.4855064205074481,0.725070574622245,0.9007455052659772,0.7955542460663564,0.10990149461914939,0.9330354414507502,0.001821106981629184,0.7538911562476568,0.9045234990897117,0.8831090952304972,-0.47660169941836583,0.4942166155837367,0.8524750068014528,0.932655655472507,0.715483409027375,0.774686552735254,0.9010351071349116,0.3406665787006165,0.6449458875574338
FIGR_HELOCUSDT,0.47101701609936386,0.43301296807590667,0.5512698646984274,0.2835284414224253,0.00598433808559753,0.06159281978904359,-0.6319110673380404,0.24863363097671545,0.42950239165497234,-0.07043197502649437,0.24555536745049597,1.0,0.712166254494986,0.405428430093931,0.5069339837961299,0.3464096204010981,0.43123065703670954,0.4983486020790603,0.02470969379537288,0.7091518939176971,-0.02657817783714354,-0.017516629830511256,-0.3611441085218899,0.1514099600778303,0.4470057481773009,0.44001491758425176,0.7946331364489144,0.10246727263279577,0.17764811634667926,0.45172789104232514,0.0976215570961562,0.11547712119983365,0.205298404341768,0.051450208019883266,-0.3308408799136146,0.661054030014384,0.49079862402342644,0.2543065446784062,0.7103258943002614,0.5015527695143494,0.5301073891957129,0.055443537784667464,0.24731309544760519,0.060656157959524865,-0.02975519778115487,0.6951396097895348,0.025385758716420802,-0.028885728737250285,0.2273477878508857,0.46782505908691163,-0.22016618374457744,0.31737318343018583,0.8146523559311808,0.20530731779788938,,0.020831244472055234,0.5272960785370553,0.611119461492984,0.24301955252495847,0.1515833846242725,-0.4898221829951157,0.04341270527896892,0.14999861601296352,0.16518592462613121,0.25044014311597534,-0.24053800129030414,0.30493072419953304,0.27246320071301217,0.038245586236845174,0.6429651647826442,-0.3351794733315382,-0.1051706365407492,0.3773583141444276,0.2254468340454231,0.04068283756678859,0.6539323946899118,0.44170151694811005,0.3847317257642708,-0.03422047322208789,0.06444738256902315,0.4297743165954995,-0.16135612205249494,0.36614873365851697,0.18074353104948632,0.29400909895737276,-0.1869768735324822,0.016860610470247603,0.013960345463445968,-0.5162839379795214,-0.6171312746236388,0.03821390699795008,0.3441734835820763,0.15599707963972673,0.6741852410107725,0.4420929962829648,0.10087919341942772,-0.04004901164119645
WBTUSDT,0.900530939260345,0.8899041819230388,0.4575497586151328,0.7683477438131713,0.6675321617937137,0.6302732147843519,-0.31470423008607723,0.7628254145851471,0.8889181483182154,0.5941801445089829,0.7642999281002919,0.712166254494986,1.0,0.8767322287385616,0.915506658560027,0.17976371539649402,0.8871952919397043,0.3779215472111569,0.6323270693727667,0.5961832558026227,0.31580479040444664,0.3892944791503875,-0.11745171902908028,0.6533077365099462,0.894329247062126,0.8929590229158875,0.47207517723863257,0.48124955590120605,0.7598722823849455,0.9008120976479514,0.5258726292727297,0.6757226152060241,0.7009517228483183,0.6491154654853931,-0.1738717867032302,0.3582744202370339,0.2545723130119009,0.784979938815778,0.5102667423196283,0.8173176837857925,0.8653958256416295,-0.0035028361551153247,0.3099609794476738,0.5617566806466274,0.411060938206321,0.6013447128514865,0.5354763453294068,0.4652533924103998,0.7147975880980524,0.43588668477108,0.3084161451485811,0.6119510902727997,0.873552344724993,0.6637796792631636,,0.597781986947187,0.41066994222996145,0.9249198789334844,0.43985820476285215,0.6254314912573655,-0.5429270081471741,0.6161541762964926,0.6558916392116708,0.7216995748827307,0.3826288212363936,0.2957314165620277,0.5570577950995889,0.8137044868454758,0.6565250629939797,0.9523820478176284,0.2839871373504351,0.5271041033743833,0.45130753433460463,0.552958710930033,0.024984661256451324,0.2882774544467981,0.38310415441907847,0.3516529035297894,0.3912651218495488,0.6276137329056746,0.8881822558316442,0.4684246861414062,0.3510559738777139,0.7104794474030753,0.03452201710342464,0.4357771035953109,0.6671535882857582,0.6772258277852569,-0.6293036074845538,-0.07736698890224272,0.618881142457714,0.8553178114390556,0.6476884802425966,0.9552897693060761,0.898537742723051,0.40358314639076,0.3835266077042473
WSTETHUSDT,0.8704657156732105,0.9937792897806789,0.22093604701455294,0.9244757669146695,0.8693176370937585,0.8723894448252832,0.03695288890264365,0.7214922118549758,0.994049301092314,0.8447911361378064,0.9036868479026234,0.405428430093931,0.8767322287385616,1.0,0.8649995641595027,0.060726413554410795,0.9938315755899714,0.1777713039391355,0.8516459382603988,0.39523081773346175,0.5900181264832639,0.5012576248682856,-0.06974779429991346,0.7151016459445887,0.9924153776634459,0.9929838615968555,0.042179727639464766,0.5195316119325308,0.9037348967663612,0.887381572641798,0.5170803844617643,0.920567497367756,0.9065445280907202,0.9100093225239025,-0.18951630906767272,0.11579352753556925,0.027730717425433832,0.8527372771961559,0.3576474749737988,0.8624938680986032,0.7741347705656147,-0.1611481947124058,0.11649051478416292,0.7479782082720842,0.582393519739245,0.36185678743212873,0.78685703799237,0.4766670242929991,0.9246495635609362,0.2138001125079888,0.5433345992897979,0.6958300030653052,0.6815288739813048,0.7138601713489545,,0.8148960756026121,0.17194792615402368,0.9231440910640633,0.6356000335894262,0.8514627564310391,-0.3072883638567327,0.86922297798175,0.9141808800900846,0.9152395011150066,0.6152383066409199,0.48936576291764544,0.7389225621331944,0.8874276402619439,0.8743429889226527,0.7928078317230065,0.6594408882152055,0.7870193288059729,0.6184438926814444,0.7040985092501126,0.251404620858411,-0.12675128433908414,0.1157776968726374,0.21045406115954346,0.5193638059516406,0.6540436611552359,0.996212889839929,0.7232440627230426,0.12160859916266804,0.938523311433319,0.07871206476288115,0.6296772075486614,0.8520915347332592,0.8804818977204882,-0.5663682804545938,0.25899881840106204,0.8800554526701411,0.9820352253506411,0.725057403128344,0.8355185791674217,0.9952172607296578,0.6046507645414846,0.4847503726752067
WBTCUSDT,0.9719075947444147,0.8722264517324898,0.2557931636734016,0.7949406568464655,0.7625118462311447,0.7094945137414377,-0.3506473899666029,0.829373070467301,0.8728908341749755,0.7393044937018023,0.8292166545246242,0.5069339837961299,0.915506658560027,0.8649995641595027,1.0,-0.08178158914485303,0.8755555773382413,0.2588018705259867,0.807440999728807,0.3225046783101847,0.2030383093120849,0.5111692449835392,0.20460194651121477,0.7941069847212171,0.8755272580227405,0.8712179615311473,0.23760815101134966,0.5576119238222359,0.850690382939877,0.9732756161365126,0.7449677100763198,0.7257996973513388,0.7208570810939318,0.7010005968836586,-0.16693278708203466,0.13128877030656266,0.118263754571885,0.9123482006060472,0.19598670257489376,0.7015374880089129,0.7816523756279933,0.00557152897883616,0.25420503413485845,0.6140672336071596,0.6575180345358252,0.5014912176896008,0.5764724519584211,0.7219347980126165,0.8142484027649776,0.25123576177548557,0.47319552700297285,0.7030924723828925,0.6735535020149565,0.7157230172262158,,0.7501812255527788,0.1473154441322051,0.7919315248661422,0.4813324905296308,0.6582347739851055,-0.2857510220412333,0.6985498058007463,0.7213649543201065,0.7973929984820858,0.2839822492706427,0.5049919281684881,0.5024052488479641,0.8346747827551309,0.7991327508505284,0.8752075833266442,0.476860314300007,0.6679257981505312,0.429550047760531,0.569526310436852,-0.15157030498005217,0.07527295480376164,0.22210484217153686,0.3752831767565245,0.5160797386380903,0.8395746997860875,0.8677916440654156,0.5744182911368912,0.3756518481000639,0.7456242100611294,-0.18797509384951558,0.5391881934057383,0.8032977301991809,0.7740219185025896,-0.6362530535718381,0.15459869105841484,0.7034405191205665,0.870247845809542,0.7860069825166255,0.9612556838989068,0.8775979298078305,0.3175989095437873,0.5270187224124874
BCHUSDT,-0.10912618239067298,0.06959785788362871,0.7445879044545562,0.06981272944775722,-0.09946555228927326,-0.14131925660755418,0.13945142626687207,-0.20570986964375088,0.06447330610819853,-0.21246794386224271,-0.23447232142879426,0.3464096204010981,0.17976371539649402,0.060726413554410795,-0.08178158914485303,1.0,0.046115748213323246,0.10040972029372053,-0.3674672705910864,0.7195798816652328,0.42470769040956396,-0.5670194069061293,-0.8529961328555634,-0.08067630196718557,0.0753157309907723,0.07687581068956405,0.5025216030176151,0.35744478100286425,-0.23845024294994177,-0.106117678575428,-0.20973777424644688,-0.1874450662615086,-0.17314637972177288,-0.13995274235666524,0.19388330102268456,0.803298816241221,0.6919149748988499,-0.050838682110183976,0.637807044014287,0.17015431365008934,0.01587284774361887,0.15787661648942963,0.012668158210264416,-0.3244988778553416,-0.4723189766392001,-0.18973403847738474,-0.20093124983390726,-0.5289543250246136,-0.09415860487673026,0.41970508791020883,0.020340505611240407,-0.46460459867683057,0.18596597831934375,-0.3925841041740982,,-0.14740656867870575,0.8298751788392804,0.3391746046822386,-0.23862420311445265,-0.15616787212690608,-0.6541340608168882,-0.14757254257462066,-0.21585831655379523,-0.11702616092162064,0.14665885190041408,-0.6583176493852176,-0.22425447006076338,-0.06932628692648342,-0.33860110261531945,0.14300953246447926,-0.3996568261611934,-0.277043399123606,-0.16792560846022536,-0.04240131099237418,0.6052050330648445,0.41337357336637004,0.6875915794283685,-0.30927645707380413,-0.0021138613251454625,-0.3304733479298772,0.07759476529153853,-0.21184671541538114,-0.08806293783575583,-0.15829541394018184,0.10223978486840005,-0.32618305039905454,-0.24271967221973534,-0.10329486074472792,-0.18158354040115002,-0.6318262528893244,-0.15713925294330003,-0.03369773560501088,-0.2407415213758542,-0.006266427049570657,0.07723217912919288,0.5909855639275768,-0.6065971345879633
WBETHUSDT,0.8813689002607666,0.9957058411998677,0.2078377707828315,0.9113792293191666,0.8595316659648334,0.856842888022442,0.002840511056030235,0.7304122390192361,0.9956726827060636,0.8309232758479906,0.9094397050780568,0.43123065703670954,0.8871952919397043,0.9938315755899714,0.8755555773382413,0.046115748213323246,1.0,0.22402863856361466,0.8522085728033325,0.3950470252311644,0.5558928602250524,0.495726926797886,-0.05682992196662133,0.7008525784674604,0.9955191636341018,0.9943872614303375,0.05110332968336532,0.512447338144002,0.909305368021404,0.8970630889606054,0.5119969916724865,0.9156633111675716,0.90125676630753,0.8996183418124614,-0.23347963929518886,0.12068140094877959,0.019226687260496603,0.848449706705062,0.3565916384373358,0.8766093449896212,0.7840859500708525,-0.16821728280931283,0.09650268346409813,0.7563311110740395,0.6019736598808012,0.40059967781635664,0.7707779889973339,0.4801324773486088,0.9235431990881826,0.19686556010460435,0.5384995650408806,0.7264052196892319,0.7031457038983169,0.7223791075937454,,0.8182539177344429,0.15691178118172558,0.9217365652182273,0.633208905722331,0.8456375709925888,-0.28802679915430823,0.8529514608354785,0.9153588703015718,0.9039860393691469,0.6026647080849487,0.49830371437710086,0.752787698783599,0.8924319838942067,0.8716981566387464,0.7944148188949773,0.6523961481561426,0.7856821230621984,0.6264589957408933,0.696962345242177,0.22717365606751685,-0.11559137697081809,0.10177537155789458,0.2541694782415866,0.5113310619557332,0.6530890595884866,0.9972128675684334,0.7191045301253401,0.12318617473464855,0.9376614259074827,0.07658291599931319,0.6216043992081716,0.8505014883861146,0.8716855338602482,-0.5953532742899437,0.2526059911955003,0.8645149217644902,0.9832747901158652,0.7118403284916747,0.8540299186824784,0.9967658030585204,0.5767358658387098,0.47980643468327755
USDSUSDT,0.2250809409641939,0.18496589266877206,0.3393896592413018,0.20463691970743922,-0.04770924441037775,0.11090584374160761,-0.3603198178906831,0.10487849778006955,0.18734244980198528,-0.02655626689328924,0.10582077835588276,0.4983486020790603,0.3779215472111569,0.1777713039391355,0.2588018705259867,0.10040972029372053,0.22402863856361466,1.0,-0.012095488800303382,0.3501043639967009,0.032749150828216445,0.23356273941636127,-0.13663379377453713,0.17640685719181531,0.18297289360479935,0.19635716297592912,0.5441695114718356,-0.16341338409575434,0.03151207302786919,0.21281461581653752,0.10227445644811421,0.06799745429665066,0.17533060567871014,0.03886469830641367,0.10842970344134366,0.23607546482630795,0.27310699969175445,0.12246829715973627,0.4408346988689417,0.11407567416028913,0.30447039406361337,0.08161768238407409,0.5137357505518143,-0.03553048495869362,-0.2148121312548049,0.3550440739569092,0.14627619625387736,0.05444046666526081,0.06526211323031372,0.48893959861269415,-0.3829077642236777,0.05642705250868711,0.4355305251452732,0.18452319798154793,,-0.17523589314557186,0.320517852467927,0.3177245621253134,0.2732260010621786,0.1258159185166559,-0.4115550069414541,0.10350651382562986,0.040373785534204364,0.14980756130627734,0.22377844533405863,-0.16431187240726192,0.1415117332417589,0.06854921624194367,0.026843821273076246,0.4554702996493568,-0.2675588670378273,-0.16759575463448892,0.27386461295170234,0.19772973405105712,-0.028186277402497933,0.45219242333681164,0.27694210141506126,0.020940786619425965,-0.0926749020075544,0.06458821215509222,0.18894929779998998,-0.2065681027624109,0.41713957358441933,0.07189228683392841,0.3430904695898966,-0.08222111901920226,-0.057961963571356974,-0.05115284902818206,0.03778824072893434,-0.3633792367020586,0.09210270257758044,0.1494943144623214,0.2662951028136737,0.32542961413521615,0.1966139137910525,-0.016738848742626145,0.22345490881755256
LINKUSDT,0.8336188679164085,0.8425424308241318,-0.17405215634308555,0.8175877508115911,0.9151600408693943,0.8845520458767034,0.06910275820269009,0.764730723242856,0.8453199646822573,0.9515826062004492,0.9146259980684153,0.02470969379537288,0.6323270693727667,0.8516459382603988,0.807440999728807,-0.3674672705910864,0.8522085728033325,-0.012095488800303382,1.0,-0.07766576087261122,0.36484724078188363,0.6758640044259434,0.40928299603006674,0.7633726490090815,0.8375694406456017,0.8359252085327945,-0.34096791860264847,0.4651557903850235,0.9508053432942823,0.8520219914316174,0.6757112014924986,0.9185091565175547,0.8633407430423519,0.9098940181994992,-0.16940174566051144,-0.32311525371350686,-0.3009144965895849,0.8679898975640515,-0.13904247106843484,0.6317021387554088,0.6078230875090627,-0.1787760437490492,0.02748935864925093,0.8134874258743519,0.8363628499189425,0.22651554277260885,0.7928501915578209,0.7620866212016582,0.9133328396821954,-0.08950011620124416,0.6683795715669851,0.7783398363030933,0.35364734627992883,0.7757853059924936,,0.9105203351184011,-0.27389296107513433,0.6106600003228161,0.6045796942996505,0.8221501076441685,0.09123749449682023,0.8868253881450483,0.9202375453577749,0.9050527062531841,0.40055790665380636,0.8019417352919201,0.6493540795741948,0.843664616287308,0.9902346590806947,0.5772116326133991,0.8884592470746484,0.9241692821472217,0.5098997727009402,0.6305877384630986,-0.057358770575087516,-0.44221367792667954,-0.20607859408337462,0.24943931612697318,0.5845856430464359,0.841435244687286,0.840801658967919,0.839686365926415,0.09559832733474842,0.910085137001666,-0.18063914195146155,0.7799133385713862,0.9596567249719485,0.9266392715986397,-0.4375903373695136,0.6423850508173123,0.9016037565779923,0.8924532228560748,0.7988977270138151,0.7020981039537383,0.8388200472062844,0.34808208948113706,0.6898612618028767
BSC-USDUSDT,0.2874382679647417,0.4117786495655438,0.7649408387833895,0.3408749562062348,0.09961789058803397,0.10992302504551037,-0.157020016483992,0.1273903229695743,0.40772945438927727,-0.009583794842612363,0.12659284615948033,0.7091518939176971,0.5961832558026227,0.39523081773346175,0.3225046783101847,0.7195798816652328,0.3950470252311644,0.3501043639967009,-0.07766576087261122,1.0,0.3847234927198313,-0.2240009334741367,-0.7187197736708943,0.14754179894454883,0.41895880760848436,0.42091398943440267,0.7071206852979536,0.31299239131145074,0.09013386798037466,0.28423854238790924,-0.01271013196186663,0.10990821526349404,0.1661521618436537,0.11260554688458733,0.004597810512836125,0.7907522949421293,0.6411476998281851,0.21928501232725306,0.8091738001328849,0.47967030212740264,0.4154745259142824,0.09733695941431411,0.21947582170312624,-0.033812960629217376,-0.26323689798783073,0.2642296526615742,0.05942041941091368,-0.258269583178967,0.1817508891823253,0.5696497980459327,-0.042404214303641705,-0.049871466990834674,0.6264298360874082,0.008288953509231957,,0.02297679146795546,0.8119959335985587,0.6620655844826695,0.07688713843470518,0.1359626205400358,-0.7480090733973105,0.0975182679071471,0.08851321340552906,0.17397167987240564,0.3239559122819725,-0.4294003981176996,0.13633454967178008,0.2431873471436245,-0.03589368019261355,0.553268625004599,-0.2979549379112016,-0.09158094962738558,0.16742303363132707,0.20954139135046532,0.4349249178070901,0.5577914229752428,0.6636322702273602,-0.016276734232498105,0.055429369460365245,-0.06383673713344035,0.41710032032923877,-0.07794752782595243,0.15959102951744256,0.15400354140629385,0.25493106277088434,-0.14355269080331734,0.004184441452878798,0.10100029495114789,-0.3730692528294189,-0.6202020741535665,0.0900479307361242,0.3096531336073689,0.06984508551544609,0.4340244118315642,0.4226528461596383,0.5118115479150022,-0.2622091764137243
LEOUSDT,0.20145551947278106,0.571184290512828,0.3231310288303995,0.6961744333284189,0.5310602022099963,0.676769228479015,0.6308334036807745,0.07312861534271733,0.5731797341456556,0.5575100447301683,0.39138781455758287,-0.02657817783714354,0.31580479040444664,0.5900181264832639,0.2030383093120849,0.42470769040956396,0.5558928602250524,0.032749150828216445,0.36484724078188363,0.3847234927198313,1.0,0.1945836237306724,-0.5444724377407089,0.3842557483015659,0.557293445781113,0.577930172279119,-0.1253083205147313,0.290887693719225,0.3531656478713805,0.23294219014200337,0.05127824501277695,0.6127982766300878,0.6199327583276217,0.668945990009836,0.29223697117159153,0.15669539223682993,0.15913220805450548,0.37245272729717277,0.46530843988966636,0.4300115452095237,0.24733548357553142,-0.1381642371307205,0.13260546920469238,0.30892858575553,-0.05998776161632098,-0.31518871236574225,0.6776374512094315,-0.13591505789104538,0.5477084568384477,0.30482275231801237,0.30852993501805176,-0.020484756122266367,0.17133702849461144,0.1679396920208765,,0.3553847567482359,0.3687816346486502,0.6262882429130169,0.496930968346475,0.6079876476384511,-0.41710110225961683,0.6880678591879238,0.5633161572598437,0.6235095491715736,0.7883349332914948,-0.01683143390958042,0.42023374369698724,0.365584594766892,0.43159067563653897,0.3055342677237008,0.4411391666530677,0.4003952536741103,0.4448684295365156,0.5359080237134941,0.8256219484098862,-0.25606132188651604,0.18762904434144462,-0.5020462527054567,0.2930966215412571,0.06698868821743009,0.588590804289099,0.4151287501320696,-0.16841377306985555,0.5907392512168185,0.3805376702370577,0.3309502898289758,0.3762287173102328,0.5264408122261708,0.028553828337988512,0.11400256858967403,0.6888344975892922,0.5377665701220778,0.382930481376743,0.12656210533401438,0.5727029190951478,0.887410326405287,0.14179601665222594
