,BTCUSDT,ETHUSDT,USDTUSDT,XRPUSDT,BNBUSDT,SOLUSDT,USDCUSDT,STETHUSDT,TRXUSDT,DOGEUSDT,ADAUSDT,FIGR_HELOCUSDT,WBTUSDT,WSTETHUSDT,WBTCUSDT,BCHUSDT,WBETHUSDT,HYPEUSDT,USDSUSDT,LINKUSDT,BSC-USDUSDT,LEOUSDT,ZECUSDT,XLMUSDT,WETHUSDT,WEETHUSDT,XMRUSDT,USDEUSDT,CBBTCUSDT,LTCUSDT,HBARUSDT,AVAXUSDT,SUIUSDT,SHIBUSDT,DAIUSDT,WLFIUSDT,SUSDEUSDT,CROUSDT,UNIUSDT,TONUSDT,USDT0USDT,SUSDSUSDT,DOTUSDT,PYUSDUSDT,MNTUSDT,MUSDT,TAOUSDT,CCUSDT,AAVEUSDT,USD1USDT,BGBUSDT,NEARUSDT,BUIDLUSDT,ICPUSDT,OKBUSDT,ASTERUSDT,USDFUSDT,ETCUSDT,XAUTUSDT,PIUSDT,ENAUSDT,JITOSOLUSDT,PEPEUSDT,JLPUSDT,RAINUSDT,PUMPUSDT,APTUSDT,ONDOUSDT,HTXUSDT,KCSUSDT,WLDUSDT,KASUSDT,POLUSDT,PAXGUSDT,SYRUPUSDCUSDT,USDTBUSDT,BFUSDUSDT,RETHUSDT,ALGOUSDT,TRUMPUSDT,QNTUSDT,ARBUSDT,RLUSDUSDT,HASHUSDT,WBNBUSDT,GTUSDT,FILUSDT,USDGUSDT,BNSOLUSDT,ATOMUSDT,VETUSDT,USYCUSDT,RSETHUSDT,KHYPEUSDT,FLRUSDT,FBTCUSDT,LBTCUSDT
BTCUSDT,1.0,0.8771628271561158,0.1426772828044125,0.6922923113844613,0.6289957091741393,0.5623128956001303,-0.4802711461905986,0.7338002323221571,0.7415022221436985,0.6366382042586434,0.7437818208904488,0.421966916882577,0.780280768569272,0.7294032632779865,0.7791693247315815,-0.18354005295086998,0.733415120950605,0.4726421898324078,0.33438114102173766,0.6703627174850948,0.23256407412472896,0.057374000191917275,0.31169067788270394,0.675584877538459,0.7357944663277044,0.7332174026783292,0.4609316364558765,0.1424707021803917,0.7738079729991432,0.7547128392557838,0.6559680680281098,0.5379873674215289,0.5972863918801802,0.43009298619433023,-0.2115025638964055,-0.0385099029200504,-0.00880034992973298,0.7988563281044168,0.7150597241593379,0.585482918428961,0.14576120111669796,0.08597238786908969,0.5776996638602396,0.16753190219894604,0.6333118292772776,0.5807736390229526,0.5355091648632592,0.5230665088845448,0.6677531015476682,0.1774285104003225,0.40661534484190137,0.7267511053264383,,0.583199293949891,0.6260677223850997,0.5399937210174828,0.022820629008941253,0.6799205798856306,0.46011505633989497,-0.10052494072579767,0.4615889215972623,0.5648848716992745,0.6330250591932616,0.6487586294869432,0.24401674006464777,0.4815179420099523,0.5096363992212478,0.6792995546860192,0.7666223593637553,0.5972087905595995,0.41883138821542654,0.35324240958581493,0.6175134578411624,0.4682350383514056,-0.16380603809253555,-0.006059876440451919,0.07978252952133438,0.739322936620744,0.704506704232131,0.5561733758448014,0.24033206987831804,0.6562931316240324,0.429631994972051,0.17046069449961962,0.6359862797016113,0.6412078525426541,0.48189136036034036,-0.04765271729811421,0.5424303902521321,0.17136815212029405,0.7415159072379748,-0.5314435163155601,0.7367214565210971,0.47689887600014325,0.6673209926832662,0.8048433760477679,0.7929675903279128
ETHUSDT,0.8771628271561158,1.0,0.08240842233191434,0.8494306925381087,0.7133407187638151,0.7393551895280079,-0.20319599695429527,0.907374944624832,0.6454390141449307,0.7516219052358815,0.842788427999262,0.3358530826257616,0.8200347018753235,0.9058723028067543,0.7338348943061718,-0.11240646985459944,0.9070155901095183,0.4889757963858829,0.25824621480998333,0.7525037858823883,0.34722004160271885,0.45591202705901657,0.03878373133245047,0.6028319940147716,0.9090431390220333,0.9072077040377386,0.38258141065242546,0.03821893507457438,0.7409329179361784,0.8371629753731523,0.4398165946695555,0.777686472947506,0.8450542115255069,0.698188820486989,-0.40747685597103545,0.06913475049836583,-0.03757488490839291,0.7846804666847753,0.7516562519497253,0.8047744658789593,0.3157800262520467,-0.18964760716609366,0.6994663165308944,0.03034142864861035,0.6110877041453061,0.5187920614887432,0.40561666367506205,0.7119822257198108,0.8193094121041283,0.10003132304393642,0.42792340151697467,0.8220318940391607,,0.6756567237921076,0.6961303994569706,0.6485361679345033,-0.006397856900538645,0.8809919848059655,0.6664572678564563,-0.08597548606991444,0.7479485869084906,0.750237772469864,0.8663569880257679,0.7909536130774311,0.6056755261755039,0.7590858493344785,0.4742947749085321,0.7939949630144718,0.8360882628573022,0.5936013835295691,0.578275664479803,0.5920917833548117,0.7179468996007452,0.7265670721568752,0.12104084745271597,-0.08789594456157639,-0.06313369712637669,0.9213243369955981,0.5711299122454051,0.6304991937461626,0.35535825207406446,0.8789338108937595,0.17673887780752778,0.22823785552494522,0.7229471213204183,0.6978358525773792,0.5617306521395701,0.14660845760116792,0.7248939518700818,0.18467391624627758,0.8873846444344514,-0.570518582111158,0.9089715777978326,0.46642970800529965,0.6408216994514553,0.7736116750420606,0.7469083952625271
USDTUSDT,0.1426772828044125,0.08240842233191434,1.0,0.16183430503073398,-0.28044284309124884,-0.1618113835692275,-0.6362154539247471,0.08298824259301774,-0.1748335155656723,-0.33972107131834345,-0.16270595036524554,0.6798516173604322,0.3930921391003877,0.06979003983596038,0.18931307820245907,0.7547000151601713,0.06810313104703263,-0.30068777861734125,0.6164009738503892,-0.32929903882727724,0.8355442904206904,0.06148843929777565,-0.5558575818446436,0.14681211895349094,0.09242432377262266,0.09947722180922212,0.21078258149551765,0.7982132451911829,0.12887315038322536,-0.26567113974125833,0.1334267018021739,-0.3100689886090323,-0.19541010578086065,-0.37166104424254126,0.2370205442955881,0.5946875269259327,0.7748903698014364,0.08811076507795315,0.11808603870720835,0.011003615757156904,0.7435818923217982,0.42295488822766053,-0.41668086244135694,0.38891262362155066,-0.39009055453310437,0.24658054978380844,-0.3259082789041194,-0.17099989499181256,-0.022869272893228283,0.7355454285605303,-0.3403740534568633,-0.2810219448363646,,-0.36278138744160754,-0.26930956423854513,0.33076569931415173,0.9379943439695392,0.38973885873219527,0.08171049424110435,-0.6126078481787661,-0.2718335162140624,-0.17471305754308392,-0.24730468833968838,-0.07146793740006598,0.17362906281636473,-0.1931186142928503,-0.6540000410817921,-0.34806332256137723,-0.1577072816146051,0.3130896548734312,-0.6361004374182047,-0.07911117668818704,-0.48046407189636803,0.14996603381105034,0.23498206904000457,0.5294102107420634,0.8285961994413938,0.0931031453051648,-0.18735123501027887,-0.4899169852313057,-0.252794566887254,-0.220795184207137,0.5504940434537554,-0.2197582115855208,-0.2812113850142648,-0.3425481903249346,-0.6589459090604785,0.2631727276428177,-0.18670856388288942,-0.7834402545759992,-0.01886387278414915,-0.20089108499411518,0.0967615298802378,-0.3267663892700009,0.057787339558680276,0.31526525859534843,0.24856018500419463
XRPUSDT,0.6922923113844613,0.8494306925381087,0.16183430503073398,1.0,0.6776216400484723,0.8332600366070063,-0.1766554177987348,0.8552221945805865,0.47878666034407236,0.8038138959295059,0.7846552179444792,0.33145920160532255,0.7221292285401838,0.8619902229853055,0.7011484697908146,-0.11477780931789212,0.8481718226777704,0.592468508052449,0.3388542489528024,0.7468787980705285,0.2659169111332471,0.6061243274908954,0.08271535364331783,0.7707819132603041,0.845378258325597,0.8568529365759963,0.348339470793356,-0.00644017427897758,0.7056052196515766,0.735440602282186,0.589062037656435,0.7362107681547521,0.8473191408308038,0.6450159572818089,-0.08986465595045397,-0.028355499700512935,0.050065923149349094,0.8345951055157557,0.5858267275452206,0.5675813028703715,0.3162376944893836,-0.047342666741876434,0.561044178959938,0.23933684967825947,0.5161743733767212,0.30815273559367845,0.3988953966154921,0.840247068219909,0.8613447738139447,0.24959114350775363,0.35102280526424845,0.641930987553398,,0.5408961388852541,0.6214157967203944,0.4511786864121568,0.02696595181820984,0.8222992069690013,0.8406367518570367,-0.09290422923838657,0.7247650898909246,0.8536939572345057,0.8441224154752014,0.8689965781589946,0.7516742315184012,0.6570569533477892,0.3877362602265058,0.7866364080422484,0.6787613258591612,0.5539260661332328,0.5724183430929719,0.6155264104933775,0.6422257589794208,0.8324549440301129,0.22175583190162604,-0.16737239240051513,-0.009797149813789102,0.8722262660712568,0.5810497569948673,0.539913580710678,0.3010705397490655,0.8402159720826353,0.3493785214249627,-0.01719420451641668,0.6812334294934649,0.6285019950577491,0.4611896262901662,0.24425603648039648,0.8145577904750231,0.17397364039861302,0.8361420325424401,-0.32315798204591245,0.854517336240738,0.5645987870763738,0.8237638240903413,0.6973290520428822,0.7240634762140569
BNBUSDT,0.6289957091741393,0.7133407187638151,-0.28044284309124884,0.6776216400484723,1.0,0.6841676281728819,-0.022414363936587918,0.7160363634621764,0.6645703458119373,0.7990240248944543,0.7934587669720771,0.09190118810853469,0.540775196681782,0.7215594358368937,0.6132389133693448,-0.42075040994063945,0.7205221793375801,0.5535675950850459,0.004879992181015135,0.7978686834119827,-0.10299780566475533,0.25644543770803857,0.3974732310977124,0.5667388823473367,0.712348205246195,0.7088355335250652,0.3480904251319438,-0.30214247799242916,0.6427999848355438,0.8297576234434576,0.4929640770809845,0.7143286455760366,0.7307075879100379,0.6384258235301633,-0.31626942485619663,-0.27202179125317827,-0.331267124036262,0.7122542820614767,0.5675693110236076,0.5895723904840348,-0.10062404470345754,-0.15726431388587883,0.7427725969310814,-0.08545704073028791,0.7490325429593898,0.34467387208324124,0.5350437012475201,0.6695339779454168,0.7237773498651873,-0.17753953013690774,0.573194995968536,0.796438720371935,,0.6590620012533844,0.7413563456629686,0.3392655175341385,-0.37479649997832637,0.5405900449938944,0.5206804336559009,0.196312016677848,0.6388866805946309,0.6990611018256423,0.8000733114380754,0.7092258704290008,0.35509301748852545,0.6287280464162642,0.7161408329151938,0.8208148424249803,0.776124846175183,0.37713097421338854,0.7494380310582057,0.44129175142987376,0.827024445535787,0.5173721887260501,-0.0664690234294286,-0.32756387706913004,-0.33070518590748327,0.7223092645104057,0.6548748317701447,0.7714137710606421,0.3472902536482077,0.7990730736837391,0.050220497461698925,0.18977450452228847,0.7493498697425114,0.7529173733703219,0.7202541691554363,-0.047315763445562424,0.6798868985379732,0.5073421808237175,0.754326875444384,-0.4131370549822289,0.7106819494587212,0.5528161734007742,0.6017966418669125,0.5782019203366869,0.5978325859744072
SOLUSDT,0.5623128956001303,0.7393551895280079,-0.1618113835692275,0.8332600366070063,0.6841676281728819,1.0,0.04638990285175967,0.7446549162551683,0.47280602481140205,0.8399764763682248,0.7509219203904605,0.041265979948679206,0.5295348000886415,0.7549880175404806,0.558343089271851,-0.3767955134510344,0.7422988827787598,0.6817538529450319,0.13811755897611297,0.7759529873890711,-0.023033124832115434,0.559767204677248,0.2398452620792357,0.6541941224398974,0.7304359642003346,0.7414643889641234,0.17365230956712255,-0.22870589033199756,0.5777018005064826,0.7343416811829391,0.47224635650523394,0.7899678193875281,0.8661016641593424,0.7474171123879076,-0.13732080262982152,-0.195632687681163,-0.19172691383252577,0.7186483813052543,0.4995136610963724,0.49399711767673316,0.06283094180954715,-0.2309816415249075,0.6201617420437856,0.16660063036847242,0.5402624684855415,0.18469676814188896,0.49048559433597094,0.8395132286629322,0.7759399240226557,0.03070626633717841,0.3473755142983978,0.6516232538025092,,0.6473656487829283,0.6014872645139152,0.3227007621135247,-0.27823621286832706,0.6316897211923773,0.7659902580491839,0.076342973771494,0.7931151871684186,0.8516381801614825,0.8437658063875392,0.8243002579386166,0.6624121365119097,0.6648783569633168,0.5372896131330548,0.8299447388943412,0.6431602479147934,0.4264119102963074,0.7018583369810385,0.6362157807963744,0.7007528782473021,0.7243355860252066,0.12074190114105403,-0.28833567210635375,-0.2712994180338971,0.7572089500925664,0.5892281052332632,0.5944029881068467,0.3839019776249539,0.8323148381873312,0.17814296687386502,0.07629957188163862,0.6863854751068464,0.6612437191912702,0.6364874791089005,0.16198990848892797,0.8168491543223677,0.38277680221925464,0.7560352426003923,-0.1580161748836553,0.7406605304116816,0.6647250570115638,0.7583631771262535,0.5158722311337687,0.5672450642609735
USDCUSDT,-0.4802711461905986,-0.20319599695429527,-0.6362154539247471,-0.1766554177987348,-0.022414363936587918,0.04638990285175967,1.0,-0.2027061842758478,-0.4038779437479961,0.02331452437874699,-0.10853705103580502,-0.4716656753258627,-0.5819779935159525,-0.18367502401313654,-0.5150774556459419,-0.1627573113123666,-0.1986117843141945,-0.0034622671432204127,-0.49183822570125213,-0.05385382854715643,-0.46852623670663407,0.4623230485566482,-0.12453744018784454,-0.43669553418945306,-0.21555332225613202,-0.20938029796059035,-0.4272635382990976,-0.7267359893741177,-0.45682602169110564,-0.11946521814762838,-0.5830577268503332,0.12016309248244923,0.07492640977899245,0.14566865069320875,-0.03621627356705423,-0.41810922451781907,-0.54465357392459,-0.46530511796481383,-0.394431104153048,-0.09759373150354411,-0.21132167134377033,-0.3234181071991642,0.1517817083255561,-0.4211368672763952,-0.12306705319652812,-0.4536929797895512,-0.3854809610817063,0.1933032892939587,-0.10898006368301194,-0.4836620972449691,0.045591243304408294,-0.1137001400552666,,-0.1077784962104337,-0.05916421900390674,-0.4005557437320358,-0.5037810502399527,-0.3316205695249415,0.059180182382040376,0.4036785224356398,0.11637602942956757,0.0687153686575804,0.1210598412845552,-0.08180149231676384,0.27688430996951907,0.22550080861507624,0.13297797832839972,-0.017627323901162426,-0.2033450114655286,-0.5285231235569605,0.3736705754652699,-0.013180454408129006,0.134490571209709,0.0892923588670448,0.3656787618334714,-0.5284288396915322,-0.6702765738993454,-0.19775307915472287,-0.46899871511825153,0.2184081628159933,-0.10907018946542686,0.09315997252561324,-0.764569194826226,-0.16526499301677494,-0.02510086135567486,-0.0677061268090018,0.19493628910825941,0.275079119980484,0.07982399496054067,0.46357784877762676,-0.15909918777902188,0.37521524915483545,-0.21764055308258615,-0.0371416705444781,-0.3454128567187737,-0.6108457966108861,-0.5585196355684021
STETHUSDT,0.7338002323221571,0.907374944624832,0.08298824259301774,0.8552221945805865,0.7160363634621764,0.7446549162551683,-0.2027061842758478,1.0,0.7192454017094907,0.7558170274527793,0.8466108742266539,0.34122590194218555,0.8207472727385929,0.9075189431769904,0.7369144863090166,-0.11519347462908501,0.9081484191348516,0.49837612196779996,0.2657111690614068,0.7553811078107676,0.34394204389044114,0.4587424174667515,0.044617830942698805,0.6099810663105937,0.9098861300368074,0.9086470728389167,0.37878102599278257,0.03654242394489354,0.7440029015842704,0.8390401024971399,0.4461701985948558,0.7784875086031318,0.8482128117653546,0.6961541733710314,-0.3956569874508871,0.05860071767306151,-0.04107541307116597,0.7875409303532099,0.7531406527672777,0.8006410617702202,0.31715992696546735,-0.18103179399060929,0.7021536564942208,0.040170251585158835,0.6102815671598287,0.5201965145943147,0.40626771004383755,0.7212694876448066,0.8218949165318037,0.10772882050036474,0.4247595277391774,0.8217232737972153,,0.6760844942224342,0.6956318442088166,0.6463980857076865,-0.0062249826490831635,0.8813473641419559,0.6740596142782166,-0.08753533995171954,0.7471168335558748,0.75585773306521,0.868916133201768,0.7961276993426363,0.6102018394762425,0.7610045950183479,0.47851024948350307,0.7973191278725342,0.8369170843037936,0.5954790513915014,0.5806386230105697,0.5907621759895887,0.7200854974411918,0.7325454681301965,0.12120091837703446,-0.0915714288507533,-0.06385153929695178,0.9227706881297573,0.5735364276644652,0.6340335240346467,0.3481643880742795,0.8819453747460282,0.18513688810452228,0.21870084212168556,0.7253956109959208,0.6992926266961107,0.5642161890940514,0.15362179689462477,0.7300461254165828,0.18928498275698014,0.8898619307708249,-0.5626930414192245,0.9102258659527761,0.47551525879914364,0.6495014966815598,0.7749633388568451,0.750402608770461
TRXUSDT,0.7415022221436985,0.6454390141449307,-0.1748335155656723,0.47878666034407236,0.6645703458119373,0.47280602481140205,-0.4038779437479961,0.7192454017094907,1.0,0.6196137884925014,0.7794694781993863,0.2703242930396347,0.7107244445181716,0.6395362916994803,0.737147475471239,-0.45891788470205913,0.6538172987440319,0.5685581752540005,0.2213830606859046,0.6982157218411091,0.00023000632655375137,-0.2202503270839431,0.551004965159679,0.5164412534981084,0.6494629910130076,0.641548907269983,0.29621676993425683,0.033872860767105294,0.7410310117671309,0.8386748208637649,0.5440767271109572,0.5570645371950715,0.5709504657170181,0.45849133477753407,-0.3494597579554527,-0.2415546804740175,-0.32586526226651447,0.6776487672321267,0.8176104260546109,0.6307007658670994,-0.09291139358520195,-0.021752019107601956,0.7491846154809378,0.09389705506312263,0.717786354218134,0.725579424954024,0.6670093960075552,0.4484492548760241,0.5247586421396111,-0.012809378149980845,0.3981186046371749,0.8667391922869349,,0.78772170642007,0.6312335584626756,0.5724729269194999,-0.24629903831033745,0.515888101244521,0.25689493915085576,0.011537032375532302,0.44353794411930925,0.4689281263278683,0.6018218729804525,0.5490704756157847,-0.031230976568103707,0.5247154924772058,0.76994113871933,0.7188893568347489,0.8692913981530458,0.5649759392110437,0.4938053924707767,0.26490283443090246,0.7156325430660055,0.26556571019411973,-0.43652395155339463,-0.024787903503602222,-0.15394574903191188,0.6434215272063349,0.764552073241929,0.6881722157094341,0.23285123923698328,0.6455863477218756,0.31216713887100683,0.3550711558210609,0.6717640596700152,0.7255884434628784,0.7305799506965082,-0.1720230247855237,0.4591251791104347,0.39899451133901087,0.7009149772742588,-0.5012489889623628,0.648712719332344,0.5915095552865597,0.548130010149824,0.7483468161932187,0.737099248015154
DOGEUSDT,0.6366382042586434,0.7516219052358815,-0.33972107131834345,0.8038138959295059,0.7990240248944543,0.8399764763682248,0.02331452437874699,0.7558170274527793,0.6196137884925014,1.0,0.8874407102981706,-0.07044496431788305,0.5093502770761293,0.7662886690038602,0.6204686407551991,-0.5577697011033842,0.7588741841590271,0.691664625247739,-0.03552280304725941,0.9070814242555603,-0.21446536304480007,0.3960485212755749,0.4705880583673085,0.7093830745672195,0.7453279416078744,0.747253238951421,0.3327696843051614,-0.38338593016067546,0.6521622525490668,0.8561258571993812,0.6011517271834638,0.831545710365325,0.8563848136146661,0.7958709280690021,-0.24762454232213102,-0.2857927984537123,-0.30685634881857876,0.8223664737122605,0.5005356827908458,0.5112479700194432,-0.18968064584008937,-0.2591424203121767,0.715342299090376,0.012834845613717885,0.7787800001696654,0.1698882676588965,0.6791908442529068,0.7942831447818375,0.8294882874979981,-0.19003366075938286,0.5807621972140892,0.7763189187763326,,0.7229528001069221,0.7743182873493045,0.24550745509282665,-0.4883072668404485,0.5469365106294444,0.6741423404943795,0.25662956803117887,0.8036031215596744,0.8619054866530229,0.8885006235899052,0.8434228235669136,0.4847083000920321,0.6312315277315251,0.7318765335557617,0.9389637455044876,0.7460187070148163,0.3930741919386228,0.8576006722891681,0.616129396887817,0.8653085412625632,0.6097092270558613,-0.032893281362045515,-0.3917315581348904,-0.38913268266109885,0.7632571301711215,0.771627937015103,0.748542379710103,0.5092483933942703,0.8659192623606805,0.10858296219042693,0.18043660225079244,0.8043818237332183,0.8091648216031585,0.7819724747789395,-0.07049207974033911,0.8321728890916797,0.5549418363958756,0.7913345556124358,-0.2756626977781203,0.7493305261091072,0.6943225263891728,0.7782094480633795,0.5555651601099131,0.60859579340437
ADAUSDT,0.7437818208904488,0.842788427999262,-0.16270595036524554,0.7846552179444792,0.7934587669720771,0.7509219203904605,-0.10853705103580502,0.8466108742266539,0.7794694781993863,0.8874407102981706,1.0,0.2929970723296652,0.7288839063138912,0.8494780267724793,0.7370297678998118,-0.349859559423105,0.8484554072001861,0.6562187165073959,0.2185003376272524,0.8296327302049669,0.07272219449384307,0.3017967647126015,0.33178855350251546,0.6148798471002718,0.8414913870326155,0.8429532418581851,0.2867518643515777,-0.15028858000918577,0.757114707585866,0.9209196819294828,0.4961415238040696,0.7798869579793652,0.8386924149509639,0.6580538021289507,-0.3098264262042327,-0.27028919375465127,-0.3253758597093797,0.7587356461574419,0.7754437778161233,0.7347708353743089,0.10412939523854005,-0.09737106513343348,0.8512938296168632,0.050001135126898605,0.7141091869569131,0.5724352163517207,0.501284023931235,0.7877820739007815,0.7770528244679829,0.011843464015947713,0.4706677853314002,0.9004954395870267,,0.7626193882974336,0.7392980268877531,0.5508869556175545,-0.23404252093235514,0.7221807508377042,0.6240887156212446,0.04114908455241621,0.6856403663557601,0.7642096167047627,0.881887724866914,0.7928106523882846,0.45920610860643873,0.7788478562100862,0.7399950601810813,0.8725694158707934,0.9030085438805288,0.5350207772728958,0.71348419075965,0.4712564265882639,0.8528896320596322,0.6541379695155469,-0.05139859960331369,-0.23472324441345654,-0.26169339794968705,0.8555892879652452,0.6575103044813337,0.8171480725681242,0.2443304220049153,0.9062845190245773,0.17417450718604244,0.17306214164547362,0.8002555769535757,0.7906599638208236,0.7610529154078317,0.11747904104240829,0.7414800213710012,0.4592405225670538,0.8810243426325172,-0.45572562275890355,0.8437887078749614,0.6437438713577823,0.6782237864230939,0.7267637959108855,0.7375535792505881
FIGR_HELOCUSDT,0.421966916882577,0.3358530826257616,0.6798516173604322,0.33145920160532255,0.09190118810853469,0.041265979948679206,-0.4716656753258627,0.34122590194218555,0.2703242930396347,-0.07044496431788305,0.2929970723296652,1.0,0.5864140295151721,0.3334282132497484,0.4537500037587583,0.5646669655681357,0.3285714242058777,0.030177268724152956,0.7363107153405148,-0.025611632781721735,0.6867523868494013,0.018837299685373017,-0.2439765932211221,0.2402360337667469,0.3439271867475146,0.35498927003290337,0.17986425810415085,0.527271401387786,0.42194490746916125,0.17419672307018855,0.21857541781079973,-0.09610592850000664,0.043302841716027905,-0.34278290181458554,0.2214839011167117,0.012683210698772823,0.2306172660308421,0.20089637547428912,0.5102001298225862,0.3267708519874419,0.7368934040342039,0.66235792111125,0.18495055989677486,0.3118008617353858,-0.05881113960860619,0.713776855077484,-0.31755570126646937,0.21985271325656716,0.1657323824754257,0.6906054351391264,-0.11601644482999374,0.18191330614014686,,-0.08540853752417193,0.044187783283838974,0.5146993137902491,0.7323095097330167,0.5216057261940805,0.22567824037318987,-0.5099229022603289,-0.2468954796940607,0.034650747059949916,0.09425266044249456,0.14776665441248557,0.20189407294703834,0.2360955977472319,-0.0662393360856897,-0.028204700652088754,0.3110254132957641,0.398139627283017,-0.2555526882035447,-0.23661480415878236,0.01154358819870269,0.35937606690646917,0.12892022326508346,0.2416694956973228,0.5011587964641685,0.3519506975117581,-0.06238629957688029,0.15030269901862178,-0.584704845143273,0.17017853272221506,0.488656634401164,-0.34891912567128436,0.09163846852647045,0.011004550971794848,-0.19377643621236493,0.47670266192447897,0.026576830710285954,-0.2803270087111047,0.3229620925082839,-0.3519777265005288,0.3471436197169764,-0.0106482960841944,0.17914021060338006,0.5362408126386137,0.4933204655396138
WBTUSDT,0.780280768569272,0.8200347018753235,0.3930921391003877,0.7221292285401838,0.540775196681782,0.5295348000886415,-0.5819779935159525,0.8207472727385929,0.7107244445181716,0.5093502770761293,0.7288839063138912,0.5864140295151721,1.0,0.808776758010675,0.8026847355139015,0.05972590358061993,0.8175977537563127,0.40177845111574284,0.5381342974358059,0.5557573977615908,0.5946059998115479,0.16663801168783407,-0.011905068225866303,0.5815541880760953,0.8274782777885483,0.8261948940140277,0.3666960327814813,0.44560181421025974,0.7774425716804225,0.7077849698503196,0.4832696106241737,0.5513039452898133,0.6463655862595465,0.45079814402437823,-0.3154257369469432,0.2335321355351298,0.17588300125999107,0.7358907160710711,0.8709044723105542,0.7584635998577545,0.49020187481847677,0.013671455693562585,0.535063809600392,0.261751005388051,0.4368857180197361,0.7587621510377153,0.3796127103529524,0.49714021642557266,0.6387059600402429,0.39658227863930984,0.1890071521615988,0.720977078625465,,0.6119482887180965,0.501152724817758,0.8191132717022231,0.3132648206452527,0.9033441401260283,0.49856479105425655,-0.35402331871542464,0.5161208194891059,0.5257374199790169,0.6222850528042246,0.6295159369780681,0.3901083399877397,0.5880184810206293,0.2968837663644659,0.5898081189160982,0.7805291397319436,0.7483597522690101,0.21781143651069879,0.43596976120588204,0.46778234428796545,0.5722934113016391,-0.045332178668153575,0.23714367049631996,0.26478564807875893,0.830739330651216,0.5531450309904606,0.3964478845125222,0.20082159898122534,0.6665738714097138,0.4819228839654935,0.24449130899174412,0.5487074569541083,0.5388675188655764,0.35503998118336827,0.13682281440344762,0.503285457067798,-0.09948172815215928,0.7848739520300259,-0.6091290836632157,0.8301940819464084,0.3882300547222439,0.5971614835732255,0.8972498711984436,0.8410684318885533
WSTETHUSDT,0.7294032632779865,0.9058723028067543,0.06979003983596038,0.8619902229853055,0.7215594358368937,0.7549880175404806,-0.18367502401313654,0.9075189431769904,0.6395362916994803,0.7662886690038602,0.8494780267724793,0.3334282132497484,0.808776758010675,1.0,0.7318431035786852,-0.12461547644082024,0.9067756354625497,0.5086538039739318,0.2591322531413246,0.7620660174269229,0.3265413279819855,0.4725412228266725,0.05289330495865389,0.6154706281965711,0.9078374855296807,0.9072594555590938,0.3737584480817688,0.015559213897631666,0.7403453169839725,0.8404002790940313,0.4491348717447833,0.7836344484960723,0.8542971963930344,0.6997171359069683,-0.3827867454336618,0.039360036503827245,-0.053162841762464094,0.78794123867157,0.7426467889097009,0.7913319083227653,0.30842132088601804,-0.17862268242888824,0.7064722350705794,0.04029080119199785,0.612986260496091,0.5055705313017943,0.4050792370137512,0.7362441951348464,0.8276333783874072,0.10220143312773919,0.4297389311552616,0.8190824618650785,,0.6732244219707076,0.6991210992409287,0.6303574593832638,-0.020041615101586176,0.8742353200628483,0.6858871000434301,-0.07619781660291035,0.751037245384193,0.7671793207331076,0.8764548726880819,0.80376499826486,0.6212683315326952,0.7644853854463133,0.48693426292395187,0.8043646175590419,0.833481204296555,0.5857589042453641,0.5954808660405159,0.5921629097050577,0.7283503174154962,0.7412786182929144,0.1289528200502164,-0.1103483214885113,-0.07833100340595592,0.9217466082325956,0.5730146756918931,0.6435672223601081,0.3449403146258101,0.8882595641887019,0.17969440519682978,0.2046915131366585,0.7306495371973057,0.7027713670572583,0.571183269816508,0.16051851028812325,0.740843897772321,0.20547058155430808,0.8906222320272829,-0.5480579037203422,0.9085031796254529,0.485184502381854,0.6570885729942355,0.7650744761039807,0.7445326267942761
WBTCUSDT,0.7791693247315815,0.7338348943061718,0.18931307820245907,0.7011484697908146,0.6132389133693448,0.558343089271851,-0.5150774556459419,0.7369144863090166,0.737147475471239,0.6204686407551991,0.7370297678998118,0.4537500037587583,0.8026847355139015,0.7318431035786852,1.0,-0.1563356272755202,0.7356060701676759,0.4747713319850748,0.37820515383576203,0.6538925853854558,0.2721256149295218,0.05881391327839412,0.2898684650790861,0.6856685673917645,0.7386852911611598,0.7373061685198673,0.4522255936228639,0.19086436547128044,0.7801337160718659,0.7411568117193392,0.6623667996646809,0.5259353464086619,0.5939756060447372,0.41571732865130473,-0.19027577065741458,-0.01486371084722813,0.025664828424188182,0.8012478405238139,0.7287318472763019,0.5822086981901436,0.18500707554870768,0.10469603775494027,0.5578996020225301,0.2090947572468826,0.6040387452914495,0.5992394076142454,0.5265700736311374,0.5218615098882158,0.6621698811492097,0.22757274576195993,0.3701233769783531,0.7119559857528285,,0.5770079401435375,0.6023399263114038,0.5626758535903169,0.06859216759669264,0.6999365813411347,0.4697320555368196,-0.13976571018793152,0.45346840636643293,0.5602300252161124,0.6198392034887636,0.6484148572337062,0.2546682104665796,0.474979500458756,0.47948685698807986,0.6644778140460619,0.7583714313733241,0.6215816392617879,0.3825091484965514,0.35479833950793704,0.5885810360049261,0.47836547297979415,-0.16000556131965932,0.028342004139521405,0.1202050819222627,0.7428035912329747,0.69875216582157,0.5257030958012232,0.22525267766830173,0.6458257062873525,0.4716086855714417,0.16028837901339862,0.6197623537032431,0.6228619675949907,0.4555245468026516,-0.026583277512009132,0.5366511330037779,0.13242847474346547,0.7404072882624135,-0.5240501032603272,0.7407197321000382,0.4778998891625395,0.6794696408829617,0.8209046943438252,0.8078358320272767
BCHUSDT,-0.18354005295086998,-0.11240646985459944,0.7547000151601713,-0.11477780931789212,-0.42075040994063945,-0.3767955134510344,-0.1627573113123666,-0.11519347462908501,-0.45891788470205913,-0.5577697011033842,-0.349859559423105,0.5646669655681357,0.05972590358061993,-0.12461547644082024,-0.1563356272755202,1.0,-0.12574408750902621,-0.6246993756473228,0.30227216962347353,-0.5453061571699649,0.7567223778070575,0.17909558351799768,-0.8116278240121284,-0.29114984310293185,-0.09973369245913202,-0.10095846657966542,0.1091964325820862,0.5024997673820426,-0.18752691550101624,-0.4467328394043311,-0.3295002595016304,-0.4393881311151139,-0.38206046973185304,-0.5050719214159163,0.0873014855453041,0.5316484505879128,0.58344451583754,-0.306375019515175,-0.1395156440497671,0.011702468925829808,0.7299718777787547,0.33367679439570924,-0.4243350278925125,-0.06429891620769944,-0.5052307288674199,0.07569194112847047,-0.7547067693484911,-0.32480727273684123,-0.2138066694663693,0.4238941595877886,-0.25980041863453446,-0.40734012934817215,,-0.6215607074785149,-0.343120774636655,0.15009038681691816,0.8469259001267173,0.1760058252887435,-0.11695324152036701,-0.4332814811000869,-0.43443314579673376,-0.38679592191993956,-0.3432356922879139,-0.3300039248532496,0.16614303958539492,-0.16895598116368993,-0.7338311495592142,-0.5725532210693316,-0.32376179535397465,-0.05780910007503066,-0.6063607215205306,-0.2862639106490897,-0.5206025641328057,0.04370624925628476,0.47271920737550294,0.3290866818137005,0.5986899852986814,-0.10306073204273632,-0.6303826528413146,-0.43596776590158576,-0.42675550760456304,-0.3244424074429179,-0.007491915633543494,-0.28569319475581173,-0.41817830236886955,-0.5074095957749035,-0.7546110568007356,0.3642160118597711,-0.3779438648141286,-0.6860707132747664,-0.21186599834139025,-0.22318148147708736,-0.10788029232970989,-0.6722178332402499,-0.41215399579478673,-0.036639572108388606,-0.1301334845092908
WBETHUSDT,0.733415120950605,0.9070155901095183,0.06810313104703263,0.8481718226777704,0.7205221793375801,0.7422988827787598,-0.1986117843141945,0.9081484191348516,0.6538172987440319,0.7588741841590271,0.8484554072001861,0.3285714242058777,0.8175977537563127,0.9067756354625497,0.7356060701676759,-0.12574408750902621,1.0,0.5809998879548046,0.2501682293166163,0.7604323437853461,0.33401653078616733,0.4500109672866001,0.05223787456995456,0.6041452314283466,0.9097522767322246,0.9076942341289916,0.383652925550442,0.026981757161117063,0.7435747748336485,0.8449425729885702,0.4431654874833399,0.7826283395392455,0.8480414278127282,0.7030451154195722,-0.41162679562024496,0.058397492788495424,-0.050073504040247845,0.7875141178270249,0.7534254326247094,0.8062310314830285,0.3025391674648839,-0.192804891984334,0.708473538382844,0.024665752611581736,0.6218897864585818,0.5193062152975182,0.41469691909979356,0.714545323594661,0.8215077134251667,0.08888081093672734,0.43665276790488855,0.8300702786793008,,0.6832941536713378,0.7038324216196898,0.645166626182483,-0.021071662265062657,0.8760893603577872,0.6642559144301214,-0.07627920183082086,0.7509892124327573,0.7532694619449327,0.8711043757744849,0.7934258826719972,0.5992328296816821,0.7618193677137682,0.4883116526158389,0.8017466237490849,0.8425855899309601,0.5914541458138013,0.5891894146844086,0.5918214905913673,0.7284380907967535,0.7231413884443654,0.11312076860560921,-0.09570392616857618,-0.07463951691425405,0.921857286427456,0.5791337476241496,0.6413562693958247,0.359268944104773,0.8835224678830763,0.17172342986750425,0.23256905493091073,0.7301880740833726,0.7064689196677763,0.5740689826845545,0.13928960183458958,0.7281241733962356,0.19829800776662343,0.8901656921574098,-0.5714473683542144,0.9095471843021649,0.4731504578612953,0.6425612603157469,0.773475609283783,0.7476741213263386
HYPEUSDT,0.4726421898324078,0.4889757963858829,-0.30068777861734125,0.592468508052449,0.5535675950850459,0.6817538529450319,-0.0034622671432204127,0.49837612196779996,0.5685581752540005,0.691664625247739,0.6562187165073959,0.030177268724152956,0.40177845111574284,0.5086538039739318,0.4747713319850748,-0.6246993756473228,0.5809998879548046,1.0,0.32311504596176344,0.6432559285218568,-0.2529607535591794,0.21835953612379358,0.5406297924175227,0.5769362701591992,0.47162712854407635,0.4960845425756434,-0.21789738076123702,-0.15292705177148652,0.48166840604710126,0.6243579748122268,0.4484795082038689,0.618582311971128,0.7245948563281398,0.5484494612491378,0.15847834324398782,-0.5308765874839558,-0.429375788146975,0.5137938257164788,0.5445290034235318,0.24877267863503574,-0.07781697353738004,-0.06523924357390531,0.6051639508883502,0.5197422797655592,0.3487894640424161,0.3282905492125346,0.571006965995141,0.8009025406225441,0.4780702058793039,0.2051916222090889,-0.0073819186442020705,0.5485295499632685,,0.7344199664049621,0.3299569347766648,0.2781008323754742,-0.3710768820520198,0.3641814369283076,0.6168578304962046,-0.0044378330778593565,0.5867663704139507,0.6995983076372481,0.6168613879838741,0.6686279244775485,0.3753398198630732,0.543362020250889,0.6687472763324188,0.7210658422911714,0.5489028964230039,0.4346573320183355,0.5394416788149335,0.42492275381207534,0.5565926808531559,0.515650218303158,-0.2094520124921983,-0.1942406750303728,-0.3318809521861128,0.5013857896574837,0.5960988040461481,0.5118993701785605,0.12171440162681582,0.6448521839662819,0.4227467419790304,0.004225779736404681,0.5461327795207186,0.5546401611008583,0.7276163249807863,0.21447318879949737,0.6665340924036404,0.49916392061751597,0.5673322070068227,0.22308563549581165,0.4953400561676245,0.9193117911406861,0.7676714952775741,0.39683714448825963,0.49862632490180786
USDSUSDT,0.33438114102173766,0.25824621480998333,0.6164009738503892,0.3388542489528024,0.004879992181015135,0.13811755897611297,-0.49183822570125213,0.2657111690614068,0.2213830606859046,-0.03552280304725941,0.2185003376272524,0.7363107153405148,0.5381342974358059,0.2591322531413246,0.37820515383576203,0.30227216962347353,0.2501682293166163,0.32311504596176344,1.0,0.09209794063566404,0.5735490985635939,0.06075053016547058,-0.1539087496727547,0.30346058304058926,0.2547028792550273,0.28080320499307865,-0.1800704246301288,0.6464760147048693,0.32765465076626776,0.08602726469198033,0.21557573348604367,-0.010572676080658268,0.1731054787249204,-0.16064596649983048,0.3869821689702394,0.021499711840682077,0.24492808063183297,0.17477092511297576,0.5040925571591329,0.14761245298279996,0.6736779769390205,0.4511791289219377,0.06327475400641606,0.7229730267450066,-0.2750022595923035,0.597928107847133,-0.09682470601806553,0.31120972234157274,0.08277737598856813,0.8607867662411354,-0.4894071047045693,0.06374218984084115,,0.12062375951345121,-0.1863245587620237,0.5181653531596147,0.634972400992355,0.47390536924041815,0.33909607695740096,-0.6198193099888766,-0.04861688847641739,0.13384280148875158,0.050607977848674816,0.2071091575790623,0.27544481485489064,0.1958326251618514,-0.11890840865723347,0.013338659756628,0.18008448917022946,0.5058019757212837,-0.337096958488354,-0.007640511060668955,-0.15093219609555295,0.3737030400538734,0.006703777891299885,0.38379774119297416,0.47951890375854195,0.2741626228503498,0.034179785297403086,-0.09904006578359516,-0.42859768310390517,0.1258909069494952,0.7314911082869721,-0.26237406001594277,-0.0035220268902851006,-0.05501214972271047,-0.11888321616488547,0.5172721742406924,0.11095397074020212,-0.33400748332038127,0.2455730569794173,0.06428404332576816,0.275799154395933,0.29324950228287155,0.37540473781267986,0.4430960005040884,0.44858195841832665
LINKUSDT,0.6703627174850948,0.7525037858823883,-0.32929903882727724,0.7468787980705285,0.7978686834119827,0.7759529873890711,-0.05385382854715643,0.7553811078107676,0.6982157218411091,0.9070814242555603,0.8296327302049669,-0.025611632781721735,0.5557573977615908,0.7620660174269229,0.6538925853854558,-0.5453061571699649,0.7604323437853461,0.6432559285218568,0.09209794063566404,1.0,-0.1791007025039307,0.2766578182248134,0.48857573603272764,0.6720543753985634,0.7495203146749058,0.7465205203784876,0.3756912274974994,-0.33065957359656545,0.6831831242636646,0.8801335122559583,0.595811804275866,0.8001089120341633,0.8111693935871833,0.7586365126807999,-0.32398818313199246,-0.2561286376652074,-0.3135133288529143,0.817816551351053,0.5627176658036993,0.566661143300461,-0.19632524360934245,-0.24444080970082332,0.7408533043134207,-0.03392829915769399,0.8164507379044849,0.26939348133797075,0.695016128877576,0.7163633083611636,0.7965249802148485,-0.21155076068023573,0.60718848932291,0.8255307758572958,,0.7458717027450765,0.7925384259116062,0.3099907493598158,-0.4679779373311801,0.5510395073936233,0.5822253196324322,0.24166084126643966,0.7553536355697362,0.7927941638717005,0.8571931917589228,0.7949622772277957,0.3773150719227039,0.6203294096098662,0.7577546225929015,0.9185342463657569,0.7956327262920957,0.4189645894935053,0.8217661795123348,0.5626519304009803,0.8719417252893756,0.5369573457599407,-0.10965145806159078,-0.33992194073111826,-0.36048135925797586,0.7607064663139236,0.7905052608739896,0.7663070696483589,0.4998026281089447,0.8432419309808347,0.10483922082724746,0.24977100542407518,0.8050978068989801,0.8224231356395689,0.7894614871757253,-0.1316689134625602,0.7681426808244958,0.5391790837022231,0.7928845889324853,-0.37499182991658986,0.7502108910832568,0.6514206667748585,0.7224777381585822,0.6057136671043681,0.6397196565653835
