,BTCUSDT,ETHUSDT,USDTUSDT,XRPUSDT,BNBUSDT,SOLUSDT,USDCUSDT,TRXUSDT,STETHUSDT,DOGEUSDT,ADAUSDT,FIGR_HELOCUSDT,WBTUSDT,WSTETHUSDT,WBTCUSDT,BCHUSDT,WBETHUSDT,HYPEUSDT,USDSUSDT,LINKUSDT,BSC-USDUSDT,LEOUSDT,XLMUSDT,WETHUSDT,WEETHUSDT,XMRUSDT,USDEUSDT,CBBTCUSDT,LTCUSDT,AVAXUSDT,HBARUSDT,SUIUSDT,SHIBUSDT,DAIUSDT,WLFIUSDT,CROUSDT,SUSDEUSDT,TONUSDT,SUSDSUSDT,UNIUSDT,PYUSDUSDT,DOTUSDT,USDT0USDT,MNTUSDT,CCUSDT,TAOUSDT,AAVEUSDT,USD1USDT,BGBUSDT,NEARUSDT,OKBUSDT,BUIDLUSDT,ICPUSDT,ASTERUSDT,USDFUSDT,XAUTUSDT,ETCUSDT,PIUSDT,MUSDT,ENAUSDT,JITOSOLUSDT,PEPEUSDT,JLPUSDT,RAINUSDT,PUMPUSDT,APTUSDT,ONDOUSDT,KASUSDT,HTXUSDT,WLDUSDT,KCSUSDT,POLUSDT,PAXGUSDT,SYRUPUSDCUSDT,USDTBUSDT,BFUSDUSDT,RETHUSDT,ALGOUSDT,RLUSDUSDT,TRUMPUSDT,GTUSDT,HASHUSDT,QNTUSDT,ARBUSDT,WBNBUSDT,USDGUSDT,ATOMUSDT,BNSOLUSDT,FILUSDT,FLRUSDT,VETUSDT,USYCUSDT,SKYUSDT,FBTCUSDT,RSETHUSDT,KHYPEUSDT
BTCUSDT,1.0,0.7251458854065461,0.09892557381077473,0.6535538089789199,0.8647757649551869,0.7900983071495561,0.14031166365182554,0.6865872329567435,0.7347636687958741,0.6747837085595086,0.7891783221953163,0.5619525513819079,0.6148422555146755,0.7391659851127127,0.9760253102654484,-0.1661041172717502,0.7282592332032282,0.7652669008277684,0.29163103399364326,0.7834177474103309,-0.07899335181070907,0.4019916940270636,0.8075542388922057,0.7234556731444681,0.7338037795190684,0.36189396477450697,0.1365150327428005,0.978464978126221,0.7112811511058909,0.7631828428136632,0.6845499254207827,0.3918435260280278,0.13407904199878434,0.3241692718074741,-0.40277837677651185,0.7359326714744183,0.12492916521479187,0.34380612643182656,0.5874332918974509,0.4397402786475293,0.33151307575285605,0.525255083204125,0.09970682632644867,0.663936701244918,0.520967333604725,0.38389809163049377,0.7777063319626627,0.3058642646366272,0.48104251190769054,0.4974966638811439,0.7186564648877347,,0.1463317160318533,-0.42851960247736576,-0.12219914568248938,0.7819905476094994,0.2771292258661765,0.5945191071649027,0.07559951312257591,0.2728564246407996,0.7881919614940178,0.615691271289799,0.8375393672702132,0.2916562358038418,0.5050783950298718,0.3749278137549439,0.7203683515029051,0.6374174424351238,0.70896031370583,0.583950168026338,0.6200955793938353,0.5752043477698321,0.7084124899391309,0.34681514872547986,-0.10399418855710635,-0.5103194899865757,0.7232130836448954,0.537065921962976,0.4842228830067145,0.49990557865023155,0.8482999632169804,-0.6501353329277128,-0.1296885123538408,0.5556651963969454,0.8556687923632346,0.34480557218144575,0.552197381635094,0.7915068916817689,0.4347124231750342,0.8038866123620689,0.7266429139903072,0.16374312553352727,0.8184040883195342,0.8955006377993094,0.7389787489854799,0.7681891452753569
ETHUSDT,0.7251458854065461,1.0,-0.06716662543317785,0.8853148682410008,0.8368553254532964,0.950765300661982,0.5050340577126774,0.40637328586253885,0.989075022905105,0.8236350715462618,0.8703079920358452,0.2487518910027736,0.6849632884131606,0.9903006066533354,0.7156155854782468,-0.1372869986757674,0.9890930455222279,0.6694267002177451,0.13125259829525754,0.8215960730048976,0.056273883483944846,0.8651686045298834,0.6269695170114241,0.9885054485171563,0.988913103654465,0.1681129842819482,-0.14602741838937502,0.7399662734205326,0.8116342941003742,0.8765933841577959,0.3265450744391165,0.8223241849806059,0.6094206039115836,-0.05549525383221373,-0.22160480402714666,0.6958899665059803,0.027258314919060465,0.7438360891935011,0.06535527374275947,0.5246690499324369,0.1085274852057447,0.6719787069314257,0.24175757085271066,0.5266328993642939,0.8123019016026334,0.21575642381993734,0.9233363362693825,0.11320463684697861,0.4080470350731048,0.6997601851086911,0.7101112948481023,,0.3893898134643874,0.039436760960014965,-0.19692759426794637,0.9389742666045131,0.7076645909564513,0.3733545031481986,0.03553960007727658,0.7372755106147285,0.9519352279244288,0.9359682226226675,0.9479820012020262,0.8042773282088787,0.8369482617025014,0.35780990824644077,0.8437701607760447,0.7660331535704378,0.7400108294694322,0.7435786195232895,0.4387450487497304,0.6977435272766974,0.9218048353003258,0.598837360787204,-0.258562342070081,-0.5123756971737314,0.9830305298201889,0.34923019786355625,0.07808945986023705,0.5783611804313216,0.7090231444905287,-0.3392008337441637,0.1487532672478393,0.9090393361284967,0.8350107763501754,0.46867306870970643,0.4766460428225963,0.9569394930962171,0.5424289249903761,0.6469198460172778,0.9603228007615112,-0.0084035599674551,0.5176378766845905,0.6863777728182077,0.9811039714766677,0.6344404147513996
USDTUSDT,0.09892557381077473,-0.06716662543317785,1.0,0.06373651008246795,-0.31073896565530207,-0.15377747033345018,-0.48708704118078316,-0.47695167758440216,-0.06084729621258053,-0.44676869712652323,-0.3203192248278099,0.6407055967528464,0.3197749649703334,-0.0680593007577634,0.15618830090208377,0.8271767694254658,-0.08775033643289165,-0.2132818499376567,0.6588628480524298,-0.4234549028453245,0.8610077653725304,0.18436820672462517,0.12804913041106084,-0.06109716063399111,-0.038119679437969595,0.15532903269326317,0.8096971042379422,0.08467977646463631,-0.5386281640688916,-0.20828503784417232,0.06777204298425453,-0.3915716984552406,-0.5674282714428698,0.5094266283236663,0.5207064327586941,-0.0880812326003559,0.4099594379463585,-0.2405966381471545,0.5502950448820194,-0.1560966760927306,0.4419401978563743,-0.5990612394246708,0.7055995222841555,-0.49533161417246446,-0.24582332093331288,-0.49170009268846954,-0.0794875649598,0.7798047636106806,-0.3491676455983279,-0.7122529028604235,-0.36946466607701517,,-0.6613047225289094,-0.03115391465827432,0.9491944749401547,0.1676681984344015,0.21965300960307585,-0.31913655527149637,0.04392873523562011,-0.4308679930618867,-0.15565940943424958,-0.3778499837443332,-0.09235275250558107,0.15904424354983704,-0.25695024671303845,-0.8252625083853188,-0.48119575507145745,0.02969610484131522,-0.407804544372314,-0.6277075585697357,0.30955635455863295,-0.6373893083540861,0.21398349240296397,0.4987253835337214,0.4497986382688609,0.5652106147086051,-0.044595255840186115,-0.41039996585563526,0.5281930225490392,-0.6005373212646428,-0.23846131121384698,-0.5208312621153562,-0.43859237176255644,-0.41162431050226794,-0.31855756245984285,0.4254658948420608,-0.7200833293987461,-0.17231932943489697,-0.7862341618928372,0.08649754326672855,-0.22062248662215825,0.1077907986945611,-0.29198062481519105,0.2778069106881657,-0.03714449624700011,-0.237530260051606
XRPUSDT,0.6535538089789199,0.8853148682410008,0.06373651008246795,1.0,0.6544421080293986,0.8801059518929643,0.17513264677941684,0.2675266281990837,0.8875725312756774,0.7941383143036811,0.7427658314035912,0.1632903192361252,0.7097849647114814,0.8907812617994757,0.6632281611678068,-0.13555120409662264,0.8821227680925218,0.605216867038937,0.26936746615497004,0.7167464156202185,0.06190417690135971,0.7691984062097529,0.7527840598254936,0.8814654279225178,0.8906193317517952,0.19770787090837108,-0.15055751939985745,0.6624337082266128,0.6752967382245739,0.6322514152964639,0.5226579660946024,0.7969442914778524,0.5567333919822136,0.19912486288345074,-0.19404342831994587,0.8036178075354511,0.03180940566342588,0.4302365597632964,0.03743839972695682,0.4369360706838099,0.2961766708399058,0.46599821972957467,0.21772354682891093,0.3829266623657062,0.8465625023844625,0.27690340866266766,0.8649181870047196,0.2335477799080584,0.2618910186053121,0.5272437186847705,0.5457799188005427,,0.3473003673709021,0.11989676233816021,-0.07725704425543946,0.9011995219620035,0.7448746451830675,0.09285326925459823,0.007720368500688124,0.670440517588964,0.8818866932265297,0.8160300333733669,0.8922024667164015,0.8172873083871864,0.604174849569824,0.2818440434248898,0.7521842065969994,0.5857311658896717,0.543553160565271,0.5858867649271065,0.3406499982348384,0.5624900193990724,0.8298410757429409,0.4415254145842101,-0.2581331137084203,-0.18463615143952197,0.8836722632564404,0.4526466085491649,0.2607653510090769,0.4372784660578736,0.48247743466043513,-0.26783517416353875,0.18529461813844605,0.8095867167857392,0.6510913740093541,0.3683668881420755,0.28625392141974343,0.8735341964095642,0.3883542646896369,0.6730181569004764,0.8748940088980903,0.08706764078964001,0.3715482156774347,0.6632470785314358,0.8757919790795401,0.5712767700611611
BNBUSDT,0.8647757649551869,0.8368553254532964,-0.31073896565530207,0.6544421080293986,1.0,0.8725926154113506,0.5308318550642083,0.7488133204027543,0.8398039981360299,0.8497662196029592,0.9245469601081591,0.2832254619772778,0.47158199983670507,0.8455303175937366,0.8301992708140564,-0.37821245372992224,0.8465020502910134,0.7443650455745489,-0.07836499510559151,0.9420490919005323,-0.31492307559323923,0.5093174143777358,0.6420145885495053,0.8369420496944628,0.8299313011395502,0.3235253811921521,-0.24588444008759278,0.8761725749231172,0.932976948185331,0.907850338669603,0.47935023217889305,0.608656324320453,0.4454818389087331,-0.07251649589646038,-0.49948216554653624,0.703902975407046,-0.03343870347565438,0.6372800790359742,0.26531233829153206,0.46469514313690446,-0.030021936611090067,0.8037071210923709,-0.09123283397003672,0.8503714462155061,0.6329304889538427,0.42759103857241326,0.8625966191267018,-0.09785834834816795,0.6831570067170158,0.81993211841494,0.9128212685177226,,0.377712669475098,-0.3553126207982339,-0.4825432043225672,0.7477385735212828,0.29787481946276106,0.7477281066060432,0.04815187830408063,0.5333385973849402,0.872998229106845,0.853510575066293,0.8814770277246342,0.3722677734724638,0.7286027885673267,0.6369425503832309,0.9076617908800549,0.6856705232258514,0.8859976106123739,0.887117333978616,0.4486324776854479,0.8627916954769289,0.7045088574251213,0.3425109087720935,-0.3217184139869988,-0.7864805939346692,0.8249189704926564,0.545317969520821,0.07066636503233183,0.770721604662364,0.9377529761294078,-0.41151523328169437,0.08749359007286313,0.8015935295654192,0.9969211740678083,0.2424754359575249,0.812913638300195,0.888013626858599,0.7266609892372712,0.6725590475047981,0.8681692006802433,-0.05856885818744156,0.8137409665576569,0.7149375825552786,0.8326549429946813,0.7429757434068288
SOLUSDT,0.7900983071495561,0.950765300661982,-0.15377747033345018,0.8801059518929643,0.8725926154113506,1.0,0.37952352988294474,0.5517375876144992,0.9523564822996793,0.8986180298872813,0.8964450991115078,0.16974544600692892,0.6815528469623832,0.9547550867618683,0.7810598408158539,-0.33438349035642,0.9536147724615849,0.7861766601400564,0.1289634655330062,0.8987550711042809,-0.11563258822531082,0.7233991301320221,0.7345155826074455,0.9460573425980234,0.9493261627228265,0.1559113920661813,-0.16544823816094054,0.7986097443912665,0.8670474450546188,0.8817862562240711,0.48455408782101256,0.8378196648644682,0.6473072807575988,0.018473388641637445,-0.31102059536905663,0.7995246739868587,0.000500683295050838,0.6118238160499667,0.05805663488723335,0.5552030272670709,0.22104968978301281,0.677565873835651,0.08389564629011383,0.6006580466391787,0.8211527784027346,0.4380651428696847,0.9181027576477464,0.09876883144503992,0.40300315692967037,0.739325214164488,0.7257255930181172,,0.5032251811892491,-0.01752703490791953,-0.32137121972053323,0.9161626187205169,0.6151280233801346,0.4009055815072385,0.030708807570728767,0.7604511819020342,0.9778703468715116,0.9199523740812933,0.9796054443802331,0.6879124173271153,0.7593836609038105,0.4747585386626573,0.9217345460327763,0.7764221355196497,0.7665010989147125,0.7751706302679642,0.4671884261214879,0.7326166954351248,0.8442449723027772,0.399826602517635,-0.25711001699748565,-0.5300550162204289,0.9413964793118103,0.5547686875639418,0.1978777197704206,0.584809193726975,0.7558110320573872,-0.2881059304147945,0.23079150973080012,0.8925049048318573,0.8687230163293864,0.3430397732355931,0.5527322452292945,0.9800461799192661,0.6424205191588906,0.7433416975076467,0.9512146799558288,0.128709130413621,0.6457171876081074,0.7314280870616017,0.9445035556787521,0.767541087263472
USDCUSDT,0.14031166365182554,0.5050340577126774,-0.48708704118078316,0.17513264677941684,0.5308318550642083,0.37952352988294474,1.0,0.2666330093418445,0.49747505640815604,0.3567623303300796,0.5299480159507152,0.04072647699871459,0.049109624706257,0.4985492364647627,0.09022189872614846,-0.08659671027546499,0.5127366589718487,0.18596217697649817,-0.3621573417391604,0.4151894946556058,-0.10635426970483806,0.5117561746692594,-0.19478837249018735,0.5107844733251412,0.4891349285422579,-0.06996376178492907,-0.41747949833423115,0.1706983673002105,0.5634949080849617,0.5820199989766055,-0.41494266134605845,0.4372203692626986,0.40146988724142685,-0.5884003185014713,-0.27536328075663247,-0.05944861700292924,-0.1797639362655191,0.8957634630947178,-0.15751238274878238,0.3147140509499203,-0.5482569085242414,0.7396953661534205,0.05726426601855816,0.40125825551445016,0.3573814097717407,-0.19783732374922944,0.3737639923784004,-0.4069513036067774,0.4310097949209419,0.6822027421365281,0.5239578765143761,,0.272949859257236,0.07230124420290286,-0.4056377029333623,0.28962355136224954,0.2360106049625169,0.47605507212910564,0.03184923629637643,0.41720806305616387,0.3845219587445607,0.6221214104187508,0.32999377407280917,0.3658068057628947,0.7790171481396004,0.4208002254194005,0.4398535011271886,0.32241990124147774,0.6012511164425626,0.6347737867686903,0.017881515178744145,0.6146918830854006,0.42179181188942644,0.44310612135292077,-0.31951336482877374,-0.7326766240514789,0.4946038578810225,-0.190524579483022,-0.6187193867113951,0.646447020965524,0.46739954680964907,-0.04991137430051701,-0.01569130717425256,0.6234601016712386,0.5380285623546381,0.31045017478074166,0.5858464148290037,0.4125416525620588,0.538467981102314,-0.042282317655895914,0.5162238780102484,-0.37112932183171066,0.24262803676751893,0.026697033964723,0.4852646216409308,0.15291676269985965
TRXUSDT,0.6865872329567435,0.40637328586253885,-0.47695167758440216,0.2675266281990837,0.7488133204027543,0.5517375876144992,0.2666330093418445,1.0,0.4150840261515211,0.5717175659627927,0.7190448338994774,0.1772205929420286,0.2634145544057469,0.4222845726542097,0.6592434920434798,-0.6520896473265534,0.4220315225217175,0.8032853646138576,0.034039831178740126,0.7174118796108702,-0.5833686846690053,-0.04540297391864355,0.4708072829494294,0.39583967331805897,0.4037026297929456,-0.04151743467103816,-0.18936140201009627,0.6858848701617006,0.760460713512298,0.6081298412374931,0.4525741772516902,0.36841863094358646,0.226261628725685,0.13644630554758969,-0.7448561785358385,0.4432493053717967,-0.16386350994631324,0.26120314147268664,0.2878352638985798,0.5502286461351904,0.2106577380767519,0.7263084675984671,-0.3249026950224518,0.6664814493269935,0.44090973345081175,0.57869901486852,0.4188148189168755,-0.050633501773319385,0.35653458489531886,0.7065749989062242,0.5780220682336441,,0.5048197359137344,-0.2816137982212877,-0.5884179459421192,0.38164360258360847,-0.09223359160707706,0.5770574370524442,0.0735306221065805,0.2573399379834219,0.5492203927003042,0.49717431854357474,0.5607767217168601,-0.0911760942973578,0.4580597548461801,0.7883886536470144,0.707321079736514,0.34987300312720215,0.7463743685355759,0.6403686282297008,0.3667992100932308,0.6709840759934543,0.29307536444430105,-0.2198851595777339,-0.20645552651893848,-0.7111789781515246,0.39534116827193405,0.6130023895943981,0.243518362516856,0.6489244876905289,0.7464769245154101,-0.2603476242816176,-0.0683607899858734,0.49250718654882153,0.74041180703435,0.07194057115087077,0.8437640528905331,0.5596260551241696,0.7843728686150584,0.5568838702810305,0.5280725085298276,0.3389450313270406,0.9233434328469196,0.5198800101198922,0.41120938387065636,0.8292784927490481
STETHUSDT,0.7347636687958741,0.989075022905105,-0.06084729621258053,0.8875725312756774,0.8398039981360299,0.9523564822996793,0.49747505640815604,0.4150840261515211,1.0,0.8234902917178618,0.8746457938246182,0.26124266793128686,0.6915060263319116,0.9905283710502342,0.725848564968196,-0.1368827803830588,0.9888131995117415,0.6782395475227904,0.14518147892452352,0.8226780922180189,0.056542790399436056,0.8602137875247039,0.6351363776497337,0.9880203871747614,0.989200807747627,0.16635015824880472,-0.13919907411973517,0.749339710999379,0.8132610706623697,0.8755284192274678,0.3362215697428631,0.81905839098775,0.5991484214481338,-0.03858374768081472,-0.2322910837310818,0.6989667762161854,0.027699764174186823,0.7375169697428865,0.08031002593352972,0.5317433310142454,0.12152010992288192,0.6740698662272976,0.24510329472745773,0.5266315692956893,0.8158718934204415,0.21642028975707173,0.9232746130978692,0.1257644942129553,0.4045074739198704,0.6985214341920412,0.7090934431568594,,0.3868515922554499,0.0365019308034321,-0.19148039471351813,0.9430616670951999,0.7057123787589568,0.3722064690755772,0.037496636744006856,0.7286701279311819,0.9535203666522154,0.9337400930260045,0.9509296375668225,0.8009082423975753,0.8361970760890156,0.36108532490978373,0.8442515687434706,0.7624150750088122,0.7433575813389222,0.7409424637699652,0.44513040748512855,0.6972351047128278,0.9248205391269372,0.595587245875831,-0.25637286476152593,-0.5110005097955015,0.9830693450042698,0.3526587542818016,0.09222882164277385,0.5804589840090777,0.7121121189655004,-0.3505476688783812,0.13540243253982223,0.9075232095012867,0.8376260027712156,0.4751822264682047,0.47966749332642006,0.9582840116787589,0.5423465637834067,0.6549597987854294,0.9617155087667423,0.0020119218435317894,0.5273858561476368,0.6960331100797622,0.9813220865642136,0.6433345655909003
DOGEUSDT,0.6747837085595086,0.8236350715462618,-0.44676869712652323,0.7941383143036811,0.8497662196029592,0.8986180298872813,0.3567623303300796,0.5717175659627927,0.8234902917178618,1.0,0.8566944643161136,-0.12248000928462523,0.457622627517741,0.8301167107929396,0.6485625951764943,-0.5977849124871223,0.8332647447014312,0.708686755992362,-0.15192567531894952,0.9476751244542222,-0.46002242799520804,0.5117048921356177,0.7072901111156875,0.8186466123425096,0.8116932831956689,0.24456212043840225,-0.47868519138977617,0.6847213144989677,0.9224560675953054,0.7593410545394155,0.5696012246304656,0.8303948759139229,0.7390029619614668,-0.08223484115504631,-0.43935991363082755,0.8541372940276427,-0.12405177849713718,0.46402021790632164,-0.1259585987198891,0.41955260258882543,0.03815087650077695,0.7093567867045251,-0.25704715036942366,0.7510996026414112,0.7876276264337965,0.6359953357922269,0.8656465063397102,-0.21164730769890178,0.5490708007079137,0.8379267659299677,0.7955505484361859,,0.6099512468487377,-0.10293669761729225,-0.6124179497771044,0.7204621712886814,0.43168384081399325,0.44600806200061827,-0.011684191515718362,0.7766633471376382,0.8992438300339111,0.9027547397077578,0.8894206742177427,0.5096645260756415,0.613584543220122,0.6952717966902564,0.9715028694554336,0.6084568996310756,0.7470504179672836,0.8927215821960989,0.2489516438119489,0.8625545390193752,0.6078555495541809,0.11531790626138448,-0.4246979691441341,-0.5512596229262292,0.8078916273043901,0.7422709965630682,0.045402115971988954,0.7022084689765787,0.706833968950257,-0.05789808233031728,0.42609393360201664,0.8815206816221995,0.8501103865477686,0.02663172341015535,0.6997055985497072,0.9029231606733016,0.7748665962671515,0.6540235230813316,0.8840756453283699,0.01186945870669934,0.6225913951310394,0.5599749448589602,0.8057629503366197,0.7076121091478191
ADAUSDT,0.7891783221953163,0.8703079920358452,-0.3203192248278099,0.7427658314035912,0.9245469601081591,0.8964450991115078,0.5299480159507152,0.7190448338994774,0.8746457938246182,0.8566944643161136,1.0,0.25627871217347226,0.5711385812097146,0.8808965906144207,0.7666323143588638,-0.396426235450139,0.878393764855311,0.8141474738152248,0.09908667774669126,0.892323558312005,-0.2668912370037749,0.5773456267053284,0.6166369800340464,0.8648074317000433,0.8690100628363455,0.07901016411037992,-0.2884239669833613,0.8037048036984912,0.9415719782986032,0.8433056061384301,0.4082174611534182,0.7542617008856243,0.5069895219047456,0.04482948240910799,-0.5978824192743745,0.6582848372267089,-0.11537485994261655,0.6548134708391875,0.17872737632366933,0.6355150731648008,0.12092099126386767,0.8693833004459574,0.010588806994127212,0.6765249920835071,0.8212460468667637,0.35172945728924543,0.822897840225523,0.02025672955945281,0.4650453855138636,0.8584819564920988,0.7685291253420312,,0.5003170544198293,-0.0664913415671996,-0.42979324821313913,0.810636908734607,0.45156066567073017,0.4948752242639285,0.05679189129351657,0.6001813754345394,0.8981306850537681,0.9030047327842566,0.8973381779374225,0.534028279072631,0.8247072759499348,0.6834591511069338,0.9105200715192526,0.5935858365532249,0.8834858091118828,0.84391338433412,0.399185728096088,0.8469238792424989,0.7724961818157693,0.30260193438489114,-0.3456745674761785,-0.6893073765422668,0.8620634826513854,0.48575482619166405,0.10358608344725692,0.7892043809937166,0.8046689144271458,-0.35253138972974646,0.003030790750536067,0.8987453969859065,0.919867336961715,0.38138102975052973,0.7747543213775115,0.9073372863384842,0.765914670864254,0.6629907782004945,0.9303765348125849,0.10724695575290383,0.7679733527066153,0.6766252163103504,0.8624121234454679,0.7956254933704122
FIGR_HELOCUSDT,0.5619525513819079,0.2487518910027736,0.6407055967528464,0.1632903192361252,0.2832254619772778,0.16974544600692892,0.04072647699871459,0.1772205929420286,0.26124266793128686,-0.12248000928462523,0.25627871217347226,1.0,0.43691571553720404,0.2610788530244478,0.5843942018370821,0.5912279166591548,0.23989679577366196,0.2469272847834192,0.646519418793474,0.023958536256788114,0.5520032102646274,0.2488375960467939,0.2456879132493507,0.2530986120231816,0.27702443915280855,0.1310708630452829,0.6051334896439565,0.5616190570071713,0.0326690026282342,0.24388521875029898,0.13263124675588184,-0.22298768971236463,-0.5864259106890966,0.516539524375296,-0.14568835023250265,-0.003837304182055788,0.24428229760446787,0.20620163015085155,0.9206687146338864,0.2644573522870198,0.32792219496064534,0.10909364935415394,0.6323865778045779,0.005919564332119577,0.0586731868067026,-0.4544412939017345,0.19479776422881326,0.6908512875937739,0.03237487312069066,-0.13194025590090624,0.1263841538820584,,-0.4815146852224305,-0.260559600018342,0.5983073148228929,0.41702017310561373,0.13723319615275326,0.21433229792427516,0.12674566101535276,-0.4158214704430579,0.1707540989940063,0.01819214722595886,0.2355472559046904,0.12341313906728053,0.26527053779584187,-0.2318564634419495,-0.057472272054025185,0.15625147674136072,0.23868277666178436,-0.11123281818286748,0.5108441937353272,-0.06845571593922554,0.5078652559185569,0.5806006609185542,0.22029766656997288,-0.11178670780251149,0.268016004639255,-0.3027547575221205,0.45629530192883294,0.06581019401915038,0.34201618700542974,-0.8860898081627006,-0.8082673167112948,-0.007970479906786178,0.27143256439667274,0.6986031254986721,0.010711856656342153,0.17345985001703906,-0.2409645668477761,0.3183413826998145,0.18715832030250973,0.11005842756186048,0.34451944596384193,0.5924361326971304,0.27888647491695584,0.2196642073931481
WBTUSDT,0.6148422555146755,0.6849632884131606,0.3197749649703334,0.7097849647114814,0.47158199983670507,0.6815528469623832,0.049109624706257,0.2634145544057469,0.6915060263319116,0.457622627517741,0.5711385812097146,0.43691571553720404,1.0,0.6895069013366769,0.6451296437751118,0.06231595773561755,0.6774268747749579,0.6305591439706273,0.5913179729498821,0.44816603732791604,0.32390351394042943,0.6190675451786426,0.5888300059061693,0.6775566037201891,0.703070128766016,-0.08824741909163286,0.2889104628168878,0.6138730815967433,0.4209710429217863,0.5510554509438733,0.33514388146744395,0.5450938770694783,0.24992029938396823,0.36531887542661434,-0.11180958744454574,0.4899774518147091,0.13108746732168225,0.3572700365264487,0.27259736235632215,0.5557353531943603,0.5674733674136614,0.3103396957930919,0.462071427010402,0.08102248076831911,0.6309350713951883,0.09110805825571715,0.5817458609477986,0.5749082916293886,-0.0843714827909837,0.2698273035326916,0.23359656702507867,,0.22004943048918676,0.19838589768839393,0.21802588852707355,0.8074699477147562,0.6345510705295015,-0.01671790301642635,0.07585122131902759,0.4074106443808471,0.6796179592794936,0.5288497427522977,0.7043163813006518,0.6487818069502498,0.5413505643530847,0.04272132935352055,0.48072816329784596,0.5533728655616471,0.4149736813888103,0.24155614493018226,0.5271143130822368,0.2286178534117973,0.7721881720023518,0.44034415002219296,0.04291873423520916,-0.11392997492957552,0.6911228491935498,0.2047859556699525,0.48663163640763435,0.1650460072377333,0.39969827929233787,-0.4361393439336685,-0.13532643212794782,0.530818265345343,0.46121859801685794,0.5865462453172569,0.08909568634921897,0.6693857431112558,0.19941384159338804,0.6194859817581225,0.6438055718469861,0.3900084375678234,0.40781466089831014,0.6742584894139838,0.6964870112581489,0.5974266616904262
WSTETHUSDT,0.7391659851127127,0.9903006066533354,-0.0680593007577634,0.8907812617994757,0.8455303175937366,0.9547550867618683,0.4985492364647627,0.4222845726542097,0.9905283710502342,0.8301167107929396,0.8808965906144207,0.2610788530244478,0.6895069013366769,1.0,0.7163779474589572,-0.14348011337881422,0.9902740335827893,0.6812318943155635,0.142348804672834,0.8288179974465721,0.04577617754944704,0.8562677587115882,0.6404671789251515,0.9892250065616272,0.9903583703756573,0.1717917303721485,-0.1499262914785905,0.753950343270278,0.8207878763556903,0.874262331283073,0.344730445379927,0.8204952536529977,0.5980021363470728,-0.03379175357908745,-0.24536124929846176,0.7049880678251873,0.023225540867903984,0.7348628890951796,0.0839304430612743,0.5324280765193427,0.11845250652080688,0.6816194647301884,0.23762858961034397,0.5356831803969082,0.8215630233337042,0.22031513262339633,0.92702951416789,0.12083778628831358,0.4128081053790061,0.7057653788703908,0.7164819936930902,,0.3882702591642761,0.031309535433338184,-0.19886483948489816,0.9432282662927773,0.7024978823619542,0.3758986267584526,0.03750440331276925,0.7263599057433849,0.9560625357677426,0.9378148697423221,0.9537459142794509,0.7982826036132268,0.836442700196775,0.37297042949607595,0.8498795219210201,0.7557862083877033,0.7490131867011628,0.7488547283547876,0.4411651475111763,0.7070103316817031,0.9240160698671449,0.5900290830358905,-0.26513331174984683,-0.5141103937169837,0.9842940685259302,0.35973566260787293,0.09162301427676608,0.5919222924073172,0.7155576257474368,-0.3523597379792928,0.13272222944879883,0.912176682461652,0.8433810054997541,0.471748756753108,0.49019992450767963,0.960870232117997,0.5489138927515077,0.6573831426567265,0.9659956578904271,-0.0014731518121174154,0.5328089630789302,0.6978849461827002,0.9822415678211807,0.6464881858500833
WBTCUSDT,0.9760253102654484,0.7156155854782468,0.15618830090208377,0.6632281611678068,0.8301992708140564,0.7810598408158539,0.09022189872614846,0.6592434920434798,0.725848564968196,0.6485625951764943,0.7666323143588638,0.5843942018370821,0.6451296437751118,0.7163779474589572,1.0,-0.13443974200225786,0.7173820282945058,0.7675503901547619,0.3550633368198028,0.7510749406033874,-0.030587119007335885,0.40606730504054783,0.8187827839432684,0.7131795793328477,0.7266562043729623,0.33523884661388553,0.18779204899765806,0.9724511359028678,0.6745907203438778,0.7388771457165818,0.6908058371610236,0.38449626159147,0.11225834817442,0.3741822227576039,-0.3780001848522028,0.7306295064933025,0.14154437948816256,0.3130989201520069,0.6027391941085274,0.4504300902298144,0.3930221862788825,0.4852437115727713,0.14244258045807406,0.6092301041239747,0.5225456037195643,0.36736314667631137,0.7608412575837585,0.3701028793918824,0.42210334117011056,0.4526098065493119,0.6692376147854474,,0.13215755100180288,-0.3950655825221188,-0.06421107274316672,0.7935278621877782,0.30096522860992864,0.5390040784423327,0.07856612149182095,0.25850760286508784,0.7788445070384915,0.5893736506936368,0.8312560956771119,0.30884637856063696,0.4865526551200509,0.3301040788533076,0.6916849345253513,0.6315456272723357,0.6759360523050507,0.5330198147107588,0.6367632165280963,0.5257150130477273,0.7173545261982686,0.3511073441264696,-0.07126132848119611,-0.457101262095717,0.7152090429168302,0.522290261138146,0.5351628973647804,0.45167794960478497,0.8142259274936104,-0.6632158640058583,-0.151869753818969,0.5326833692506894,0.8201173484112251,0.3726289458646345,0.49799709236291384,0.7798827362103468,0.3936095177333161,0.8139675045855747,0.7118681086173779,0.20930237370750213,0.7995019723797682,0.9072013692262306,0.7312980058329541,0.7687429792114703
BCHUSDT,-0.1661041172717502,-0.1372869986757674,0.8271767694254658,-0.13555120409662264,-0.37821245372992224,-0.33438349035642,-0.08659671027546499,-0.6520896473265534,-0.1368827803830588,-0.5977849124871223,-0.396426235450139,0.5912279166591548,0.06231595773561755,-0.14348011337881422,-0.13443974200225786,1.0,-0.15608171793860576,-0.5172074422071162,0.36432550843609035,-0.5634843130810425,0.8916072772017747,0.2514813227817336,-0.267751051840992,-0.12314690782238533,-0.11725009766140537,0.15988081488218978,0.5787415826908738,-0.163059709401198,-0.5865858361499714,-0.27673989786898745,-0.3493302929772685,-0.47986668706274116,-0.6056428897407391,0.16012116938901153,0.5315687662318324,-0.41099471928882403,0.3183981383810092,0.023230853865410638,0.4262853233175664,-0.283128600072768,-0.04121594932688852,-0.48348131125892807,0.7327442730181325,-0.5033184485630269,-0.3562509240343228,-0.8527430152427511,-0.19105497112553732,0.4781478524154626,-0.20206722590728868,-0.6481010395650441,-0.3334817660448073,,-0.7889366983149603,0.0041806723964329315,0.8944068970021904,-0.023444602314291595,0.16058929023182325,-0.2364826415367714,0.03480358523814727,-0.5082952750503714,-0.3312551153574486,-0.37392053978958834,-0.29887918745349373,0.1603472540419515,-0.13830235143784333,-0.8214705301815375,-0.6228233757249844,-0.1417982058521187,-0.41135355556351993,-0.5687949939672224,0.06778909290430246,-0.571506334991511,0.13772761165976666,0.6691599025642674,0.31748006956200897,0.4279046138535824,-0.11541795347146212,-0.7798685611111468,0.039315745602604146,-0.453179033416663,-0.322194734837003,-0.43949603751375943,-0.5279943147500011,-0.39839380533670354,-0.3781910521903827,0.4577761600683035,-0.6529847800509929,-0.333479221381687,-0.8081590569498616,-0.26947762624710925,-0.2929090113263067,-0.28675431180638083,-0.5148595389637052,-0.020574678720566415,-0.12027648100782225,-0.5595459879612907
WBETHUSDT,0.7282592332032282,0.9890930455222279,-0.08775033643289165,0.8821227680925218,0.8465020502910134,0.9536147724615849,0.5127366589718487,0.4220315225217175,0.9888131995117415,0.8332647447014312,0.878393764855311,0.23989679577366196,0.6774268747749579,0.9902740335827893,0.7173820282945058,-0.15608171793860576,1.0,0.6762270524247196,0.1180119706510301,0.8324510068392306,0.034654969246727375,0.8560753973612965,0.6276950025040519,0.9881340464144771,0.9881068847072253,0.16911336919521877,-0.1614675546178205,0.7432414659378952,0.82432542348096,0.8813326817443785,0.33083554754710826,0.825982943816703,0.6158445105435681,-0.06197008326853244,-0.2370863310490827,0.6997736736345379,0.01929292797113158,0.7454256924198913,0.061378761164143994,0.5272869401469831,0.10035005301907668,0.685318791890285,0.22401065946232968,0.5419010534988198,0.8150500546337811,0.2288815499704307,0.9252216266559653,0.09768068286323452,0.4194294130115807,0.7146969777562365,0.7211054355151996,,0.4005453748310519,0.032251874592947094,-0.21791405768048136,0.9345294798224217,0.697382781379503,0.3856044035485631,0.0351507376484976,0.7409541976207997,0.9548090110633899,0.9419670069880568,0.9502114087052221,0.7945759393792086,0.8397663628758236,0.3778677793967965,0.85450946997922,0.7643753720508143,0.7507032927449439,0.757658194597734,0.4346753759008331,0.712600981727933,0.9157207919135573,0.5857900368888217,-0.2678276683164578,-0.5267644983154357,0.9823156534788273,0.361436826597563,0.07113185702963375,0.5931009005892265,0.7182852438691257,-0.333283872801639,0.1542398268965517,0.9151970383255974,0.8447469229021614,0.4581218619736773,0.4958110248521481,0.9602238914636942,0.5596571446324455,0.6480802739677953,0.9639920909593104,-0.010155619203450927,0.5295626216185788,0.6844162388898523,0.9804319203388234,0.6422433869521068
HYPEUSDT,0.7652669008277684,0.6694267002177451,-0.2132818499376567,0.605216867038937,0.7443650455745489,0.7861766601400564,0.18596217697649817,0.8032853646138576,0.6782395475227904,0.708686755992362,0.8141474738152248,0.2469272847834192,0.6305591439706273,0.6812318943155635,0.7675503901547619,-0.5172074422071162,0.6762270524247196,1.0,0.3891444917497945,0.7513240735232182,-0.25802877513559497,0.3207163340104919,0.6459874622943611,0.6543774067134334,0.6768619529092557,-0.20829205460596342,0.0031157187449219175,0.7628387669490356,0.772065474892503,0.7302690281067762,0.474024070259705,0.659650617242538,0.4161987598483112,0.282293665832729,-0.5693434066924589,0.5887907621177654,-0.08284660764447793,0.3722212679988761,0.21340560900211386,0.7531186573252263,0.5400407551648494,0.6797641276680815,0.0023256941298685106,0.4422466925979931,0.7178691883558834,0.5282634036185855,0.5923963780322906,0.28339532479665497,0.09007575662512522,0.6698221707681329,0.4628488601320136,,0.6070450271039028,0.05029135162188772,-0.3377697476726131,0.7224562460336849,0.3386728544126041,0.29146402749371314,0.0782335119321567,0.5181153416753378,0.7822542258312244,0.6637872493362366,0.7947065669715124,0.3467106187583901,0.6371825533765298,0.5991391135200502,0.7934313096086212,0.5775240760556842,0.7382547134169102,0.5713346114687264,0.5281826182521846,0.5792373004755318,0.6220129840640825,0.011465296048798493,-0.10383774092580952,-0.5307288322924003,0.6629760373810383,0.5863657183931631,0.4480210551859954,0.5044790474610436,0.6880757285577276,-0.3021838555710781,-0.029426634737167664,0.6767962126535463,0.7318376113381503,0.35361731615269154,0.611214857863784,0.7809455071854644,0.7134206672626155,0.7429813801083556,0.7386126262105555,0.566888957951044,0.8572929654968265,0.699056508432093,0.6767829603737675,0.95815633790402
USDSUSDT,0.29163103399364326,0.13125259829525754,0.6588628480524298,0.26936746615497004,-0.07836499510559151,0.1289634655330062,-0.3621573417391604,0.034039831178740126,0.14518147892452352,-0.15192567531894952,0.09908667774669126,0.646519418793474,0.5913179729498821,0.142348804672834,0.3550633368198028,0.36432550843609035,0.1180119706510301,0.3891444917497945,1.0,-0.1597017475181615,0.568871653938879,0.1752464356645134,0.27686808150320646,0.11930553930422191,0.1684017818813296,-0.4065186273077329,0.6463531441070566,0.2801495786278516,-0.13518667573676627,-0.021856292186978873,0.1426944568676095,0.03377754119882651,-0.3472640672761713,0.7843951235059481,-0.09397643171638077,-0.0017184233724173376,0.14532801581735189,-0.10705681775040841,0.525524253224775,0.4792052371081641,0.8599937788627752,-0.0872798458763089,0.6557327798759809,-0.47732105030139316,0.28055004247243037,-0.26977664632293114,-0.017927774553540575,0.9499117779807105,-0.6151079969481725,-0.2628019049147316,-0.37800475040605014,,-0.11143687453337457,0.357028988419653,0.6744913432071544,0.4085746085166431,0.3601139814198095,-0.46889611810765286,0.10521757809289303,-0.1967229610488519,0.12685924981677513,-0.08145250333976439,0.1762938566715291,0.3005799649409845,0.13322798986420617,-0.2781249749249574,-0.12097965867435545,0.022706466689939513,-0.020727579778255886,-0.3949166726420074,0.4149819135683154,-0.3352214074078653,0.4096372823287728,0.19522180753111032,0.32983421327951284,0.3291898876076161,0.15324775724178355,-0.17546962674681402,0.7283873690833761,-0.242535155184615,-0.09116536018738865,-0.5036892213644756,-0.6321338193589763,-0.02512241485498426,-0.09626413271825186,0.675853175506915,-0.3113721499525089,0.10593116214101289,-0.25171243027538853,0.3402537018709591,0.10962128189734442,0.676908519586513,0.16221510945733789,0.4398329464179292,0.15922815629988438,0.33617219917939795
LINKUSDT,0.7834177474103309,0.8215960730048976,-0.4234549028453245,0.7167464156202185,0.9420490919005323,0.8987550711042809,0.4151894946556058,0.7174118796108702,0.8226780922180189,0.9476751244542222,0.892323558312005,0.023958536256788114,0.44816603732791604,0.8288179974465721,0.7510749406033874,-0.5634843130810425,0.8324510068392306,0.7513240735232182,-0.1597017475181615,1.0,-0.4534794255064519,0.47095165808670814,0.703384531270269,0.8185313266378508,0.8100351396740934,0.30115766205404165,-0.37789091662633484,0.7919118199779949,0.948442763870052,0.8521546350956929,0.5687461079185314,0.7289901267856922,0.6331945593163532,-0.09976477354984761,-0.4665034056975428,0.8202222447002331,-0.08143640426274691,0.5197580509927234,0.036804222082418986,0.4284405919075317,0.009679947832478799,0.7502313207808309,-0.2464000763611164,0.8434347341855314,0.695064031799252,0.6247056306495019,0.8719433206130653,-0.19524043804995894,0.6384826773474664,0.8466819916881042,0.8765310770834485,,0.5381824069671061,-0.26425924852654287,-0.6113850040850075,0.7193858292180604,0.32906955918167397,0.6315100578859482,0.010815320405220145,0.6877027508086614,0.8983486463684063,0.8795439781961297,0.8973190767146232,0.3991881025019877,0.6418855742833385,0.6975672506254724,0.9740249319929266,0.6782285816645062,0.8230638763337135,0.9143320259931522,0.3551686354245044,0.8796699419889461,0.6220575072852444,0.16929948757331997,-0.37282677126172376,-0.6894870003985017,0.8054274048600396,0.721690629925244,0.07119719063486912,0.7310438265144313,0.8485326686967938,-0.1941941478626765,0.3307635285920227,0.8367762495898023,0.9412482769663885,0.06442507654425375,0.780536626162012,0.9076009415533028,0.7886934959393478,0.688739186395725,0.8709230792945938,-0.004063309365228274,0.7515160488400361,0.6414722291501608,0.8105466449631711,0.757343373984239
BSC-USDUSDT,-0.07899335181070907,0.056273883483944846,0.8610077653725304,0.06190417690135971,-0.31492307559323923,-0.11563258822531082,-0.10635426970483806,-0.5833686846690053,0.056542790399436056,-0.46002242799520804,-0.2668912370037749,0.5520032102646274,0.32390351394042943,0.04577617754944704,-0.030587119007335885,0.8916072772017747,0.034654969246727375,-0.25802877513559497,0.568871653938879,-0.4534794255064519,1.0,0.4446128335416705,-0.14481133359719514,0.06302376772085216,0.08025668844349884,-0.09631223482334186,0.712733487047923,-0.08064545675454299,-0.48748245831741177,-0.0827238442087849,-0.3459493775828983,-0.1970037293794554,-0.3540641896209796,0.19368074986780284,0.5926458694919031,-0.304571566922659,0.33642374028042027,0.13996144881895828,0.29447911016307216,-0.022273675302329324,0.25631038868691763,-0.4252178774937321,0.8582892620864294,-0.6114126648048166,-0.141896496092917,-0.7156325464818204,-0.08334380890282576,0.6685887420791122,-0.4315625164455027,-0.5618574918249727,-0.40265391675188233,,-0.5238027311385021,0.2680387644383143,0.9091212718748891,0.21381037779809345,0.4106100816529338,-0.37158664178675854,0.04989620479367579,-0.21487976030023945,-0.11612205062999732,-0.21616809360929473,-0.09218940407510728,0.40168731384092876,0.04752133751126991,-0.8311751173456747,-0.45997042104053815,0.12014541237360953,-0.32975549672951654,-0.5514233387250007,0.2470895932261581,-0.5809856396359254,0.3415010613421613,0.700275584017839,0.41474278226695344,0.41876318122872963,0.07635984305090034,-0.6828990760585498,0.20571076639321945,-0.5292080089966892,-0.27080954600520396,-0.3886991682389852,-0.41268419181908067,-0.22656005557690595,-0.31930151822378205,0.6119128832287217,-0.7059222941855592,-0.12480183999533587,-0.6849111487337902,-0.08547823277252253,-0.11954391593108935,0.028485099776924306,-0.41245969198223226,0.11393206997465984,0.07711796197055401,-0.3078482998129918
