,BTCUSDT,ETHUSDT,USDTUSDT,XRPUSDT,BNBUSDT,SOLUSDT,USDCUSDT,TRXUSDT,STETHUSDT,DOGEUSDT,ADAUSDT,FIGR_HELOCUSDT,WBTUSDT,WSTETHUSDT,WBTCUSDT,BCHUSDT,WBETHUSDT,HYPEUSDT,LINKUSDT,USDSUSDT,BSC-USDUSDT,LEOUSDT,ZECUSDT,XLMUSDT,WETHUSDT,WEETHUSDT,XMRUSDT,USDEUSDT,CBBTCUSDT,LTCUSDT,HBARUSDT,AVAXUSDT,SUIUSDT,SHIBUSDT,DAIUSDT,WLFIUSDT,SUSDEUSDT,CROUSDT,TONUSDT,UNIUSDT,USDT0USDT,SUSDSUSDT,DOTUSDT,PYUSDUSDT,MNTUSDT,MUSDT,CCUSDT,TAOUSDT,AAVEUSDT,USD1USDT,BGBUSDT,NEARUSDT,BUIDLUSDT,OKBUSDT,ICPUSDT,ASTERUSDT,USDFUSDT,ETCUSDT,XAUTUSDT,PIUSDT,ENAUSDT,JITOSOLUSDT,PEPEUSDT,JLPUSDT,RAINUSDT,PUMPUSDT,APTUSDT,ONDOUSDT,HTXUSDT,KASUSDT,KCSUSDT,WLDUSDT,POLUSDT,PAXGUSDT,SYRUPUSDCUSDT,USDTBUSDT,BFUSDUSDT,RETHUSDT,ALGOUSDT,TRUMPUSDT,RLUSDUSDT,QNTUSDT,ARBUSDT,GTUSDT,WBNBUSDT,BNSOLUSDT,USDGUSDT,FILUSDT,ATOMUSDT,VETUSDT,USYCUSDT,HASHUSDT,FLRUSDT,KHYPEUSDT,RSETHUSDT,FBTCUSDT,SKYUSDT
BTCUSDT,1.0,0.8702549247987104,0.14902924403548734,0.724866211809991,0.6336560183873228,0.5947333373177842,-0.49370356751563876,0.73493173890338,0.7712584029135776,0.6631621882502802,0.7709961257902371,0.43557846547454554,0.8140068081858604,0.7655367555257385,0.8236480080083001,-0.19012437026271523,0.7702508781966273,0.4919438989789811,0.7000090282819557,0.18411462868317052,0.23830321619432276,0.06019127954318721,0.32103724100858577,0.7007182087656231,0.7723447491339536,0.7672795460519813,0.48589521869208363,0.1424155985680117,0.8129412178199337,0.7858430341618797,0.6857639523847947,0.5353052088491509,0.6189546918482925,0.4454561484686501,-0.22872939225246486,-0.038737899552484904,-0.007312999548915113,0.82477186847089,0.6085135045280017,0.7541690038978798,0.15163872152724697,0.06951439759047272,0.5995055739079291,0.15864267547690375,0.6544582803626626,0.5950106196220782,0.5391373486031213,0.5549760156092289,0.698636488799887,0.1858961793441321,0.4190646736261622,0.7527036208347554,,0.6413476022107606,0.5933520732580504,0.5384605237351994,0.023692588307588212,0.7026286213514458,0.47665486260244644,-0.09810643093634075,0.4767611306353723,0.5842777330187745,0.6558304224085213,0.6844310457992941,0.25327367091399317,0.5094180945478594,0.5257097658532626,0.7056142776319699,0.7791354094721117,0.3233486154701875,0.6016951833384284,0.4336948082196172,0.6357100688285668,0.466652486332826,-0.18904595777074454,-0.006248542440548955,0.08334536732351988,0.7643265181287328,0.7290506581589697,0.573953168358626,0.4437780891709308,0.245602537822902,0.6838194705309198,0.6493585557054483,0.6579962716515536,0.5877794058767737,-0.05114657427881096,0.5027094261960634,0.18268283003369695,0.7948069396834909,-0.5489518127817199,0.14683953068328282,0.702828893909495,0.4905167666224648,0.7771938424310826,0.8416290114730557,0.47706075565915
ETHUSDT,0.8702549247987104,1.0,0.08535862255369114,0.8779538705176162,0.7090713901061462,0.7717597759104644,-0.20655894479213957,0.6308915531552328,0.9414128701972814,0.7727811425704076,0.862319175101446,0.34201729962305305,0.8444854267825309,0.9384773576599911,0.7657254043897457,-0.11454616669541975,0.9402965371308347,0.5023919793718359,0.7756110798918091,0.1429373292469819,0.3518752807301218,0.4611693673336781,0.038657737076330086,0.617154092921791,0.9419009287828443,0.9370649892939018,0.3983000582951629,0.037787433248531115,0.7683261079811281,0.8605346220160566,0.45398936829684255,0.7631574791887761,0.8642336602554912,0.7135198614344662,-0.4368003402741852,0.07200029478186622,-0.03666673244677378,0.7995001143004152,0.8258095956615971,0.7828447154495577,0.3248206721567872,-0.14985418326315714,0.7167028963934103,0.029149511637836023,0.6232318852539762,0.5243020200984037,0.7244993898824933,0.4150151938677649,0.8459460855572006,0.10366800272789677,0.43519211482286735,0.8405033154859091,,0.703713545278469,0.6788685491280326,0.6388006094716111,-0.005894229086436895,0.8985581756661739,0.680956026942868,-0.08291813316793947,0.7623306001676404,0.7656346425957774,0.8858979735336625,0.8235997284527427,0.6190396581135874,0.7932145483501946,0.4827757519530971,0.8140859756308169,0.8385178991305159,0.5331017717355595,0.5901108545260938,0.5910455291854554,0.7294885603776168,0.7138519677283831,0.1408046380563358,-0.09502016802651687,-0.06491182522671422,0.9400072640087523,0.5835245381064831,0.6423253377985797,0.17973833493739477,0.3582712476583071,0.9042159744569603,0.6973486785065464,0.7381974736280675,0.7754604969691348,0.15587850073916493,0.5787261218845772,0.1946823417704956,0.9392278217112706,-0.5816667466721792,0.19522470194650884,0.6664856213797195,0.47342974437051283,0.9466215057501172,0.7984948273424268,0.37575362051270284
USDTUSDT,0.14902924403548734,0.08535862255369114,1.0,0.16569043096661987,-0.2749631943512955,-0.16533178298087456,-0.6395161175529412,-0.17022749363427564,0.08544303177741507,-0.34327935791546943,-0.1639349101460466,0.6828079092146867,0.3991369983695357,0.07179048316294326,0.19501875590203238,0.7632029995064598,0.07014782729678255,-0.3040364078604548,-0.333700358924715,0.34683280621982115,0.8349194219200647,0.06045397358940279,-0.5579834945609867,0.14798506224555577,0.0949086552451552,0.1016302472840246,0.2164936398054953,0.7705816403561276,0.13193259281155592,-0.26861732504671526,0.13617618235966628,-0.30051494651646227,-0.19705846738143598,-0.3738257593481149,0.2458045331596824,0.6000370543931663,0.7802626873793141,0.0882196494180351,0.01132970003997987,0.12233013958756393,0.7539131423631564,0.32343759504407493,-0.4208240842058938,0.36792923770100333,-0.39193918372372594,0.24518793630173807,-0.1709355109848172,-0.32746757419533395,-0.022746586090770845,0.7488019936601926,-0.34085321924029816,-0.28302868976444545,,-0.2682242225097473,-0.3586589141905266,0.32200440471006053,0.9059722109428435,0.39134122766604734,0.08224751420839417,-0.5864360178256338,-0.2721481290681032,-0.17527475098712736,-0.24877500773290093,-0.07249443187123009,0.17461023688077412,-0.19772139634794322,-0.657598860728728,-0.35106068775902965,-0.1567774769471603,-0.07221050488385901,0.30581169593877583,-0.6399499102203267,-0.481277173151497,0.1439478168636539,0.26847927185073284,0.5692784969033824,0.8393325036161646,0.09349290212104251,-0.1873160216683086,-0.49238375468557327,0.5493988139172123,-0.24963824907716017,-0.22278991121818206,-0.33753463427734093,-0.282637360123935,-0.19487495389783654,0.276036393582991,-0.6686617748295113,-0.8141291125823791,-0.018094408797225677,-0.20168072924052743,-0.1828535558889256,0.06071289033348727,-0.32697379190176745,0.10008117078568407,0.3207461494420346,-0.4556735991750278
XRPUSDT,0.724866211809991,0.8779538705176162,0.16569043096661987,1.0,0.6677281536967811,0.8629601806272132,-0.17975146094950953,0.4629097128846306,0.8803672603125542,0.8198493592603197,0.7961791897159466,0.33464341268537984,0.7377633965954401,0.8859966958915626,0.7258692228332375,-0.11574209358686018,0.8724003000631975,0.6038814908882327,0.7636594940126965,0.19211681000380423,0.26872338417118646,0.6074034329576448,0.08255408917815718,0.7825505360990254,0.8690688334737906,0.8780330724486114,0.36021330865091467,-0.006661943419836279,0.7258473337601404,0.7498321453392959,0.6033065189188408,0.7159673228832636,0.8592448875070426,0.6537403616825269,-0.0978269393712937,-0.02790027941190857,0.052796966328917325,0.8432884923110684,0.5775585580039673,0.6054268280620803,0.32364366799365724,-0.03978674757964469,0.5698959103666308,0.22791800054069555,0.5219698905736608,0.3077107105310529,0.8481999211122545,0.40519258769241007,0.8822625866660554,0.2564644959124059,0.35396166316432986,0.6507551448532767,,0.6228787767876368,0.5390761482176168,0.440789863911609,0.0257250413625725,0.8317983817745318,0.8517506817258003,-0.08923017317981691,0.7328617611752627,0.8640330063475906,0.8561226090059794,0.8977434392584994,0.761855144363731,0.6813882521800496,0.39090247636639847,0.8000232215366839,0.674443036597054,0.5485091874400665,0.5459288782308127,0.5802779294136424,0.6469030329456812,0.8106037575472345,0.2559297386869626,-0.17935885525161477,-0.010020575697765538,0.8825903322267352,0.5893521677590761,0.5451680315792901,0.35136243096263553,0.3015502778746591,0.8576726466622259,0.6226010657411384,0.6898747140906439,0.8649308712802839,0.2579822347505722,0.47131575396510256,0.1823725361919526,0.8784905200816963,-0.3264258313274333,-0.013822779953479759,0.8504002264800877,0.5682790609997387,0.8830582371367538,0.7139847089565051,0.3999375833898105
BNBUSDT,0.6336560183873228,0.7090713901061462,-0.2749631943512955,0.6677281536967811,1.0,0.6807054569095674,-0.02189786649544411,0.6219439075538878,0.7089602326451323,0.7838364458160176,0.7756862206719105,0.09002328811240871,0.531982145478087,0.713354993380386,0.6109378377199934,-0.41292028736681613,0.7128614684914184,0.5434434568126504,0.7849223971372026,0.0030501436766363645,-0.09963825157923985,0.2460202399700224,0.38727664219618485,0.5528470054981536,0.7043924352506911,0.6987091593151267,0.34485496153704365,-0.2835663559503759,0.6364152042287178,0.8151774448547137,0.48523451234759085,0.668696489336819,0.7135254101029568,0.6224911446949459,-0.32359544777912647,-0.26708229690852087,-0.3244528051748306,0.6923106062496629,0.5781502456853864,0.5656444708658925,-0.09880841169268745,-0.11838984573860187,0.7281990815704523,-0.07674575122152767,0.7299250048304249,0.3345228707107707,0.6506612698584063,0.5227781427973082,0.7123793998192586,-0.1752547234340488,0.5562310606855287,0.7788346903260173,,0.7152731750449194,0.6336706044770677,0.32024340140849367,-0.3521995308108241,0.5263855728379662,0.5065502961456674,0.1815734936352273,0.6210077731298076,0.6800636342945683,0.7809485535091869,0.7041493714563931,0.3453104847742613,0.6276572224831709,0.6988895420300091,0.8035347537202661,0.7443178799067117,0.37770859745984825,0.3575713929503028,0.7313216182272761,0.8031576690515724,0.48432314271365184,-0.07388122740449059,-0.34111797108375325,-0.32498979937077566,0.7033295404920632,0.6390690881863585,0.752198653684893,0.048845548684144945,0.33312531323333566,0.785038553251526,0.7184237811564823,0.730397673457885,0.6932172175605645,-0.048068105466285586,0.7099522839298527,0.5123619129196604,0.7622330410440055,-0.40282136741375424,0.15591079848381867,0.5968143995410962,0.5362307621924141,0.7063126378170508,0.5699701890371226,0.5452372756587901
SOLUSDT,0.5947333373177842,0.7717597759104644,-0.16533178298087456,0.8629601806272132,0.6807054569095674,1.0,0.04507177243341103,0.461968623578868,0.7741204541592327,0.8650283810051488,0.7696224817541042,0.04168527123057317,0.5464965738637229,0.7836555100159031,0.5838287366395098,-0.38668540062662227,0.771041076211544,0.7018923751127907,0.8011511562988258,0.08451742084849255,-0.021399091565573666,0.5657588617126523,0.24416503814090013,0.6704808790954884,0.7583224676373164,0.7672614417022641,0.1816759218837679,-0.2256865306190548,0.6001922585316667,0.7563996352838303,0.48845939207469335,0.7755131240648535,0.8869153720249381,0.7647970352361231,-0.15015181188468393,-0.20061362653560633,-0.19512513854623997,0.733105019439416,0.5078175453944004,0.5218517452934961,0.06614710204903594,-0.18556645708704,0.6367478489713582,0.16217842577592226,0.55188701560128,0.1861043286349246,0.8558885004008677,0.5031770725552723,0.802363531167139,0.03241808412067706,0.3536304627452005,0.6675578945351194,,0.6087331161719546,0.65220980471238,0.31880157188127745,-0.2750517684469848,0.6452543033181767,0.7833418462188017,0.07414142092235668,0.8096013988177734,0.8700797557296062,0.8641439926514458,0.8597481165257281,0.6776141096350853,0.6965304854641783,0.5483538134435285,0.852409355998279,0.645576531466283,0.5716605201264298,0.4241886726895091,0.7185094547703448,0.7130927168271317,0.7117843472642803,0.1418088630345613,-0.3133129681134976,-0.27974915875577533,0.7736565435792627,0.6037300187546102,0.6067329913268577,0.17993144570043917,0.38769048681379487,0.8581214707077138,0.6614719084542966,0.7018919295557531,0.8756612017328216,0.17309372004026155,0.6575644578725155,0.40562460336779116,0.8023785271593318,-0.16111618423015014,0.0669859266920002,0.7906040278301478,0.6758351117958223,0.7729990136771634,0.5334989227959479,0.5246847669638083
USDCUSDT,-0.49370356751563876,-0.20655894479213957,-0.6395161175529412,-0.17975146094950953,-0.02189786649544411,0.04507177243341103,1.0,-0.38203476840972866,-0.2052883624340059,0.022832741424758662,-0.10646049381314343,-0.46677149356018377,-0.583485003999429,-0.185852395052032,-0.5237945839289967,-0.1662288869797268,-0.2009409305060981,-0.0021125770068383706,-0.05408936280412735,-0.2598912067738041,-0.4630593809844522,0.44965746692936137,-0.12056656038542281,-0.4380870216380704,-0.21798584551796812,-0.21119858276206976,-0.4355534374403151,-0.6982051883588444,-0.46164100621411636,-0.11717481124470211,-0.5875849900781672,0.11358748676190415,0.07526505223154252,0.14449224637141125,-0.03934708754895073,-0.42291674264453044,-0.5500198421742407,-0.46343038433073347,-0.09570497509578893,-0.39686852830157043,-0.2123026294790084,-0.24985751726844535,0.15605029205543972,-0.3853861690451517,-0.12094520009012616,-0.44286678718651673,0.19299802553251935,-0.38405884607137464,-0.11194317384155796,-0.4883890960619923,0.044778812900216514,-0.10968975761132199,,-0.05860695691393523,-0.10162131371256078,-0.38101834858686984,-0.4859921174470708,-0.3296977500514896,0.05549493143470235,0.37984288668517435,0.11439604154498684,0.06615872166850564,0.12095729707908824,-0.0847243827255374,0.27222250483315824,0.23184932037295555,0.13811039805313757,-0.016970180209469686,-0.19612693539460363,-0.01675278156153481,-0.5134840218480822,0.3730917157916591,0.13567157986543774,0.08264536705808764,0.40312413881237,-0.5639997094932024,-0.6735555525969021,-0.19711385700721396,-0.4662582399801632,0.22180036184319835,-0.7600944977843528,-0.10945238997845103,0.09481704806448045,-0.06562882566499009,-0.024885161947302562,0.08129035949424748,0.28389457297661846,0.19992379440407684,0.4808515207430826,-0.1632970443544741,0.3714051658251551,-0.134693748584692,-0.3511776064887466,-0.03550438543557124,-0.22114871573497405,-0.6142618051760227,-0.028923830186699227
TRXUSDT,0.73493173890338,0.6308915531552328,-0.17022749363427564,0.4629097128846306,0.6219439075538878,0.461968623578868,-0.38203476840972866,1.0,0.7184010834899813,0.5981578459265853,0.7510105404402908,0.2605720208367577,0.6882505706348183,0.6220209436100483,0.722847683821985,-0.44476530139636977,0.6363960467123065,0.5497873191125526,0.6762437468059554,0.09974596830954514,-0.003442741389753526,-0.20985832176530428,0.5296174367712543,0.49566581824141315,0.6318085273859371,0.6223109810890511,0.2875148191073934,0.032448009296523736,0.7223887666312531,0.8116552262065088,0.526583969874404,0.5149404116467222,0.5497806425665818,0.44036192969263627,-0.3469741866989603,-0.2339615121596997,-0.31604020902638175,0.6489106024314316,0.609345068565895,0.8016563586497621,-0.09260521366776599,-0.010156272484244345,0.7242093290970095,0.07409049610063813,0.6894894657385269,0.6947029414423581,0.42905911170103955,0.641071821998481,0.5077583768995538,-0.013711279122857847,0.38078989834645194,0.8354200041549193,,0.6003149073036124,0.745838253403505,0.5315139896205541,-0.22600578513662856,0.49489466973397295,0.24515882598541766,0.01056941922121819,0.42391387729807034,0.44884018416742755,0.5785831043535542,0.535803729437873,-0.03136065213209181,0.5150891726006093,0.7415419640553975,0.6931053645471557,0.822961799404456,0.22519064133055586,0.5282505944405681,0.47470686378880705,0.6855546719388788,0.24551639550065119,-0.47708539164738195,-0.02805927006275382,-0.14888961624543182,0.6171887009719795,0.7337067330550207,0.6621808487823342,0.3023182125614101,0.21857006960055755,0.6239840033800456,0.682845063304414,0.645089916996295,0.45873529925614853,-0.1735567161294113,0.7093095594574854,0.3960954264079493,0.6958789988825891,-0.4819151530603724,0.28395143775219533,0.5332724095640946,0.5657983373823874,0.6339666240516587,0.7264006314781194,0.6320336297714677
STETHUSDT,0.7712584029135776,0.9414128701972814,0.08544303177741507,0.8803672603125542,0.7089602326451323,0.7741204541592327,-0.2052883624340059,0.7184010834899813,1.0,0.774013967002202,0.8629387197088084,0.3462907122119544,0.841976046559501,0.9364786915695921,0.7659519306366048,-0.11711875493052727,0.9377688782351739,0.5101172373378046,0.7755241935652102,0.14657143675953227,0.3471368441101967,0.46193490619024835,0.04460393311676432,0.6218942899489068,0.939065841759245,0.9348555387763451,0.39267209996668384,0.03592817754181874,0.7685129870818707,0.8592225165400665,0.4586897731307622,0.7608885167069112,0.8640941784077703,0.708616368492527,-0.42250025868731284,0.06072612715714428,-0.04044108701814106,0.7992173851575858,0.818450380319715,0.7815344772945917,0.32491005994136873,-0.14250455031573822,0.7168534838813444,0.03826699418697045,0.6200537747529098,0.5239796976883228,0.7311250747270688,0.41408589981704147,0.8451654183428374,0.11113237817702945,0.43026128446492135,0.8370941361721126,,0.7004435517578353,0.676846539560042,0.6344224560950757,-0.005815827814723075,0.8954142974219041,0.6858342694946726,-0.08423714159250963,0.7584276367216021,0.7682266367515431,0.8850402275632887,0.8256394222523519,0.6210317591114514,0.7921880167626432,0.4854687105689706,0.814322401318939,0.8362309183895981,0.5295793517433753,0.5896084938743504,0.5911555107593907,0.7289163584389741,0.7167623095582975,0.14008167291731197,-0.098768990394284,-0.06541205079586504,0.9377786207522704,0.5837465731921799,0.6436290828661704,0.18757095929154216,0.34952442878401735,0.9038158060392734,0.6960932020865421,0.7378011110550519,0.7777862954707022,0.162621609659037,0.5791976655989899,0.19890346662413463,0.9381918568310307,-0.5715477228126322,0.18646644068022147,0.6727921746089218,0.4808382626327307,0.9441991220201889,0.7968053718296296,0.38191818529357274
DOGEUSDT,0.6631621882502802,0.7727811425704076,-0.34327935791546943,0.8198493592603197,0.7838364458160176,0.8650283810051488,0.022832741424758662,0.5981578459265853,0.774013967002202,1.0,0.8296586645393661,-0.07128386618345496,0.5178545543676879,0.7835680083779211,0.639125653765921,-0.5648265185895326,0.7765310273400087,0.7017343267771967,0.9227897719093919,-0.017160489935510965,-0.2136097453618111,0.39472344206848875,0.4730185057866351,0.7163383713274332,0.7622666335427343,0.7618223332904498,0.3417417667071009,-0.3718300294166621,0.6675723250689736,0.8690134735891311,0.6122743876137028,0.8050735066468394,0.8644662471901544,0.8026200260151561,-0.26260744240875245,-0.28894585594343253,-0.30889485176792597,0.826813932006992,0.5179231066652863,0.5149402105522958,-0.19185133687507658,-0.2024942211646524,0.724057089064609,0.013305056925907251,0.7842553612232892,0.16919710869455057,0.7979272301638942,0.6861297351505478,0.8449982568957373,-0.19355054627786958,0.5828231185587357,0.7839552617601173,,0.7724976946145468,0.717665580352876,0.23877105552424804,-0.47408404842340096,0.5505998789563115,0.6793335530218944,0.24617997606108605,0.8082043057790517,0.8677343975053429,0.8967468294591557,0.8665687638301136,0.4886296737361638,0.651317394656591,0.7368649755538922,0.9503277879351403,0.7387293023289143,0.546538742446098,0.3855528316995808,0.8652346530616839,0.8681980156640267,0.5908319717607464,-0.03592453955135588,-0.4207735340726432,-0.3953387917983155,0.768563867335591,0.7784704971779236,0.7534836792209479,0.10864553430424398,0.506138520112433,0.8794780111260591,0.7981164454734524,0.8106754397574168,0.8783546045202788,-0.0734406296703991,0.7960602635328065,0.5789532065367666,0.8269226171519903,-0.2774136638935188,0.15295552400060292,0.7987236056141416,0.6959155440120658,0.7702921680330986,0.5660905337982729,0.6390796439726281
ADAUSDT,0.7709961257902371,0.862319175101446,-0.1639349101460466,0.7961791897159466,0.7756862206719105,0.7696224817541042,-0.10646049381314343,0.7510105404402908,0.8629387197088084,0.8296586645393661,1.0,0.29376915364525547,0.7376793794903447,0.8646281602108822,0.7557003510105937,-0.3530974265839743,0.8641725800367174,0.6629213532141469,0.8403312237362063,0.11104691320986275,0.07090998477381982,0.30009034907540316,0.3323148067168235,0.6182763595691853,0.8566224433231293,0.8555211963117338,0.29264268756154865,-0.14427169208095555,0.7715998856511904,0.9307721658909155,0.5027762605918198,0.7528637342293848,0.8434531205707114,0.6610177495616293,-0.32383208338425007,-0.2719140976295725,-0.32665424533298465,0.7598627358055973,0.741302829116152,0.7938315159308488,0.10407649211869814,-0.07267915458108871,0.8583019985064279,0.0420794046084474,0.7163072293029771,0.5703677137953429,0.7879252867885854,0.5037552832767407,0.7880276531622028,0.011683785720850447,0.4705933003934755,0.9057043504374953,,0.7348012645472332,0.7535626534202329,0.5333985846668159,-0.22490162649171117,0.7240765608453357,0.6262231991641771,0.039932010678352385,0.6864841862390116,0.7662203337297777,0.8863870126107698,0.810745148808557,0.4608965445248325,0.7996398395871996,0.7423838690322088,0.8793834303004321,0.8914548491506967,0.4180506758965017,0.523008960256388,0.7168766437827141,0.852591951412053,0.6320523732601814,-0.05921492344677533,-0.2520482696820462,-0.2646542858662966,0.8580701549193528,0.6598024540445689,0.8195216356141529,0.1758496932091357,0.2414745026650627,0.9161319808313827,0.7771358319169972,0.8032719163793228,0.7783198100563694,0.12183449485886531,0.7712533218496797,0.47637992169732307,0.9157142410704279,-0.45705319692729396,0.14407241121658282,0.6921068115454498,0.6428305033131612,0.8631728866429594,0.7372910675493026,0.6107616237185397
FIGR_HELOCUSDT,0.43557846547454554,0.34201729962305305,0.6828079092146867,0.33464341268537984,0.09002328811240871,0.04168527123057317,-0.46677149356018377,0.2605720208367577,0.3462907122119544,-0.07128386618345496,0.29376915364525547,1.0,0.5914185025466658,0.3379306539698227,0.463500843267454,0.5680482367563107,0.33320156835658193,0.030084474809097542,-0.02618747699102675,0.38689442390258105,0.6788822381633972,0.019585099618700485,-0.2437160195576805,0.24080517279249916,0.3486184793558341,0.3588626101382823,0.1826050582808196,0.5088282831756564,0.4284624072337116,0.17504747996316855,0.22041856448155442,-0.09133133979307952,0.04363601127858828,-0.34309964020628064,0.23626184789973803,0.013438967537988598,0.2312842842843144,0.200718065445102,0.3284394636078428,0.5200255100586979,0.7402111302329168,0.5157591006321888,0.1856149543673602,0.28159351465283655,-0.058879506262322134,0.7093051576057668,0.21888066779384882,-0.3192650501573269,0.16734447950511208,0.6987012192128701,-0.11539081849545992,0.18205783493148744,,0.04402419072760929,-0.08511348452906739,0.4965572039452724,0.7076033528615367,0.5213336336035668,0.2258076162609297,-0.4846081370673529,-0.24673798680078612,0.03473356388770031,0.09431300511459204,0.15021951817294935,0.20204513211977285,0.24086010181070727,-0.0664470895419501,-0.02862507139793349,0.3065537753465677,-0.2060259764812553,0.3882105143444555,-0.2561129641212686,0.011618648260383857,0.3467944866960972,0.1426335155536742,0.2570127839647744,0.5057357419041265,0.3518923863175353,-0.0635979553143945,0.15017171321264922,0.48996260673560643,-0.5769851154183866,0.1707755817194114,0.011191163321670044,0.09168429320380082,0.026673408917988303,0.4944592331536832,-0.1967120319624159,-0.2915434744496233,0.33357125840911905,-0.35193154983062336,-0.29587805901661407,0.18116177660376748,-0.010486333314601517,0.3534514851088719,0.5421464325033724,-0.023839808782606907
WBTUSDT,0.8140068081858604,0.8444854267825309,0.3991369983695357,0.7377633965954401,0.531982145478087,0.5464965738637229,-0.583485003999429,0.6882505706348183,0.841976046559501,0.5178545543676879,0.7376793794903447,0.5914185025466658,1.0,0.8656665967714696,0.828247593874272,0.06120573385595921,0.8381019274862316,0.4081986303165683,0.5664517740725382,0.2881099346060542,0.5944141244127028,0.16767727364720433,-0.012625796188033108,0.588784529536331,0.8477865494322004,0.8439009048402755,0.3771535863352384,0.4338251791427293,0.7972923391263764,0.7194586715742026,0.4930448633648398,0.535708567318038,0.6540078186972319,0.45577859123854486,-0.33249757136545743,0.2380731007383471,0.17922973719551652,0.7417153769328516,0.769788002619574,0.8969381313256495,0.4975580041226628,0.012579450929028135,0.5421751352811655,0.24103621589517604,0.44071262056150506,0.7598321602669124,0.5001793416797318,0.38381062851814834,0.652170223549338,0.40524728948500094,0.19027018651773464,0.7291289505614126,,0.5012588928717058,0.6079135431155314,0.7980841668111657,0.3059975844336017,0.9113712064412528,0.503933558435665,-0.3393269474591405,0.5202212483762177,0.5307794833817552,0.6293586706221664,0.6481106216255247,0.39452540657816026,0.6072914589391182,0.29870536940608505,0.5980406462226561,0.7748062156595735,0.38950102504002004,0.736043452381561,0.2201233862795959,0.4701802025206782,0.5567075010388319,-0.051221134846938826,0.2555922050141575,0.26976401120363536,0.8384069252454572,0.5584924384299408,0.3993406013129177,0.4865196761804295,0.20015071162094777,0.6778943233430058,0.5328884227595517,0.5542083533340572,0.5319631087777054,0.14326952781064478,0.3613424664747704,-0.10500621212848432,0.820988273533608,-0.6144655979412716,0.20568186702085636,0.6135693579244366,0.3898936902716922,0.8547817665013693,0.9159650343562196,0.29228615087885207
WSTETHUSDT,0.7655367555257385,0.9384773576599911,0.07179048316294326,0.8859966958915626,0.713354993380386,0.7836555100159031,-0.185852395052032,0.6220209436100483,0.9364786915695921,0.7835680083779211,0.8646281602108822,0.3379306539698227,0.8656665967714696,1.0,0.7595805191625019,-0.12663653395224903,0.9349757802197781,0.519909123608031,0.7812369036692879,0.14311528627633344,0.329150247824442,0.47495019791979437,0.053002315803280096,0.6265030434805937,0.9355743940347441,0.9320499580584377,0.3868591201751189,0.015305879004044001,0.7636240439390174,0.8594162267703009,0.46104716360480885,0.7647253847818569,0.86900961754516,0.7111681951259387,-0.40828122588298693,0.04088850182740317,-0.05283040999880707,0.7984110860291209,0.8077863103129722,0.7696252465292411,0.3155284161665829,-0.1405297576247072,0.720300588524974,0.03851592433353196,0.6219181060007914,0.5085840056051202,0.7452352987311929,0.41230046764166706,0.849756187611905,0.10528247104133627,0.4346442144238653,0.8332631474080192,,0.7029019755842447,0.6730979033763117,0.6178710888411901,-0.01942620976266329,0.8868811914848883,0.6967409734597293,-0.07324032410411752,0.7612534225423553,0.7785186916818079,0.8914036125803393,0.8322938730713207,0.631262786254501,0.7946996064798684,0.4934362442037316,0.8203236411602374,0.831617439303356,0.529872357775425,0.5790925414032305,0.6053820203872633,0.7362437531507268,0.7241363773369361,0.1486331607617443,-0.11899784958740982,-0.08015307970168714,0.9353431429653397,0.5824098390922973,0.6524544738635871,0.18172064939080526,0.34573624465937974,0.9089880478298361,0.6985194559694334,0.7420471329942432,0.7880955875086192,0.16966365028623387,0.5855916743352585,0.215715705984733,0.9376590135327008,-0.555897497187542,0.1743831923277105,0.6796483764230171,0.489921727558155,0.9410336129106691,0.78550352948498,0.3899621221442531
WBTCUSDT,0.8236480080083001,0.7657254043897457,0.19501875590203238,0.7258692228332375,0.6109378377199934,0.5838287366395098,-0.5237945839289967,0.722847683821985,0.7659519306366048,0.639125653765921,0.7557003510105937,0.463500843267454,0.828247593874272,0.7595805191625019,1.0,-0.16029336299555982,0.7639980678739955,0.4888065606500222,0.6752599675490414,0.20666841610786435,0.27574687375585577,0.060540644715100234,0.29546757176184085,0.7031071168896772,0.766791810444075,0.7630036394365921,0.4712596407025623,0.18834291748562393,0.810570364777215,0.763399844232336,0.6847270433859076,0.5174185382575122,0.608754083414634,0.4257514393151036,-0.2035283558874949,-0.014375586268568566,0.027527907454505354,0.8180042211296361,0.5985821038312287,0.7604741883434121,0.1903207039004808,0.08344299496068663,0.5728516491598838,0.19627652162165593,0.617413510263077,0.60766677416942,0.5320282574614307,0.5397376860629471,0.684950198094103,0.23568833653050994,0.3772115468226756,0.729518593068401,,0.6101971107686529,0.5808892342461985,0.5553003294814193,0.06831616217814085,0.7153407015530522,0.48093288881889906,-0.13544370544786197,0.46309220390540495,0.5728753586349278,0.6350782026942202,0.6763622371155109,0.26107798395632026,0.4970847654988419,0.48951336599184997,0.6826323108027064,0.7624674545472233,0.3207464705089067,0.6192243610107598,0.3917247420592887,0.5993789650785715,0.47121882506229434,-0.18308771458796042,0.031202602118898127,0.12408414888608345,0.7594059089397653,0.7152065140652545,0.5368002358706765,0.48169174141282933,0.2274851592436596,0.6655667462632332,0.6238328169514961,0.6341261732943381,0.5749258637370673,-0.02825188385888108,0.47019091500126103,0.13963728747915835,0.7849193096753566,-0.5354987655397203,0.13676692060928786,0.707628616161568,0.4862166178797323,0.7727629167579041,0.8490197191749875,0.46005052422081893
BCHUSDT,-0.19012437026271523,-0.11454616669541975,0.7632029995064598,-0.11574209358686018,-0.41292028736681613,-0.38668540062662227,-0.1662288869797268,-0.44476530139636977,-0.11711875493052727,-0.5648265185895326,-0.3530974265839743,0.5680482367563107,0.06120573385595921,-0.12663653395224903,-0.16029336299555982,1.0,-0.1278523669978005,-0.6329508117854553,-0.5537498804400748,0.1764819374884065,0.7576097414775277,0.17750121520466292,-0.8159148033599847,-0.29339357088462964,-0.10121948265398363,-0.10229935139207445,0.11274468719822252,0.4854485630945297,-0.191371188493632,-0.45268354057076676,-0.3344221852877575,-0.42608333538445825,-0.3856113108694535,-0.5088321012148648,0.0881051166980389,0.5372601332769164,0.5885213053928464,-0.30779389618612363,0.012062650709578793,-0.1422996091353122,0.7413394655698328,0.2546541355578235,-0.42924193024635365,-0.052623225893949604,-0.5084280578824409,0.07484114094128314,-0.32556906071424613,-0.7606700687221436,-0.21702421021446225,0.43254554063950734,-0.260641847754555,-0.4109617955886266,,-0.3422252466171522,-0.6159531142858632,0.14680345465664435,0.8191873476722699,0.1770440604558392,-0.11750061127686935,-0.4156583359512261,-0.4359191662425166,-0.3888032244502879,-0.34590218063860684,-0.33787888397077287,0.16734625763903196,-0.1731489088244835,-0.7390103361344614,-0.5786053260617556,-0.32137692817338853,-0.25586436917776345,-0.05708517742029373,-0.6110308462197827,-0.5222979589473707,0.04134070871524822,0.5376610456720077,0.35496868988812447,0.6073946721985505,-0.10366265922367784,-0.6340535652963181,-0.4388883847696109,-0.010013735554854067,-0.4226481243150742,-0.32831406561566884,-0.5005482868722735,-0.42099482946068867,-0.3967369972957259,0.3821333829544171,-0.7670694276404773,-0.7139909530716148,-0.21954999404124087,-0.22445323618449875,-0.2389321960634134,-0.4207617366762257,-0.6734685789353256,-0.10985292618693815,-0.03692949136089908,-0.7111816527204269
WBETHUSDT,0.7702508781966273,0.9402965371308347,0.07014782729678255,0.8724003000631975,0.7128614684914184,0.771041076211544,-0.2009409305060981,0.6363960467123065,0.9377688782351739,0.7765310273400087,0.8641725800367174,0.33320156835658193,0.8381019274862316,0.9349757802197781,0.7639980678739955,-0.1278523669978005,1.0,0.506220706602854,0.7801016622810858,0.13773579608440084,0.3368159065714682,0.4527694410391372,0.05233958462617001,0.6154467717308609,0.938190006388642,0.9331433441653851,0.3973672353351991,0.026559950529795814,0.767477451673096,0.864623875415686,0.45522962424526736,0.7643522980450774,0.8632647969893329,0.7150716009499714,-0.4391389611223217,0.06043308098105827,-0.0496432796287009,0.7985660943675009,0.823549052351611,0.7812506665696183,0.30966543475521446,-0.1515505000944334,0.7227968012594738,0.023573047173363032,0.6313850175961861,0.5227537547171489,0.7237522366774113,0.42234511732573843,0.8440841384125572,0.09164059485867172,0.44196520761585983,0.8449903087515345,,0.7081570076755478,0.683575381615072,0.6327549096036099,-0.02033180922971591,0.8893885157146633,0.6753102618216871,-0.07330371472845439,0.7617481507824394,0.7649831220087636,0.8865842434970685,0.8221737457996536,0.6093717010512837,0.7924246435476789,0.49511933177057676,0.8182153904272625,0.8413001721676132,0.5301093441064287,0.5851710555372008,0.599402373920563,0.7368384010590786,0.7070107045745582,0.13062553500085228,-0.10322556136790308,-0.07641460901292361,0.9361254666371376,0.5889822122573511,0.6506202835583733,0.17387416109594875,0.360337633436729,0.9047310975107702,0.7027103238840822,0.742104343814637,0.7750922709166459,0.14733287924788543,0.5888964214336344,0.20824048856015331,0.9377684632353157,-0.580024183524395,0.19814622042882793,0.6650535798682055,0.47809513916519997,0.9427497352916998,0.7946659251229867,0.38464724564189934
HYPEUSDT,0.4919438989789811,0.5023919793718359,-0.3040364078604548,0.6038814908882327,0.5434434568126504,0.7018923751127907,-0.0021125770068383706,0.5497873191125526,0.5101172373378046,0.7017343267771967,0.6629213532141469,0.030084474809097542,0.4081986303165683,0.519909123608031,0.4888065606500222,-0.6329508117854553,0.506220706602854,1.0,0.6543219130120858,0.1707700317299971,-0.2536121736945027,0.21834820532629876,0.5436677852188626,0.5827021424492933,0.4821089928945902,0.5056045326256406,-0.2235534456449462,-0.14763120592187087,0.4929096176984074,0.6335241583266561,0.45653238828518267,0.5996534020257044,0.7317171250312886,0.5532739285991641,0.16933573687620346,-0.536822710617451,-0.43267018863901036,0.5167926960989541,0.2518047691832188,0.5595440490568954,-0.07958504778934572,-0.048893085736215855,0.6124587224950223,0.4806162930276342,0.3512117404991107,0.328072038658207,0.8044710178915775,0.5764547760184541,0.48702131694591166,0.20912315838293224,-0.00727801641522849,0.5537443068901914,,0.3293854355996235,0.7287034252707473,0.26996920840151295,-0.3591693005990882,0.36664676427522763,0.6217434898224995,-0.003650893916433415,0.5900809724467894,0.7045103198193887,0.6226159427352342,0.6868029002564903,0.3785166128096474,0.5601299227790294,0.6734232973591503,0.7297527706613817,0.5439601672169836,0.37845101599407666,0.42670411481039516,0.5442730960067846,0.5585886438638973,0.5004255301201628,-0.23752751708387146,-0.20919018605172682,-0.33711374465944616,0.504980786110108,0.6008075046661943,0.515244207836359,0.4260320719000162,0.12093598220215208,0.654557865891805,0.547409179393639,0.550494897616747,0.7029141661392861,0.2241934640256826,0.7404229414723631,0.5201631073626669,0.5920869731905054,0.22498451537679104,0.0021350953787787927,0.7871543524642366,0.9217654882396176,0.5088299812983744,0.40418024779432543,0.7736953787298466
LINKUSDT,0.7000090282819557,0.7756110798918091,-0.333700358924715,0.7636594940126965,0.7849223971372026,0.8011511562988258,-0.05408936280412735,0.6762437468059554,0.7755241935652102,0.9227897719093919,0.8403312237362063,-0.02618747699102675,0.5664517740725382,0.7812369036692879,0.6752599675490414,-0.5537498804400748,0.7801016622810858,0.6543219130120858,1.0,-0.01842717423291119,-0.17925403377935556,0.2767532265678035,0.49247315479794646,0.6804709259246015,0.768499553339799,0.7630363721632472,0.3866567040632342,-0.32132497960783096,0.7011378687100499,0.8957083192184996,0.6083497951270508,0.7769417960996977,0.8210836082756192,0.7671542644393984,-0.34349601096388055,-0.2595130474731484,-0.3164929097592098,0.8244890626979287,0.5755729820388891,0.5802561939677051,-0.19949549987274554,-0.19068176550928168,0.7518831995459483,-0.03163400301483379,0.8244232217883528,0.269594196409772,0.7215103045070199,0.7038476898483633,0.8135486869198921,-0.216208487518687,0.611028943661444,0.8358744460488547,,0.7928621062429041,0.7422750380046946,0.3021918196796992,-0.4551959058006681,0.5562179446441594,0.5883367325933497,0.23260273452473848,0.761672078663129,0.800328579884151,0.8674565058755341,0.8188809427932587,0.38147112470406064,0.6415966893541231,0.76502687262965,0.932106247908691,0.7901713329225731,0.5009096885730967,0.4121476529896008,0.8312991062176521,0.8772669442583511,0.5219484501796834,-0.12370157112751572,-0.3662928970069714,-0.36718042425560976,0.768065181479006,0.7994378858759419,0.7734751316707835,0.10564034013640583,0.49797861399567694,0.8585916029311567,0.8134802533074816,0.8135849600548338,0.8127252949231654,-0.13809006801153417,0.8057263206951198,0.563807142278606,0.8304784630587116,-0.3784882688145903,0.21169246079686788,0.7432628493618418,0.6547052335349828,0.7731083159302896,0.6187813842931604,0.6371010947356756
USDSUSDT,0.18411462868317052,0.1429373292469819,0.34683280621982115,0.19211681000380423,0.0030501436766363645,0.08451742084849255,-0.2598912067738041,0.09974596830954514,0.14657143675953227,-0.017160489935510965,0.11104691320986275,0.38689442390258105,0.2881099346060542,0.14311528627633344,0.20666841610786435,0.1764819374884065,0.13773579608440084,0.1707700317299971,-0.01842717423291119,1.0,0.3095603150801942,0.05260705884833213,-0.09556458508914274,0.17322850794660333,0.14025515633050326,0.15449179453445647,-0.08997377858802676,0.3422434355292682,0.17771885851717045,0.03660822593470574,0.12081889397194202,-0.0003128353682181192,0.09182675172329197,-0.08420148858434026,0.22427205974543737,0.028644066905778885,0.15803861168477482,0.09809279699892579,0.07248148197226673,0.26179980403662767,0.368707248750349,0.1916115538759802,0.018855047145976297,0.3554076690990296,-0.15464891826227575,0.2985680475352661,0.16388942900809889,-0.05546795232321633,0.053818659849132984,0.4741463457126901,-0.26180583967958987,0.019922697913558038,,-0.0988040860439449,0.04853638527260552,0.25361056099053736,0.3402188513729799,0.2546970449258032,0.19621297862736148,-0.30850517479353984,-0.02130992545210126,0.0806536070250061,0.026757209028106094,0.12060135904778815,0.16205097097780555,0.10158344765525862,-0.08575291579771914,0.004773766456877132,0.0839329940862876,0.015581756039892938,0.269956059723283,-0.18398206273995996,-0.08980596198005053,0.20493212707185227,0.027700548942394914,0.2300548277753184,0.26281718305075774,0.14914047066685193,0.013412035929268455,-0.06998256489756984,0.394988548276963,-0.2191639473703491,0.06387888406079312,-0.030737248531961033,-0.0023655565894207154,0.07049386556551245,0.2936751562952708,-0.07880928960038093,-0.19703982880655646,0.13415132180181566,0.043080598474062336,-0.1322308513301812,0.21040103775483238,0.15270887228929123,0.1524107707079038,0.23832373607146334,0.053476455642432204
