,BTCUSDT,ETHUSDT,USDTUSDT,XRPUSDT,BNBUSDT,USDCUSDT,SOLUSDT,TRXUSDT,STETHUSDT,DOGEUSDT,ADAUSDT,FIGR_HELOCUSDT,WBTUSDT,WSTETHUSDT,BCHUSDT,WBTCUSDT,WBETHUSDT,ZECUSDT,USDSUSDT,BSC-USDUSDT,LINKUSDT,LEOUSDT,HYPEUSDT,XLMUSDT,WETHUSDT,USDEUSDT,WEETHUSDT,XMRUSDT,CBBTCUSDT,LTCUSDT,HBARUSDT,AVAXUSDT,SUIUSDT,SHIBUSDT,DAIUSDT,SUSDEUSDT,WLFIUSDT,CROUSDT,USDT0USDT,UNIUSDT,SUSDSUSDT,DOTUSDT,TONUSDT,PYUSDUSDT,MUSDT,MNTUSDT,TAOUSDT,CCUSDT,USD1USDT,C1USDUSDT,AAVEUSDT,BGBUSDT,NEARUSDT,BUIDLUSDT,ASTERUSDT,ICPUSDT,OKBUSDT,USDFUSDT,XAUTUSDT,ETCUSDT,PIUSDT,JITOSOLUSDT,JLPUSDT,ENAUSDT,PEPEUSDT,APTUSDT,HTXUSDT,ONDOUSDT,PUMPUSDT,KCSUSDT,WLDUSDT,POLUSDT,PAXGUSDT,HASHUSDT,USDTBUSDT,BFUSDUSDT,SYRUPUSDCUSDT,TRUMPUSDT,ALGOUSDT,RETHUSDT,ATOMUSDT,USYCUSDT,FILUSDT,WBNBUSDT,GTUSDT,RLUSDUSDT,USDGUSDT,BNSOLUSDT,ARBUSDT,QNTUSDT,VETUSDT,KASUSDT,FLRUSDT,FBTCUSDT,LBTCUSDT,RSETHUSDT,SKYUSDT
BTCUSDT,1.0,0.8412785673487372,0.27895632937888737,0.665385877592945,0.7075289255086166,-0.11486498960055125,0.5402375654797665,0.7798251062071171,0.8376396091458098,0.6000740758244276,0.8365869650950909,0.3835105305224402,0.37301401069651635,0.8316868706129332,-0.0221142669109708,0.8013017900732938,0.8415769617292557,0.29388803649843404,-0.28007525567349845,0.4557577354077876,0.6848064369604802,0.14011279177108965,0.3104210388151575,0.5419748479464468,0.839654999539612,0.2104448133783363,0.8347911239293762,0.40624397298839054,0.8150180073329101,0.7852184210415705,0.4024200760866545,0.7493163085020142,0.7706776216678567,0.7007829235391567,-0.3542645503749213,0.16639428422803648,0.18833231419452587,0.5859309916601787,0.08700707362917677,0.6406482195442852,-0.0029532132372655714,0.7678642178760121,0.8566246277708336,-0.0481731545427547,0.6138088448195433,0.6546946696615681,0.5301910686741313,0.44774089875177503,0.15530879157714064,0.12201242570942339,0.6800108369231498,0.4711705358975094,0.7019760430827545,,0.5869230603826339,0.08014584742433685,0.669312481496879,0.1255696333394517,0.42860836928657103,0.7739450222039512,-0.1626557245973369,0.5296440521710115,0.6194325248534059,0.6972973119910144,0.7648439563602856,0.5741518085705322,0.839022368627357,0.7138946801009393,0.6483276836608803,0.7117081645249593,0.48993159701752564,0.6909840767671632,0.4638759349685323,0.45771640424785226,-0.09584599735770143,0.2630915929320626,-0.4336834124858656,0.6607882128639097,0.6920611178624543,0.8248751371602915,0.3235563414426676,-0.6470100515109362,0.38490386207335114,0.7043974027902284,0.7481118448097877,-0.08687733328867263,-0.12628287313682485,0.5303713098094165,0.7786731824920565,0.5620137641267313,0.845360322096271,0.6266824630577359,0.4097178348103751,0.8012213522624032,0.78693191728898,0.823616820380988,0.508815601078099
ETHUSDT,0.8412785673487372,1.0,0.4436760341404425,0.7770728301125447,0.8613519493945571,0.08618476827307865,0.721802430964797,0.7750064742606743,0.9620071288104975,0.770226935322118,0.8869565909160264,0.3600695252973291,0.610338320580733,0.9624390835394565,0.1722984557342831,0.8236737288125187,0.9616005675635625,0.23394779662730378,-0.4099136860570185,0.5621740507365265,0.7901018404331095,0.43090092940333374,0.25755538664147565,0.6619708551109497,0.9597408582479292,0.18686831327601333,0.9559025725311436,0.5221894121666523,0.848671954599994,0.8999003306660444,0.4792985882986661,0.7665621105537284,0.8407842821220102,0.8285874142304581,-0.2421568811647668,0.33509899661299264,0.2530105342958072,0.7554862412079405,0.12858560871939229,0.6931132491459735,0.17720198614226593,0.8398685385122063,0.9226052309165299,-0.08114006808138291,0.4939797184609165,0.6425930798184518,0.6172801206135983,0.45752765201251483,0.22432093315658927,-0.015517578423270428,0.8352347106656518,0.551894837325712,0.6625274219177673,,0.7394723912046528,0.018697792987482812,0.7616695855557697,0.2301723407697692,0.4994982000775785,0.8729512683520687,-0.18929629699352696,0.7085246590118606,0.778046108383971,0.8266687661691853,0.8513009377193266,0.6676363352782716,0.898328438432873,0.7830195782134676,0.6822755149575311,0.8024816091540274,0.6337596518318884,0.8118621541409419,0.4700531265574934,0.36152643563683146,-0.11787971450665974,0.4355453991208285,-0.22714864667434903,0.8170663261339333,0.7706149782581367,0.9463680516253027,0.3969205313789693,-0.737794544638645,0.41699138166118066,0.8555262923135426,0.8302447399864343,-0.10514356756950825,-0.3819803505166299,0.7114879211279177,0.896806923241045,0.6950350621827865,0.938101673372583,0.6735705424538747,0.3993366347668404,0.7926086383313522,0.8030036996533809,0.9446142426711532,0.6187405967295173
USDTUSDT,0.27895632937888737,0.4436760341404425,1.0,0.3650203462608191,0.27201815556097625,0.1472765659359972,0.4725726431388884,-0.014817557962308124,0.43855581823138834,0.31438802049217834,0.16190210505863492,0.4812939441557343,0.6634204882924015,0.44306300769902385,0.8374467048078216,0.3022775709577627,0.4141542136941886,-0.3032351761412192,-0.46874544225527925,0.9483372371674657,0.12250953632712493,0.648508554801004,-0.3965513901470724,0.37296984951807194,0.4399122108739931,0.6442416922082562,0.4479586710849837,0.246407383519845,0.2840600984000344,0.3185673501894938,0.13041641412344923,0.14618426144260607,0.14207979999984252,0.25848221731269383,0.2575449956683449,0.908658772036207,0.8301783042307977,0.5065403176785914,0.6993302041339654,0.14682773816584482,0.9211062684695382,0.10494074411827663,0.39721950302423703,0.18699744251121625,0.057234808856262906,-0.0975924475018651,0.07870175681414485,-0.30958828039426356,0.731302014731381,0.30802663726817653,0.33189390185349604,-0.05962926393178258,-0.24001366405639768,,0.7044466763438226,-0.578417034637674,-0.00456949424226839,0.8522323659023096,0.45423014036443754,0.7094830099391447,-0.551786034302679,0.46781560521332183,0.45705262509884476,0.3151893676313519,0.06667118675634127,-0.11255454362518982,0.14572379253145118,0.11034090945562995,0.3506121686810739,0.5929535274345782,-0.0029770319938408666,0.17714242667549085,0.3820297812732518,-0.36346717577410403,0.3218090260699113,0.9749322138339019,0.23222291503923567,0.1439717144583978,0.2197541495334942,0.4462203886004816,-0.2929167769670175,-0.371752283124707,-0.40774805909534656,0.2648053544484001,0.037642220510947524,-0.06183678158596485,-0.22214245176450292,0.4480847033268929,0.24106075520385978,0.24918774845133101,0.3683740268937896,0.14841494557671348,0.040541974227031895,0.3369824626196461,0.3138353000122786,0.4511580307269509,0.041699316814406404
XRPUSDT,0.665385877592945,0.7770728301125447,0.3650203462608191,1.0,0.7525161256273072,0.198926199588785,0.5901406454070321,0.6699834391935694,0.7758515239481826,0.6547045820339528,0.7199692898450749,0.1812535814459957,0.435105326477789,0.7800636805416574,0.1715671106654936,0.650641273972449,0.7706684640946438,0.15740662199083108,-0.3243832302737337,0.4428383955455057,0.6389081585844357,0.3593232820496358,0.2243512196414234,0.5634444027211734,0.7699963316498888,0.11383447893410636,0.7718026815989131,0.4872249222072103,0.6755264536933097,0.7274294600540173,0.39210105813007534,0.6600029822553876,0.7018133953835404,0.7119955966410407,-0.06141668266864186,0.23497201169839946,0.1717044563237239,0.599335180053615,0.0767893181810922,0.5621343845879895,0.17686763980869594,0.6848918723430235,0.7390779041308131,-0.019580622275771918,0.2871324314907045,0.4919685233337609,0.48628620741450407,0.46041204941812564,0.21543323658609898,-0.10448151459614276,0.650981592164686,0.5211962063567377,0.4482154437144928,,0.5278867697386374,0.03171377883713033,0.6392747050471532,0.23769151155703205,0.337929190031418,0.7142970757696696,-0.25177247024366944,0.5801555677663071,0.6350871239376507,0.6699074415213233,0.6831731341987026,0.5318272788555097,0.7664356481780937,0.6538122137496987,0.5056916859112932,0.6452438944117993,0.5359565683564952,0.6836228051127984,0.28402744933349083,0.17316429061177113,-0.14315283941856943,0.37744138651833836,-0.1639414468779306,0.7084684271833712,0.6408679459949034,0.7651795855981048,0.36717450882052677,-0.5162809699918548,0.4261084658023196,0.7434516720838968,0.7178490438553982,-0.12669177338421703,-0.29439719749217796,0.5815727842640962,0.7313505711286401,0.6114046273801117,0.7690699866238504,0.5517762564718044,0.3560102134148557,0.5994277586971395,0.6300946000642699,0.7623244721389116,0.5325587364303397
BNBUSDT,0.7075289255086166,0.8613519493945571,0.27201815556097625,0.7525161256273072,1.0,0.43102284209142977,0.7795478787835298,0.7331236086280492,0.8613615585952159,0.872034406301954,0.865521738127554,-0.056653583812830796,0.5349290497601271,0.8749737447085545,0.04400965528702274,0.6769966639192688,0.8576123760309441,0.34057214273134556,-0.504390309151857,0.35070034429546254,0.8463343266570603,0.4975233829040507,0.3611241955197002,0.6670410576468857,0.8489763889245873,-0.11975523040815986,0.8512279538819968,0.5006745420994928,0.7268221835626983,0.9014982452097807,0.4665417290729574,0.8221201035928332,0.8668742659144925,0.916992287286722,-0.045994377619109725,0.1822826466937399,-0.03156259655771121,0.7247304509846237,-0.1881472468185675,0.5378191163467814,0.06926693000438783,0.8878560369523051,0.7741746436578232,-0.12872259252908358,0.18400412592372392,0.6585942990661094,0.6489997743037524,0.6222484743444133,0.0743615546945092,-0.3969110821007098,0.8106494488295315,0.6746696230480016,0.5509813060124545,,0.548691658440805,0.013712973206727838,0.8066047259095805,0.04108944962405558,0.46678481839080443,0.7093063576566982,-0.054848535036888406,0.771464426858572,0.8016416980364028,0.8627232414359369,0.8815039486535918,0.7953250396383599,0.8647845035464796,0.8486236924100957,0.6380985693579279,0.6143658463480492,0.822055713570809,0.9116815786486727,0.3623711698853511,0.13550013729712918,-0.41744365543513795,0.2807412792516601,-0.19212228005996185,0.9511315191443142,0.7877366541790672,0.8487073118667467,0.6817908922646997,-0.508603643810801,0.5867666508405645,0.93417364895784,0.9021296717563089,-0.26336599250697046,-0.4329464099537589,0.7765379814513638,0.9189360341512252,0.762118794714835,0.8841960914641515,0.6377245181204034,0.4146453967756913,0.5677109420177617,0.6328811381321996,0.842107353333109,0.7601963801506091
USDCUSDT,-0.11486498960055125,0.08618476827307865,0.1472765659359972,0.198926199588785,0.43102284209142977,1.0,0.47282574404129374,-0.0691329514049428,0.08897026176863315,0.49725242785176366,0.09940889676154735,-0.6977270242695934,0.30041444432614306,0.12308310833569787,0.17897554657617587,-0.13819973376341607,0.07035053371761404,0.09697622446923082,-0.5056170491486722,0.01307438413556273,0.2876261478220075,0.6163025066709872,0.04271900416614694,0.2689778236944982,0.06544930113557053,-0.4191857719730755,0.08107922648598401,0.14501488272742738,-0.08273527373953225,0.25625404423877335,0.10189428485167187,0.22530401049733445,0.20082530377009414,0.41796879310266566,0.5584705734930888,0.162144904771528,-0.23228177395033295,0.2909232087233883,-0.3828195311808546,-0.21355494446543283,0.24462563745497284,0.24027039950852386,-0.07257773997933334,-0.07409170149578508,-0.6867998392403619,0.0352750269716837,0.19658637559952313,0.24871811072361066,0.004290751035956109,-0.7898546374284036,0.23491349460637218,0.31822501737184994,-0.3071858898176538,,0.015195233274381187,-0.2845918502564761,0.1991851028566498,-0.011965585518444526,0.1978046659640389,0.0320525521770509,0.07773995963136675,0.47974200841321074,0.379849349931799,0.33542342381490764,0.2004786008415508,0.33779569331918546,0.06348079560533063,0.273536196751411,0.11245081634564981,-0.07662196990747956,0.5406959893408395,0.41039260312785963,-0.03271910378158616,-0.654628706112778,-0.5453037570805264,0.17559133770784813,0.28971155073182575,0.49091649733616194,0.21619987600261506,0.09543574937364785,0.5719533227110102,0.23604876716150536,0.23506849844415523,0.414342003662945,0.2641395584807431,-0.38351018786734814,-0.3950288534193353,0.47857470486908044,0.2713551168460188,0.36491230500021016,0.13877640760424406,0.04744855080531331,0.05730182019475299,-0.31269721908582376,-0.1901594675816242,0.08654657338218513,0.4255058473622396
SOLUSDT,0.5402375654797665,0.721802430964797,0.4725726431388884,0.5901406454070321,0.7795478787835298,0.47282574404129374,1.0,0.39756648691567636,0.7210366543177344,0.8399388781550882,0.7087499481376067,-0.02658347658972799,0.7768208038694053,0.739974467856491,0.14515617111268064,0.5188662285120755,0.712651957060013,0.36506586543600783,-0.7424534051866909,0.5188018109645083,0.7490588374791136,0.715582880360519,0.27031508528958054,0.6104226589061427,0.706621659397689,0.003068004357454853,0.7126198320904776,0.17110620032682147,0.5598665434321789,0.8378834061189413,0.3532769880481375,0.6840329152724134,0.7295845805195221,0.820943145847586,0.0407180054744176,0.47105913349096895,0.07488523245257113,0.7611599195594987,-0.0954352321325772,0.2977864838777837,0.3053962429338771,0.783903987936822,0.5965642263984975,-0.056969633792875465,0.14351329762773038,0.497414491496153,0.6051644219789098,0.3268933041871201,0.22947652713998357,-0.3232091603458527,0.7493046239428615,0.3173545005439824,0.37427124354927166,,0.7359892348657913,-0.33155786594057507,0.5120703740429728,0.08814973790053095,0.758822111317173,0.6689724102260554,0.05297224422723168,0.8780814971718102,0.8464021525301623,0.8590065060214304,0.7247319822859946,0.7320900475119612,0.5691613101029522,0.7270339993898174,0.7718944853779752,0.5734788276616247,0.7495168507151203,0.8041690970293975,0.6304338417220113,-0.08161537018928709,-0.37296496982635663,0.43472217190309925,-0.15108494109171047,0.7967219250012735,0.679206201604978,0.7147887907215933,0.6070974032794154,-0.45404067892290445,0.2163126400004663,0.7684615675356611,0.6403583208272166,-0.28801760655908953,-0.43860419924727295,0.8734399913919052,0.8165798419921028,0.5743980846250825,0.7491732487493383,0.4901254700578418,0.2960025015072815,0.4263030487511284,0.47997241040884836,0.7115551691657976,0.7344923823557579
TRXUSDT,0.7798251062071171,0.7750064742606743,-0.014817557962308124,0.6699834391935694,0.7331236086280492,-0.0691329514049428,0.39756648691567636,1.0,0.7765045095587181,0.5479852895833108,0.8399235673498232,0.23087246483687598,0.12923440315224224,0.7696086321433898,-0.2218138213837144,0.7639719726779908,0.7821191104593385,0.2973916273619638,0.03667265812893901,0.1389822574804605,0.6601090911973967,-0.04193548235916666,0.59157998137262,0.5034337704046544,0.7694415063152392,0.0558529653292387,0.7723476669704095,0.4265066809870914,0.7802083979629448,0.7069830652557407,0.42260501740992573,0.7396884467538228,0.8336739501325168,0.6946204554834803,-0.21337190673313738,-0.2105092959413658,-0.14070275736178872,0.4294820543384043,-0.04005522177150305,0.8260448911833316,-0.21074715696085078,0.7707120218026023,0.7884761577622225,0.1110386052716135,0.5846581490448336,0.5794957025116363,0.5465660429218129,0.7900679183850398,0.0862214964915076,0.008907122549512753,0.5541322512131654,0.528634010977076,0.7328659074068868,,0.3526690185695163,0.4811938547184219,0.710989474349419,-0.0070455544523929,0.11783242290149129,0.6168556725070824,-0.2727362074513711,0.3834321298452381,0.49654654806954773,0.6229697597002968,0.7650248404454395,0.6279615908768729,0.9483940598649772,0.7189796730495555,0.42714144790892516,0.6739304870034888,0.4793135009738301,0.6513009060963226,0.1275714689314734,0.5376216455871407,-0.08151073914354012,0.02316123154260335,-0.4514859756398253,0.6917201095800768,0.680385566928295,0.7582446544165072,0.4250855160102786,-0.5391234539616231,0.7644602834095336,0.7256944979512189,0.8444236308422953,0.07602350977376993,-0.08275400683967457,0.3928468221300564,0.7496514724239639,0.5252616904843236,0.7929723869640923,0.6649186175935805,0.4954010752029388,0.7240725194186854,0.7610572131499822,0.7569359308883739,0.6104898392901528
STETHUSDT,0.8376396091458098,0.9620071288104975,0.43855581823138834,0.7758515239481826,0.8613615585952159,0.08897026176863315,0.7210366543177344,0.7765045095587181,1.0,0.7700230072362364,0.8847293748786748,0.3593898726815412,0.613563160195556,0.9611280775339499,0.17121150107824457,0.8199777400535578,0.9603644580275766,0.2314248887255366,-0.40104043662626876,0.5536434116563378,0.789342917239981,0.4353171308877328,0.2660912329025737,0.6609318841949964,0.9579977079822612,0.18311986962102206,0.9543724384377714,0.5191805609650816,0.8450046555428445,0.8975677525865073,0.4802577901869872,0.7602879477101243,0.8415971514372772,0.8274867376568105,-0.2363158351952077,0.32912222777946176,0.24362448561972064,0.7539518991801969,0.12890063823328546,0.7011048559205528,0.1766777039264996,0.838847343471957,0.9187987129417885,-0.07522529485027084,0.49326437901356984,0.6351490526680789,0.6197256041907129,0.46444189265411895,0.22481754331913148,-0.018973840620878802,0.83370421766642,0.5472715288647344,0.6632566069829923,,0.7399255832203095,0.03108373012369155,0.7600693891042565,0.22720377816404908,0.4927172999618833,0.867159412717739,-0.1905479317580364,0.7074726475937008,0.7765915549118075,0.8258095248330888,0.85057217863325,0.6712295179875851,0.8984928520223824,0.7807891734166325,0.6750461900476541,0.8034672715350056,0.6340677487523704,0.8092481687907365,0.46099936282723813,0.36495713999091806,-0.1124250352816243,0.43179967414243015,-0.2189110229139544,0.8178374246136929,0.7685948284175066,0.9445917674600177,0.39868885063870696,-0.739047754716976,0.42598516032265793,0.8554474759872952,0.8300093496164843,-0.09452395691994593,-0.390818010523683,0.7108656363051303,0.8961699012420219,0.6912778611099525,0.9349287597590733,0.6732927386390737,0.3983067743299091,0.7877310272949609,0.800129325948334,0.9429727700448034,0.6240285039548499
DOGEUSDT,0.6000740758244276,0.770226935322118,0.31438802049217834,0.6547045820339528,0.872034406301954,0.49725242785176366,0.8399388781550882,0.5479852895833108,0.7700230072362364,1.0,0.7879934755013257,-0.11992517024622269,0.644703214974535,0.7883522089445025,0.04166625904391253,0.5699466136701292,0.7651649743428908,0.3956947029470373,-0.6513986267022959,0.37652550834320686,0.8187962460481321,0.6090428805273745,0.3332074232704692,0.6301513829773157,0.7558057418799734,-0.13846933546805237,0.7591434792688858,0.3220888522965693,0.621378271737639,0.8749109602621905,0.40670993181198073,0.7633307087854101,0.8010307612010579,0.8822708403935179,-0.012014082062528596,0.2885196512336458,-0.044139712955072984,0.7376224672477434,-0.2284956010810306,0.37482945280501917,0.13124341127930203,0.8529756057836669,0.6571979203543188,-0.1389915041635076,0.11976835545815265,0.6081324127665582,0.6396458886228833,0.49113250380852547,0.08295121745393876,-0.4370556940654868,0.7873895531958374,0.5240609372792076,0.4736477252371193,,0.6063930860515729,-0.16260399307734405,0.6788458223684241,-0.011756911427647123,0.6219360320372151,0.6435193728706099,0.07731913080372353,0.8355093709249327,0.8266920247385615,0.8709382294584055,0.8220375486608783,0.8042425961055133,0.7042521291723399,0.8049333290690631,0.7106815990823777,0.5392149280302493,0.8350674102674411,0.883397491908121,0.49956772435406904,0.017022655416295822,-0.4718131134459869,0.29754110631643194,-0.17595464539677172,0.9007814664643866,0.7362237518038545,0.7604846773992365,0.7109616502353927,-0.4479649715731054,0.42320992994333806,0.8606743189102036,0.7851974255205921,-0.3156656436659886,-0.4529146742342379,0.8368761214064386,0.8767728153179002,0.6796063981049343,0.8048868375590218,0.5551906730312755,0.34890476305981644,0.45716459543981036,0.5219393846708463,0.7544096161996512,0.7704193895652869
ADAUSDT,0.8365869650950909,0.8869565909160264,0.16190210505863492,0.7199692898450749,0.865521738127554,0.09940889676154735,0.7087499481376067,0.8399235673498232,0.8847293748786748,0.7879934755013257,1.0,0.13820233567958531,0.44009578054391413,0.8879565512697027,-0.19770441057938098,0.8105301649996486,0.8894988165183264,0.5006987242526992,-0.43640221667185686,0.34532365722608005,0.8648701188218793,0.23801982860887433,0.5055112773599301,0.6245930367785664,0.8784638432221199,-0.002609842500556984,0.8769759145172487,0.3410709007120096,0.8453145519981268,0.93425325035542,0.4523711950022189,0.9077968785663343,0.933151993238957,0.8854477567666966,-0.3079584763663577,0.08102157685854394,-0.05596110452770678,0.6747064080260353,-0.17820212731915103,0.6122535805297491,-0.12039526535461319,0.9600203244666026,0.8568856216901259,-0.08843045636419541,0.5373955694797247,0.7882200282011482,0.6840394668053883,0.6302354801861549,0.045661778042828845,-0.14062260436093008,0.7875793258858791,0.5535044864894555,0.7898866674167895,,0.5933779005078408,0.07283133096354714,0.7775475589612703,-0.08613686240981837,0.5623847748937821,0.7454925532228011,0.013919901516913271,0.7007680737185917,0.7639355820965393,0.8736996530464577,0.9326778468836606,0.828661602134135,0.9132769281189327,0.8945069647554658,0.7842674884639761,0.6791694093980345,0.740317851592927,0.8864127387672387,0.5486310676165588,0.40464535011513525,-0.3526398203700587,0.14170005632258034,-0.5187572432207864,0.8660045874638714,0.8230268943108737,0.8710124882293667,0.6346620772010096,-0.6025694960999561,0.5451744753320518,0.8588669115148515,0.9027968120484138,-0.19882469288416074,-0.19847807954351684,0.7035509203200113,0.9403206570084642,0.6567748649005791,0.9337577785197638,0.7008235348001146,0.4812064967160589,0.7535072875025365,0.7772720420860886,0.8668522805708755,0.7485431086596886
FIGR_HELOCUSDT,0.3835105305224402,0.3600695252973291,0.4812939441557343,0.1812535814459957,-0.056653583812830796,-0.6977270242695934,-0.02658347658972799,0.23087246483687598,0.3593898726815412,-0.11992517024622269,0.13820233567958531,1.0,0.2965230854909897,0.33077181513309734,0.38803719229688344,0.4142959560039965,0.363226230078978,-0.29270281229280426,0.253952877319988,0.5374915916095018,-0.04971600234479069,-0.010870287557515698,-0.12472604937690639,0.0957757613828679,0.37571251603988887,0.7494572852373423,0.3677814605927566,0.11437071587495529,0.35820316815873554,0.09129402593593233,0.10562289036113484,-0.08141273142975541,0.06818289525781943,-0.08757601258540457,-0.3152143308460211,0.3789483651779152,0.6372707596845305,0.16776322294562565,0.8162289580587087,0.5546010329086782,0.36577606145121344,-0.021659839859145703,0.4335777679669691,0.238666381341192,0.7332468222268289,-0.08458658153440989,0.02109838780490044,-0.22498513384169525,0.48186809087127985,0.8493218196065786,0.13476015921204895,-0.26402214981182176,0.27302929128563724,,0.5562656775853402,0.12266585012131037,-0.041556515729780315,0.5411939057892972,0.05598948368810538,0.4816960967506681,-0.4696572075878452,-0.04350906082804423,0.05185681592773959,0.0212116933018722,0.010468379693514404,-0.20435848604048557,0.21374304860373605,-0.07438902167709317,0.10151297879652663,0.6000548365802667,-0.37005624275441457,-0.1539414351383564,0.1809865965817031,0.5140314328957555,0.7688966967621242,0.465934560904151,-0.00011729763589363102,-0.1882202784802298,0.049925326549904045,0.34770062668505697,-0.6121848603555242,-0.6189674930900139,-0.23340765094642701,-0.047633260523386685,-0.056228950906405464,0.4674856732468833,-0.011722280173497822,-0.0459282969522127,0.05864137666004572,-0.0883615669967586,0.22907717456916368,0.17500875153804052,0.02763478961942235,0.5711815693138798,0.4775142536240746,0.36044280145684326,-0.17887029433429466
WBTUSDT,0.37301401069651635,0.610338320580733,0.6634204882924015,0.435105326477789,0.5349290497601271,0.30041444432614306,0.7768208038694053,0.12923440315224224,0.613563160195556,0.644703214974535,0.44009578054391413,0.2965230854909897,1.0,0.625155089068826,0.4477400376459133,0.3661855326604217,0.6059939583961959,0.07928925652678258,-0.5928116305471893,0.6115604780781596,0.5185446237094955,0.8957364248894324,0.0571825963216694,0.48729068317824586,0.6034489776909833,0.2188567269123769,0.6054845162775966,0.08163698412797299,0.38379790020268295,0.6258693407030907,0.28591528848268355,0.28687983452874666,0.4704593892392473,0.5504424571138807,0.058643220728320844,0.7004819084377737,0.3069417992124279,0.7214572862747509,0.266216082461676,0.3298606004945261,0.5754470048976237,0.4976025964179556,0.4617139344026439,0.013356525108390029,0.17805208106132206,0.1685687478180953,0.4751856178519435,0.001073971846267295,0.38912399201448444,-0.07359958831886307,0.6571644350068196,0.00015198703665561406,0.23294505315180772,,0.9005904674567127,-0.32864156457355614,0.26340840652498937,0.2938354928670764,0.6807495635028952,0.5917421577963194,-0.019223413728421974,0.7670688792866418,0.7203496583550458,0.6697146639366317,0.47598182775827436,0.49768021677418256,0.32040315829422006,0.4212093553576127,0.5735959182795598,0.5994750189006172,0.48557763195486653,0.512190149878019,0.5542516365855358,-0.02716472210244403,0.02948703259656348,0.6217753611078697,0.22089456996675752,0.5295602733297874,0.44472548675890256,0.6017358296545987,0.2412278969488658,-0.5811381589187049,-0.05604233678351799,0.5298231194923125,0.3276324894848086,0.00022979888073880095,-0.6496911172329932,0.7655067545769312,0.5981569844289467,0.35318539016532835,0.5398291003552363,0.3248581160874734,0.08839106554485127,0.3311193146209991,0.3606198160139729,0.6055396380444803,0.5225734014541422
WSTETHUSDT,0.8316868706129332,0.9624390835394565,0.44306300769902385,0.7800636805416574,0.8749737447085545,0.12308310833569787,0.739974467856491,0.7696086321433898,0.9611280775339499,0.7883522089445025,0.8879565512697027,0.33077181513309734,0.625155089068826,1.0,0.15165342572080806,0.8131206036577279,0.9601650734915709,0.24028639742360702,-0.42557639867241975,0.554482831043079,0.800210242271619,0.457429494726591,0.2682010627169175,0.6695333376004813,0.9575976892098585,0.1665459385551333,0.9545410856316547,0.5177502505509815,0.8402676015493361,0.9073026280916832,0.48186248731832737,0.7699632673172967,0.8482456113316963,0.8426382980134074,-0.21772883900264506,0.3364369696555759,0.2335209835563868,0.7644418616255723,0.11070611389578026,0.686703793848027,0.183901109525627,0.8484855766859913,0.9134268389787262,-0.07936842862539889,0.46824957284680263,0.6385174417778429,0.6270788669224465,0.4702859801887744,0.22327336189759375,-0.048678843984909785,0.8415674543793001,0.5552584932818879,0.651944905696457,,0.7409141763496286,0.013974656412861695,0.7642642669997062,0.22230611680641454,0.5067708048677338,0.8666526015073036,-0.1814695274397505,0.7268731867673381,0.7913761750757998,0.8391681530352019,0.8575394831868413,0.6850028467386841,0.8967453859952504,0.7914283302034198,0.6843337227150463,0.7975083344034378,0.6550667655982647,0.8248024603438506,0.46703457542594523,0.33843713254275803,-0.13712821353921026,0.4361168646716346,-0.213572442107942,0.8345834831406633,0.7762400407796034,0.9454636845396428,0.4223758831022059,-0.7275918400307907,0.4293789935362186,0.8684840748076765,0.8372994907733833,-0.1128725108476852,-0.40155697173172844,0.7300244333305913,0.9057314442328227,0.7024127567130994,0.9387138109702475,0.6733619395561299,0.39984485424753685,0.7745462544197623,0.7910070029025784,0.9434919938512443,0.6402210452382957
BCHUSDT,-0.0221142669109708,0.1722984557342831,0.8374467048078216,0.1715671106654936,0.04400965528702274,0.17897554657617587,0.14515617111268064,-0.2218138213837144,0.17121150107824457,0.04166625904391253,-0.19770441057938098,0.38803719229688344,0.4477400376459133,0.15165342572080806,1.0,0.00149748601602572,0.14819547099227703,-0.6260377386491055,-0.13493572948099863,0.6699612889975682,-0.17183872040434606,0.5794473503843784,-0.6411188856752184,0.1555178382176766,0.1757888534230285,0.49246068963792494,0.17874716348859437,0.4062794673441616,-0.017913952102866317,-0.04440392607865044,0.04060651657119348,-0.25046018635722894,-0.20681588659873326,-0.05848969660003824,0.3657642404711079,0.7523316883247384,0.8050064599765389,0.24935579684627265,0.7303927569797736,0.054625866686958485,0.8896476043562974,-0.2707587931338395,0.12648409337603908,0.0924620192026748,-0.26585152338948026,-0.38123431060107094,-0.17355322921632974,-0.43190277519374304,0.5710806597910978,0.21286867997912326,0.10224637923647509,-0.011954207017795341,-0.49672616907931266,,0.36937787131391614,-0.3628821254577226,-0.09868855391300264,0.8813911109390973,-0.022298077384532846,0.3838091276585806,-0.5819728081234231,0.13774139581767622,0.12550439948961545,-0.052805850467412346,-0.22543490771036906,-0.4079197125896115,-0.07590076885044254,-0.2279846010232779,-0.15395960313693818,0.3069019051987482,-0.21468530204154923,-0.12192269373211008,-0.10818927158440626,-0.40615532445747865,0.45784285743664466,0.8629858306177206,0.6665524083124815,-0.07755118308800657,-0.0874984964246134,0.1760069805264382,-0.5116089603707416,-0.19990170175450875,-0.3878444699473905,0.03999730577226752,-0.1817613284406413,0.07016679578880562,-0.36654566525497273,0.1288201389660361,-0.08771736234068854,0.13886592756210436,0.03443669228511364,-0.08149316716194938,-0.16174106951043554,0.035276224944724016,0.021339333526284848,0.1802404766168869,-0.2617587833555224
WBTCUSDT,0.8013017900732938,0.8236737288125187,0.3022775709577627,0.650641273972449,0.6769966639192688,-0.13819973376341607,0.5188662285120755,0.7639719726779908,0.8199777400535578,0.5699466136701292,0.8105301649996486,0.4142959560039965,0.3661855326604217,0.8131206036577279,0.00149748601602572,1.0,0.823007961903093,0.266809600211153,-0.25885974917153004,0.47570166916112083,0.6504097845851062,0.13075906152154249,0.29788669915357346,0.528380877823482,0.8221920522296828,0.25210950797227505,0.8182661702608502,0.38901136591509855,0.8008402170365727,0.7577820490337931,0.38800562715726866,0.7232558273968839,0.7465239787577433,0.6713191607001122,-0.3360455333850211,0.18189581410191347,0.21591244491618142,0.5684283911825174,0.13181411884069616,0.6415921916687913,0.028331349907237968,0.7359294791298394,0.8431733371100535,-0.013670520654124224,0.6241409319389226,0.6163642231523583,0.5066395645056193,0.4251259465525275,0.1935438299453758,0.16512789030304506,0.6501381560004571,0.43125798267379567,0.6731704769161381,,0.590301228912238,0.0750401269506344,0.6300281433693886,0.162175472284037,0.4173803973568141,0.775125378116011,-0.20157094365720418,0.5081253778360814,0.5989615485497727,0.6710304796942188,0.7285381468860448,0.5344630031611065,0.817100619819176,0.6827841031445963,0.6315368392919788,0.7207944891187873,0.444717919711387,0.6538469059250002,0.45546232384525587,0.4453947715381818,-0.05100787206055884,0.2871135348998458,-0.42909315844195345,0.621931251102322,0.6689064183499684,0.8078632882803483,0.2778298703254445,-0.6411523739196194,0.3571634866131714,0.6737951746948436,0.7138669717762541,-0.06294715644326025,-0.10299819895065611,0.507791802731951,0.7484920291649437,0.5318488440667578,0.824580003724497,0.6110265769609953,0.4024115076986795,0.7981420244431418,0.7812813102331069,0.8073704673947177,0.482997535737753
WBETHUSDT,0.8415769617292557,0.9616005675635625,0.4141542136941886,0.7706684640946438,0.8576123760309441,0.07035053371761404,0.712651957060013,0.7821191104593385,0.9603644580275766,0.7651649743428908,0.8894988165183264,0.363226230078978,0.6059939583961959,0.9601650734915709,0.14819547099227703,0.823007961903093,1.0,0.3557890794474207,-0.4005512795572233,0.5338173313404643,0.7941817380286488,0.4190392633958913,0.27447380030669244,0.6541421628929437,0.9582300223887876,0.17009434782372784,0.9535865060835966,0.5168265316394841,0.8484011914100772,0.8979165245512163,0.4819349210144994,0.7594287477417446,0.8433058698376673,0.8238883218343626,-0.2637661826662607,0.3101925818405567,0.22909408270485837,0.7486873618256022,0.11444280715667429,0.7057114850294707,0.14780266484748958,0.8434608562029524,0.9206359621875501,-0.09038857194631648,0.5085752924482653,0.6492445760677401,0.6241882766634478,0.46761476272027735,0.2002032352214688,-0.017901308983621012,0.8371022816098608,0.5518920179405301,0.6877756159173647,,0.733962892972057,0.048014743610504125,0.7693735683803358,0.20143441532231912,0.4884413876548681,0.8562130854933973,-0.16694418256381735,0.6989198341607302,0.7699409097915698,0.8241550065220317,0.8590162181610228,0.6808524858983004,0.9018128470805319,0.7832594361755901,0.6748297482208152,0.7952924806526895,0.6380843816866989,0.8101137426030993,0.46248946732372437,0.3948230281385031,-0.11704424090913229,0.4062013869831988,-0.22730338667349256,0.8179496216369768,0.7683661431487651,0.943564842949679,0.4042807096325301,-0.7467377390529165,0.4334973283697737,0.852365772517665,0.8342505105408908,-0.08990728677844297,-0.39235800110529556,0.7031357377651927,0.8982217389367471,0.6887980009521261,0.9341467915463778,0.675728755598786,0.3968195690884176,0.7926366836095045,0.8028991239468459,0.9418935978652904,0.6229668163418193
ZECUSDT,0.29388803649843404,0.23394779662730378,-0.3032351761412192,0.15740662199083108,0.34057214273134556,0.09697622446923082,0.36506586543600783,0.2973916273619638,0.2314248887255366,0.3956947029470373,0.5006987242526992,-0.29270281229280426,0.07928925652678258,0.24028639742360702,-0.6260377386491055,0.266809600211153,0.3557890794474207,1.0,-0.4245518237087108,-0.13327951511857297,0.5013365409170482,-0.06147337755737436,0.5159631507386347,0.1938774438628913,0.2240724151345694,-0.3200367270986294,0.2231784182084594,-0.23271718247143638,0.3013055832804926,0.47075561571036384,0.1222814684971308,0.5633219637382306,0.4935841632775936,0.4561315376455429,-0.29204594034998943,-0.2180744327365299,-0.45787164508194655,0.2236409293252077,-0.5800289647321131,0.002337613803705236,-0.46137095086824614,0.5923501659572017,0.21743799465108984,-0.15037567577741293,0.26297346021486223,0.5764486487049352,0.4067874924015661,0.37533724875830454,-0.29467752177388534,-0.28957456938500226,0.31402616086013707,0.1625542652509699,0.5251438618689702,,0.12802589549738133,-0.06301626698666997,0.30681029294521195,-0.5755576589392308,0.5059982314537417,0.09832937103276379,0.4925759050802802,0.3720824051814959,0.35798729912097316,0.48350363152083004,0.5198544599448008,0.6357122632228396,0.29874693061173596,0.5381141801580093,0.5891330912693459,0.04528659051446196,0.531523894260843,0.5082071291398949,0.5201592235846291,0.1960552723744581,-0.5741464887234303,-0.3611315595503117,-0.6251526367348563,0.43664665841399924,0.40900164135422995,0.2290780524169557,0.6630207217025618,-0.06473825512289806,0.26056820903737005,0.33869544431745724,0.4228420973598116,-0.3001066919202934,0.1098973773639518,0.3713466057842156,0.47165378656980056,0.19648073175061054,0.3620377698408316,0.2855602961460309,0.2532596908123354,0.207085068172492,0.22522253607362838,0.22350458655619979,0.5156253794450244
USDSUSDT,-0.28007525567349845,-0.4099136860570185,-0.46874544225527925,-0.3243832302737337,-0.504390309151857,-0.5056170491486722,-0.7424534051866909,0.03667265812893901,-0.40104043662626876,-0.6513986267022959,-0.43640221667185686,0.253952877319988,-0.5928116305471893,-0.42557639867241975,-0.13493572948099863,-0.25885974917153004,-0.4005512795572233,-0.4245518237087108,1.0,-0.5411299216150113,-0.5418073542103778,-0.5956180213256312,0.11442877575211872,-0.416323445319418,-0.3976968106480491,0.08045962577884799,-0.3965330214731258,-0.04892794525254926,-0.30323729144474965,-0.6178014435320162,-0.15731455812239195,-0.5703990666936908,-0.39148603606315774,-0.5951906394282044,0.03130052251265048,-0.5940159569897037,-0.21370702916263992,-0.6012551005751847,0.25826226283989095,0.29046650645151983,-0.27267966186525044,-0.536616471337355,-0.32275245219182513,0.31431701972737597,0.14241819079908097,-0.5066744808924676,-0.3517097018487143,0.09546030169657325,-0.050954682891230084,0.38139825134568134,-0.5661555542898807,-0.2764610409685419,-0.09404567525853906,,-0.4944142292817894,0.8003872575441363,-0.3077988861830941,-0.009730569505657352,-0.8712450325867918,-0.4726745737905738,-0.32452574950236146,-0.7540387840626381,-0.6765595641672053,-0.643732450653545,-0.47428516460570347,-0.47071414444751086,-0.1771806099855598,-0.5311362204438431,-0.7772645886633731,-0.17950020121876042,-0.6360648976453793,-0.6523732228767471,-0.7857819326082398,0.3849222852736421,0.6143543459974493,-0.3817047892036782,0.2029329009006398,-0.5504473963036032,-0.4653902082288054,-0.4128479950787808,-0.5230513247067518,0.1378919350198307,0.2379890171501399,-0.49830630806749293,-0.3457640759825124,0.6407139907026291,0.196729832413415,-0.7376012568605324,-0.5480564297569143,-0.47406549883145405,-0.48883760069365306,-0.22373457107264844,-0.12668448326597403,-0.18800286189517304,-0.19008595393370203,-0.4046960614725414,-0.41006883153319124
BSC-USDUSDT,0.4557577354077876,0.5621740507365265,0.9483372371674657,0.4428383955455057,0.35070034429546254,0.01307438413556273,0.5188018109645083,0.1389822574804605,0.5536434116563378,0.37652550834320686,0.34532365722608005,0.5374915916095018,0.6115604780781596,0.554482831043079,0.6699612889975682,0.47570166916112083,0.5338173313404643,-0.13327951511857297,-0.5411299216150113,1.0,0.25042827961058917,0.5027280057419655,-0.3101422988378104,0.42967872301663,0.5594005167335303,0.6680663416784356,0.563807245922172,0.24940313169414266,0.458301243234818,0.460206683417182,0.17322277400500288,0.35101631741885436,0.28517506148655286,0.36648425693147785,0.058194107458815605,0.8610867552949574,0.8269659327802581,0.5588389627126349,0.6229604653107358,0.18888818044976324,0.772159112223646,0.27032970983197113,0.5537209059843133,0.13010201045041203,0.2600011737372773,0.12932717917606137,0.16276673372093337,-0.24265380353963886,0.671483724502811,0.382673241770755,0.4228772638129024,0.02373520978225005,-0.03158713423060881,,0.745596091147949,-0.600758244588372,0.1125137097473911,0.7589861756781514,0.5851821475553799,0.8260193462065165,-0.4820795535359767,0.5155918378940286,0.5305551578391138,0.4279231030332584,0.2204499218162584,-0.0033727982650979477,0.2872412995548986,0.2669003008242446,0.5457950928325657,0.6634088790942596,0.07161088468687524,0.304862784134757,0.5667076945768716,-0.21322026969592606,0.2252948842731156,0.9043704373619348,-0.04509011781634076,0.22338841231519782,0.352320744432023,0.5620508650513901,-0.21015804647122843,-0.45098471095377046,-0.3804315040763323,0.34534022444176643,0.17068303832295098,-0.15025921135014225,-0.07543888492432153,0.49336204961489344,0.3719235463914754,0.3205906481405425,0.520757199925345,0.26454308472645405,0.14170200055485274,0.5270568186190653,0.4788079795227163,0.5657372871910569,0.10010570457564068
