,BTCUSDT,ETHUSDT,USDTUSDT,XRPUSDT,BNBUSDT,SOLUSDT,USDCUSDT,TRXUSDT,STETHUSDT,DOGEUSDT,ADAUSDT,FIGR_HELOCUSDT,WBTUSDT,WSTETHUSDT,WBTCUSDT,BCHUSDT,WBETHUSDT,USDSUSDT,LINKUSDT,BSC-USDUSDT,HYPEUSDT,LEOUSDT,ZECUSDT,XLMUSDT,WETHUSDT,WEETHUSDT,USDEUSDT,XMRUSDT,LTCUSDT,CBBTCUSDT,HBARUSDT,AVAXUSDT,SUIUSDT,SHIBUSDT,DAIUSDT,SUSDEUSDT,WLFIUSDT,CROUSDT,UNIUSDT,USDT0USDT,SUSDSUSDT,DOTUSDT,TONUSDT,PYUSDUSDT,MNTUSDT,CCUSDT,MUSDT,TAOUSDT,AAVEUSDT,USD1USDT,BGBUSDT,NEARUSDT,ASTERUSDT,BUIDLUSDT,OKBUSDT,ICPUSDT,USDFUSDT,ETCUSDT,XAUTUSDT,PIUSDT,ENAUSDT,JITOSOLUSDT,PEPEUSDT,JLPUSDT,RAINUSDT,APTUSDT,PUMPUSDT,HTXUSDT,ONDOUSDT,KCSUSDT,WLDUSDT,POLUSDT,PAXGUSDT,USDTBUSDT,SYRUPUSDCUSDT,BFUSDUSDT,HASHUSDT,ALGOUSDT,TRUMPUSDT,KASUSDT,RETHUSDT,RLUSDUSDT,ARBUSDT,ATOMUSDT,GTUSDT,USDGUSDT,WBNBUSDT,USYCUSDT,BNSOLUSDT,QNTUSDT,FILUSDT,VETUSDT,FLRUSDT,RSETHUSDT,FBTCUSDT,XDCUSDT,KHYPEUSDT
BTCUSDT,1.0,0.8878473347474932,0.23107800450708296,0.8099184600285341,0.8046845413817681,0.7412646141464149,-0.3272511959827544,0.8393838430583275,0.8882007346209401,0.77675504179223,0.8865564390813149,0.47683785764959297,0.9089316398369102,0.8798632456536432,0.998183537652057,-0.11463873735831076,0.8921518564943507,0.34603901392676617,0.8446366228411863,0.3201218595740539,0.5327221438574928,0.2012531613755362,0.23947134714788074,0.8279427862195284,0.8915200728073286,0.8858272411985203,0.18533473807383227,0.5745552098124315,0.886072111261846,0.9989566286571027,0.7708461197326726,0.7545941087160493,0.7436219196445528,0.7291165023054706,-0.17355633945967933,0.07511009239439032,0.09592014076133815,0.9290153003233272,0.8369113748049318,0.15102457996695523,-0.00853724852250611,0.6790246948710977,0.7143195689188114,0.21891739215612144,0.7057779479905013,0.5976256266922778,0.4969764962622901,0.7592032727130649,0.8404418223829119,0.2265708103020504,0.5137977282602539,0.7383841096685947,0.6626031019000234,,0.7935336696399666,0.7686877794037776,0.11111082674401049,0.7911697116758131,0.4811434287015565,-0.24905125556730223,0.7188951188810205,0.725237533467739,0.7525407524522173,0.8251365624517875,0.2767362927368699,0.5614624354636465,0.5185064743652819,0.8670398133531007,0.8335249287090578,0.8643885697099625,0.5273075836802065,0.7266079000591459,0.42998893543300215,0.02318206988928164,-0.1658520198554099,0.20058084304353457,0.4205675140606481,0.8601039505257689,0.6346125018358254,0.6938385777284687,0.8814984001191785,0.4295222442865338,0.7752441206520259,0.21112260987118303,0.8401487293110667,-0.16811719710767214,0.8106883954161201,-0.6576387545405458,0.7257756828244261,0.7410743352208308,0.6085327577727174,0.894380368031757,0.7850592007801311,0.8919755431772437,0.9655735436223895,0.3126971450273295,0.5426891124238579
ETHUSDT,0.8878473347474932,1.0,0.24527372727258645,0.9214893124563671,0.8670329037477817,0.8695166063652212,0.013065395713872992,0.7127265498501447,0.9936215532622129,0.833717278953399,0.9307724182729602,0.43345327577325027,0.8856922352191965,0.9908474603586542,0.8830830520371772,0.07570907062525865,0.9941677100782981,0.2790532663790197,0.8418638660548362,0.4494737888962791,0.49486769841342376,0.5688217337587276,-0.07718891152873131,0.7268359196012497,0.9937089345526993,0.9930999951147603,0.06425249380966523,0.5195831215148379,0.901915405676043,0.9007182431470127,0.5207239842272475,0.9104954515904742,0.9001398080545886,0.8964587473396206,-0.19131698595223665,0.03726731632998852,0.13718538398517585,0.8478043377412096,0.8312841426917806,0.36464033204183166,-0.25856303264701475,0.7735758605817483,0.8661203126680035,0.10944400940951948,0.5830779479630934,0.7748232343813861,0.3858588690016161,0.47781648223070433,0.919934136312146,0.2328087733036487,0.5313466263154426,0.7060446135938641,0.7016774146067212,,0.8107361875399773,0.742783016012105,0.1878613963103265,0.9309343682362764,0.625634851320622,-0.3127287706156142,0.8929710984997619,0.8593937167554712,0.9064684967202962,0.9131547369011723,0.6036961702034979,0.4876701704119721,0.7333674737611973,0.892826262454113,0.8637453422241502,0.8008632012293364,0.6412805263195227,0.7903325289413856,0.6177443869015954,-0.06427293991980701,0.24054028954248569,0.13426496154422443,0.2497032123353901,0.6454704439705748,0.7284028935747395,0.842807890714372,0.9944807550998734,0.14969800618786397,0.9320894771516999,0.24170316705337697,0.8423089932606569,0.051824353312028885,0.8721086619588628,-0.5897701808045814,0.8635480634138494,0.7082450972450643,0.6529553385285463,0.9830273221543327,0.7057536874183121,0.9952174792570745,0.8493072124872966,0.5840279753884188,0.4715046761784347
USDTUSDT,0.23107800450708296,0.24527372727258645,1.0,0.3107722648726324,0.02006780780362945,0.0445846945712155,-0.22834982798840836,0.03658138780434637,0.24335656344513312,-0.046397452128020183,-0.06456801520161262,0.5834381995546637,0.4853343307000858,0.2353556196937317,0.27601318842722145,0.8331983687863451,0.22176993886458443,0.5199303685199924,-0.18187495745330146,0.8772063565097254,-0.28687567918522017,0.3398106897107477,-0.6588660815142103,0.31098862175988673,0.24906266283997583,0.25828331580460595,0.78916257847678,0.44157391137409496,-0.0845285751287202,0.22315562506180409,0.21067544980039069,-0.08896193788695962,-0.02414910279390628,-0.051511635470815116,0.32713452025079004,0.8696071821613143,0.8568357171480201,0.2751917112541628,0.2533206987366475,0.6892416998824491,0.5297371987075054,-0.3255777674956911,0.17099083571683618,0.4376251491142382,-0.38145452958809756,-0.06089544839975979,-0.0102220509003103,-0.15810429249473165,0.08225415701833584,0.7698952301034949,-0.048431981992915166,-0.36274460925673907,0.36809876641755235,,-0.08507882518584992,-0.1955426642997469,0.9677425450148295,0.526864153850314,-0.0487611892349871,-0.8457277839111661,-0.04528820225357758,0.03174507225964753,-0.13842332233996613,0.11360646563722743,0.1564116079881676,-0.6014271746593964,-0.2448558520183621,0.07137213344978618,-0.1556336110428879,0.5338008526888672,-0.44450259415827376,-0.25177338408248123,-0.06338560404761268,0.40706589698233814,0.3707531103350875,0.9585603139304154,-0.30070981925666523,0.03326451245641019,-0.2498658798399355,0.14982134178383152,0.2522606975666737,0.41688644600969715,-0.07110583064300653,-0.7408697915723672,-0.10110956414016219,0.026036336839080205,0.013608789619646925,-0.22902093008737884,0.011510390810252655,0.15634572350525408,-0.2860830187970043,0.14286366483029073,0.16978822097806517,0.261113635187094,0.34370568647292477,0.5375319115473832,-0.30280627351922607
XRPUSDT,0.8099184600285341,0.9214893124563671,0.3107722648726324,1.0,0.8324715475611741,0.9509778056397638,0.07131858527447277,0.564748981597305,0.9245885766871356,0.8802953734466237,0.8375843506860131,0.2854881979910891,0.7725709003713965,0.9299339547128648,0.8111316852531044,0.07386828922008871,0.9179706217345411,0.2996089986315904,0.8241024346524971,0.37236622825151683,0.5714823971711668,0.6985420020491967,-0.05978737602987621,0.8653509852390645,0.9142088883851791,0.9253705205725635,0.02532147956700366,0.5032770359658864,0.7904878080252989,0.8259803555954109,0.637868130458224,0.8789519856195851,0.8923019159294706,0.8885917413894509,0.06976336324507539,0.14665812465547456,0.0945419301938597,0.8828821342184251,0.660008738659981,0.32864225473205966,-0.12748678809467304,0.606761524620993,0.6417154710753382,0.302429941275545,0.4691615134735776,0.8523283097907671,0.12542528289554344,0.5074739103042155,0.9335652471448289,0.349271229941916,0.47350991256480335,0.4982853193528775,0.48465891012494966,,0.7277606499364836,0.6258218018997096,0.21353088718601693,0.8649937514290577,0.7435213972593848,-0.3302914484419473,0.8972828110254043,0.9462559619309536,0.8594822433062462,0.971595309338181,0.7061132137261423,0.37833735000440033,0.5916977394002495,0.745766588432064,0.8486890253193217,0.7571806764947838,0.6305584167467025,0.7072637884789137,0.6485571535033334,-0.10849754520649561,0.3474760681318238,0.19669762784494196,-0.07731233756710454,0.6653504474784042,0.6223254359059042,0.9174478738358978,0.9282852009303683,0.2770851536823404,0.8706088857415615,0.2178380369622369,0.7743999405983465,0.08272914485627507,0.8311531871017948,-0.3673023764798002,0.9413210805349552,0.7527384416555398,0.5864391497932812,0.9104948222000739,0.8507765107883977,0.9252130175780782,0.7339145599165925,0.6887421515818651,0.5476308886274314
BNBUSDT,0.8046845413817681,0.8670329037477817,0.02006780780362945,0.8324715475611741,1.0,0.8825843847576096,0.2816374183061921,0.7992248524918529,0.8680788255513608,0.9636266464810095,0.9098794383472637,0.0055208452078840805,0.6711073030949503,0.8753687670376744,0.7814239906678057,-0.10288846257034823,0.8668143386475435,-0.05090085945530375,0.9237199097249027,0.11494575805577359,0.5471513525168361,0.5321131065210789,0.17787632830644468,0.7647614437592627,0.8607291623167209,0.8617471260531376,-0.25683218566038174,0.6099847484437745,0.9462376088159804,0.826048437798292,0.6105861944440407,0.9064161264690647,0.8358084865306836,0.9303464412149695,-0.022065039678338085,-0.2001913945455612,-0.18455540451713956,0.8554635657604932,0.7156143637238828,-0.024785044690336065,-0.20735078255711253,0.8385806062763274,0.713809487803533,0.03859450530100426,0.6929494118651415,0.7738396505085723,0.1242156849358897,0.6550629006373224,0.8508690370805654,0.03512746696094689,0.7494002595841548,0.6146523399095595,0.3949407571509299,,0.912840103476274,0.7609820781256975,-0.019286389862283614,0.7087960442977158,0.4097013557453745,-0.17740253108401968,0.8343804484646052,0.8765802099585528,0.862097451100935,0.8951659816053457,0.35173477719457713,0.720682907170578,0.560797929008525,0.9168621488506821,0.9380828284377937,0.6319489575981408,0.8469989743637963,0.9522595035525018,0.31497814590923956,-0.23436606518605924,0.07675519810124584,0.0074721078520976906,0.14471102763897054,0.7907353474561792,0.9297315806664619,0.7007061212622994,0.8662062900641818,-0.0052492787677448595,0.8971359909474316,0.5973715046382134,0.9751295408195743,-0.18718931298556718,0.99884766856242,-0.43713811297223626,0.8831871873549415,0.850944006382173,0.8864856594581286,0.9109509773417611,0.713349493423823,0.8661627421672443,0.6544109205300638,0.5236342662452631,0.547612871608035
SOLUSDT,0.7412646141464149,0.8695166063652212,0.0445846945712155,0.9509778056397638,0.8825843847576096,1.0,0.2354336517046136,0.5871734761546206,0.8741441841783781,0.9513860791156545,0.8805551409592861,0.06211612043554291,0.6390105305986187,0.8847680913123482,0.730730093757608,-0.15157242110417296,0.8701956020269869,0.16883863950985858,0.8988967946519852,0.122745271044546,0.7212706084483624,0.6842236022135523,0.1158029466637776,0.8191247613028467,0.8571524188412333,0.8712667542376236,-0.21183424689488523,0.36761216015927967,0.8398499662372871,0.7628404053579458,0.5863238062629157,0.9505839594382527,0.9491479578998134,0.9619359059426638,0.07833018685444115,-0.12703752011075378,-0.20226395640764736,0.821365405965959,0.6226953609439259,0.138742989303149,-0.2652377570425423,0.7315551277506602,0.591851694849212,0.26544516319175093,0.5301496110341154,0.9444772979317035,0.07958582889160892,0.5716027583941353,0.9123448349679373,0.19807066382187208,0.4844631785730651,0.5586135739445617,0.37354882542989176,,0.7489992988420149,0.7259381476493327,-0.029547987082055256,0.7402111274933962,0.7634572837656306,-0.16878504974644654,0.9541781826337894,0.9996126022347366,0.918988323884768,0.9891567225204393,0.6865094912958588,0.5769620964398184,0.6653903571013833,0.7578134902158156,0.9318866704741249,0.6422453379560394,0.7918411971779806,0.8118710020931871,0.6453358054589754,-0.23405343693201797,0.26401256361689995,-0.05121819395097825,-0.07888541203172357,0.6823719606619502,0.7408366016730902,0.9072180783362249,0.876333880923299,0.16741395239758064,0.9254278494198959,0.48068806974998546,0.8403745060567798,0.08946023984390211,0.8797830201341575,-0.2116640182976251,0.9986177272768125,0.7257030378588413,0.7481388097846521,0.8965431230060334,0.8551888013829343,0.8703883585955895,0.6111904149588374,0.5759576108434316,0.700688606869434
USDCUSDT,-0.3272511959827544,0.013065395713872992,-0.22834982798840836,0.07131858527447277,0.2816374183061921,0.2354336517046136,1.0,-0.09878659217753409,0.013789369708002012,0.25777034834248613,0.036959869652442176,-0.6344592253122004,-0.3141678882565356,0.0371231128854142,-0.35400939327618414,0.14952753083849085,0.0030887831372189986,-0.5174022868307965,0.06960732626318822,-0.16817931836148847,0.003452002054138319,0.6299041670149305,-0.27169736732610794,-0.14457640746144906,-0.003213660754848887,0.010604514215625662,-0.5934893572993984,0.0030475388122484714,0.07316956680233427,-0.29104645192739137,-0.35843099740284834,0.2618798628239761,0.1890339616110043,0.3378251219358234,0.2409031575660724,-0.37185673369919087,-0.3395125634633585,-0.1578267598547388,-0.13221581791495568,-0.09337914653819837,-0.35354281038758234,0.24942327414863683,0.07548125103854121,-0.2342125663439687,-0.1405101408700901,0.31573015525658904,-0.5399663591378275,-0.2934236313372877,0.009892993197070963,-0.18523897988875782,0.2840816854398119,-0.22095215905068757,-0.30717124380702476,,0.12631731233058474,-0.013877083962331435,-0.07569317157801585,-0.02850879351596365,-0.06472932443523655,-0.018131617286795534,0.22010495150611278,0.25070771990602025,0.18820823567519135,0.12056547025396719,0.23811532201775842,0.15432441171050565,0.14191689605442884,0.08325687678397213,0.13016099473981388,-0.3078599386715901,0.43925194036603166,0.30600633855775644,-0.1049204679625965,-0.3504317554677551,0.5130446255543161,-0.23630344519637114,-0.4722533374269632,-0.20964674570688369,0.42688913785619037,0.060194211085343216,0.0243130989766919,-0.6934692260039359,0.2200947102604928,0.5045337766850965,0.16473107160578965,0.09223450588323039,0.27222695557290494,0.3658902109534799,0.2591998537116237,0.0985181748568795,0.40168609566234725,0.054780402603441684,-0.14205473882180908,0.006793653199586758,-0.4797929167170851,0.40839736195218096,-0.02573748389976241
TRXUSDT,0.8393838430583275,0.7127265498501447,0.03658138780434637,0.564748981597305,0.7992248524918529,0.5871734761546206,-0.09878659217753409,1.0,0.712484036463018,0.7033082733317941,0.8130434058708593,0.24447783875614731,0.7444580319585306,0.706310824609743,0.8277656019025804,-0.20744172591223575,0.7162777535570733,0.18247236055251367,0.750934618744183,0.1456493434438634,0.5252378375894841,0.06914284433157517,0.34267425129965384,0.6196245334202023,0.7128286406828481,0.7077175622730068,0.06104559366218742,0.4606263437248577,0.8626921820836765,0.8413836298662876,0.5870622093631221,0.6695020474719254,0.6239291993151829,0.6605869191451553,-0.12317261126843547,-0.21086026678650852,-0.15047271255074482,0.7305729072538247,0.852390949682137,-0.04733264938868975,-0.037975158507007147,0.767982392041761,0.6729941700771831,0.1657457481454329,0.635726629784453,0.49603499445614,0.49137358298142086,0.7440217435758819,0.5848771756777851,0.11633158313137082,0.5091523293467801,0.6769253208945885,0.5943688157981969,,0.7149924365651458,0.8322279797102656,0.006206278419602737,0.5977546171700756,0.15172210369454783,-0.25865154283488556,0.5758988707776587,0.5709163995404316,0.6139623926063983,0.6483610758176559,-0.0225226085727748,0.7239055321785525,0.44094681981776884,0.8852536295808189,0.7623188503979861,0.7382227246801526,0.5394338760019051,0.7566873285453818,0.09958372155402782,-0.00026355764466417077,-0.3793341726362372,0.08995617008419003,0.4913850918978421,0.8095397028373307,0.7455269755242655,0.432392746025951,0.7032145445648493,0.24280529735875378,0.6786393398054321,0.4345090003280427,0.8421800498463134,-0.27122343511798397,0.8019208639452448,-0.48956323182323025,0.5768972501662026,0.6092903475107365,0.7873369198351293,0.7646287354287642,0.593640628871064,0.7168031593988409,0.7635968528039985,0.09827988114479139,0.5489014610946217
STETHUSDT,0.8882007346209401,0.9936215532622129,0.24335656344513312,0.9245885766871356,0.8680788255513608,0.8741441841783781,0.013789369708002012,0.712484036463018,1.0,0.8371908523789895,0.931970698813092,0.429871133301424,0.8845340550648493,0.9909256494096816,0.8835644018333835,0.07025850859199487,0.9939424992555348,0.2823632777574282,0.844470124941197,0.44497427350372476,0.5030712679936967,0.5707341237679543,-0.0723913368781172,0.7316429901571125,0.9931925648683118,0.9929917116871143,0.06266071943453054,0.5154754922747369,0.9022637793093128,0.9011211484306065,0.5246308583306328,0.912845747580222,0.9035390672189096,0.8990141858739823,-0.1851187850818026,0.03532167848594871,0.13099394927451838,0.8496365777169549,0.8306258660566812,0.36249413275159476,-0.2573807221037395,0.7735372372294288,0.8617001334955952,0.1175381649156601,0.5818138289562448,0.78037368605665,0.38325825877795217,0.482331144702116,0.9213402740589581,0.2362200080735839,0.527904356615834,0.704869054643188,0.6988383997555246,,0.8091550050322822,0.7455184509778945,0.1850271371468198,0.9298948855153079,0.6313793172907884,-0.3125946654131437,0.8961729012900425,0.8641333895122933,0.9080142325731967,0.9170797928284219,0.6068836503454831,0.48986446784015436,0.7336089899863597,0.8917237993109581,0.8668386901787414,0.8023023725937336,0.6432601905853982,0.7905974019853781,0.620919408838819,-0.06559372607079013,0.23918663021826958,0.13232765088064022,0.2440435907780743,0.6486489809780457,0.7279257973574581,0.846783899532684,0.9943691414337799,0.15545175877623685,0.9334676590314455,0.2448141794977938,0.8431894438445687,0.05398584092520613,0.8729673496946716,-0.582123939600909,0.8680778683151191,0.7085209683808218,0.6554241710948927,0.9834724798441016,0.7125266631426281,0.9950607584422225,0.8483272042789576,0.583022431009393,0.4797627332328021
DOGEUSDT,0.77675504179223,0.833717278953399,-0.046397452128020183,0.8802953734466237,0.9636266464810095,0.9513860791156545,0.25777034834248613,0.7033082733317941,0.8371908523789895,1.0,0.8930013657739393,-0.07134465364277988,0.5959787354981777,0.8483856842720818,0.754490869610216,-0.22460552808894757,0.8356538831956006,-0.027975271624164202,0.9576179752180826,-0.007013931282006546,0.6612692562515902,0.558127904584198,0.27213395528611356,0.8381507869005607,0.8237473677542753,0.8303552058020346,-0.3299695527279283,0.5242744712428382,0.9045862079872301,0.7986871566853339,0.6810223812039409,0.9214765324168904,0.8711257875144844,0.9436521888008613,0.05216207553542609,-0.20914408430764214,-0.2822014247277474,0.8726746142113978,0.6087797195043724,-0.08161887629920132,-0.20863688755578036,0.7810189166038285,0.5809217217497451,0.1276445112775211,0.6907635243704205,0.8523753949442833,0.03324477378363074,0.7064052757331377,0.8953887922318607,0.03620182206033237,0.6821708021346682,0.5881943909907961,0.27552228689111036,,0.875166667278578,0.7376036539901243,-0.12347781301701151,0.6473114822620939,0.5716367758914936,-0.07453320732959459,0.8793310604565003,0.9495173178387579,0.8867792033258093,0.9492185906073196,0.45491321620144615,0.7161284875590668,0.5558934699794307,0.8244071391936463,0.9678072789713084,0.5851092027322574,0.8809668655772398,0.9214716476986965,0.4356570763515633,-0.28923745042775284,0.09912658990741881,-0.0768121117428076,0.02078388574030571,0.8091505370711286,0.8652055266512183,0.7842249619091188,0.8357316099577784,0.08450163691443091,0.8966882432842839,0.6267952534450504,0.9437378217152822,-0.12937465635365394,0.962413593085209,-0.3107393526447018,0.9525214181021012,0.8516355921315882,0.8483569818420619,0.8826047294358204,0.8210917858137249,0.8325316604143904,0.6075491147556812,0.5150655603644886,0.6605047764522195
ADAUSDT,0.8865564390813149,0.9307724182729602,-0.06456801520161262,0.8375843506860131,0.9098794383472637,0.8805551409592861,0.036959869652442176,0.8130434058708593,0.931970698813092,0.8930013657739393,1.0,0.25281147537860954,0.7866521951797307,0.9311478299914304,0.8694975032180984,-0.25301611679673003,0.9384428805794998,0.178397705711976,0.9446960102814114,0.1478300973015187,0.6799673145516562,0.3997819805400392,0.23276656547674154,0.7029208193618851,0.9278210642275155,0.9266042747350675,-0.13808175662803052,0.3853231733532327,0.9828463133933488,0.8994809133826407,0.545662523909028,0.9557436990137016,0.9289533489793341,0.9315923520973202,-0.2349803325311881,-0.26617333188741216,-0.19376885287687448,0.8184786790363409,0.8350034998550613,0.09909129773432149,-0.35332658230560887,0.9157183155686616,0.8076632246171754,0.08375305755054474,0.7270711193364859,0.8168887425448107,0.44281522583889926,0.6548605051082403,0.8883773353019752,0.05020775309000314,0.5383084162147934,0.8450047567257317,0.622752445121263,,0.8498139644388634,0.898371032849413,-0.11818770265110452,0.772469619331391,0.6108364150113574,-0.10242845924187406,0.913412238719153,0.8720473852363118,0.9459581791094803,0.9099412879136661,0.47264429405839886,0.7566718783349723,0.7864969537043274,0.9304310446644488,0.9629528300476062,0.722165158707519,0.7850841058930428,0.9019640800739118,0.5789395012066488,-0.16206461989989693,-0.01420042467648064,-0.13344831904429486,0.37820722107309485,0.7467517747833795,0.8415920005751477,0.7909368314461129,0.9278512751851975,0.12779714249834745,0.9648090622584321,0.5176610947228287,0.9328817451239269,-0.00894505251596871,0.9151303899804125,-0.49289521281610454,0.8806625630365635,0.6851462449624294,0.8245231935168512,0.9665211550017617,0.7340794775770348,0.9295220362107888,0.8003769735829739,0.3439622498106984,0.671146792125337
FIGR_HELOCUSDT,0.47683785764959297,0.43345327577325027,0.5834381995546637,0.2854881979910891,0.0055208452078840805,0.06211612043554291,-0.6344592253122004,0.24447783875614731,0.429871133301424,-0.07134465364277988,0.25281147537860954,1.0,0.7112155751187115,0.405358801700343,0.5133167256813732,0.3672118088136662,0.4317021319909764,0.7230587402259014,0.024587337243762525,0.7697861239946249,-0.018267256488261135,-0.026189110493401786,-0.36638087866948815,0.15585979760505714,0.4475593460893712,0.4405318730838597,0.7874459107976315,0.10148004397705254,0.17801265471377278,0.455882804813665,0.09927213334245472,0.11570477634912943,0.20547259736639334,0.05165020528103007,-0.2927739814512901,0.4872267955396802,0.6661510306062575,0.2546517175847783,0.5598281021141283,0.7111547986756991,0.089566201543719,0.06200598832631721,0.4977744672445744,0.25130903694219314,-0.029830923747418137,0.02543727036954238,0.6929999183324563,-0.029071980290711077,0.22770385715271524,0.5056036471756983,-0.2179053021997123,0.317829523401495,0.8155473554598314,,0.020792568833434256,0.2165159560192054,0.5416914579510741,0.6136241281925506,0.24545381413914824,-0.4905133446788515,0.16235499271926282,0.04348186032883324,0.15020741359459985,0.16693174128614258,0.2511494978867242,-0.24433501242449818,0.3030177442437204,0.2734711351341055,0.03829555365290059,0.6463248975998839,-0.33563824500557093,-0.10754590988223892,0.38060122755021164,0.42370435444244475,0.041816550013278386,0.47045817845140003,0.41019950775310066,0.0640385738459742,-0.16532203388502056,0.27649696593388384,0.4299035205452714,0.4670471058575215,0.18080412900849796,-0.6214851588086995,0.016517705292941637,0.22184279297468815,0.013622697390306072,-0.5171966056513477,0.03806427630252506,-0.04547820132872943,-0.19825947089961765,0.3454285602217259,0.15413910640344508,0.4425596791145286,0.6752680402752855,0.09918866374351354,-0.04058834904301967
WBTUSDT,0.9089316398369102,0.8856922352191965,0.4853343307000858,0.7725709003713965,0.6711073030949503,0.6390105305986187,-0.3141678882565356,0.7444580319585306,0.8845340550648493,0.5959787354981777,0.7866521951797307,0.7112155751187115,1.0,0.8807867153581078,0.9242904331805082,0.19274229302005866,0.8830496646076776,0.561560127442388,0.6298022689853274,0.6486426085335865,0.39528948741771114,0.31331268998648043,-0.11765790989355687,0.6733309633226963,0.8903416244096217,0.8889275432967512,0.4666792068864626,0.4779064121816434,0.7565374067256417,0.9058561037742291,0.5349785607473964,0.6732185326685316,0.7021572016840779,0.6458698800120941,-0.15653939670084557,0.2524113251357311,0.3589591160764154,0.7816711973216861,0.9145455052902782,0.5012560209452522,0.002988027388223449,0.5807532451281442,0.8053468222587832,0.31485685746724595,0.40842970722916516,0.5380406705459868,0.595471436623296,0.4702413759334082,0.7144035449756202,0.47105340620174807,0.3043226466576041,0.6094666863364394,0.8687646993156387,,0.5944990713292677,0.6871772203836656,0.421928775466734,0.9239442192997998,0.4391331532041292,-0.541950790105644,0.6608164571844019,0.6201370512858563,0.6533710996612753,0.7280447209801378,0.381997765939182,0.29812499673452353,0.5491991964200141,0.8127857598338319,0.6539856914168679,0.9497547655249208,0.28222862892148326,0.5336176456030811,0.451753251043302,0.19199849298559846,0.023423303481934825,0.4090442699972176,0.3699927886436907,0.6226164899109609,0.4757715640757575,0.6665676800381073,0.8827666417654856,0.4327007338303717,0.7084179217380656,-0.07588820342868592,0.6623495385923328,0.01873227086350167,0.6754705666256033,-0.6268099457368772,0.6177123306322619,0.5354345305203922,0.45615013497675494,0.8541493105894412,0.642070771996209,0.8941710354658736,0.951364237728515,0.3968496575158044,0.38388806409895027
WSTETHUSDT,0.8798632456536432,0.9908474603586542,0.2353556196937317,0.9299339547128648,0.8753687670376744,0.8847680913123482,0.0371231128854142,0.706310824609743,0.9909256494096816,0.8483856842720818,0.9311478299914304,0.405358801700343,0.8807867153581078,1.0,0.8745537775942311,0.06625353873204776,0.9909597436438123,0.26816948772427596,0.8497944502539194,0.43095506652816673,0.5098272510800101,0.5869402767930467,-0.06958313016785736,0.7373720244440405,0.9897423499852612,0.9902511801885706,0.04252712222700897,0.5161293318166486,0.9020112144910922,0.893720547238069,0.5265356942060643,0.9190027287616016,0.9084137186268773,0.9077365667388027,-0.16970284625550683,0.027684451919077258,0.11584347502086673,0.8505457972374904,0.8193750848635001,0.3514927130800127,-0.26022306254957184,0.7742968422172045,0.8520059513500887,0.11896253529141397,0.580174256657059,0.7918028634614389,0.3592548566106405,0.48352268004304993,0.9246045860991217,0.2319704192852075,0.5354306670892934,0.6945355132469877,0.6792103386511946,,0.8122706301187886,0.742563932498468,0.17751791332672645,0.9236245425810492,0.6360097222218393,-0.307524352459756,0.9025032016714942,0.8753661612296879,0.9122512152231099,0.9241372272527538,0.6140615172562941,0.49452719116728283,0.7304756787204476,0.888528831292133,0.8729013934466192,0.7922321246252192,0.6573272903270808,0.7977092376301153,0.6197676914878395,-0.07810526337506477,0.2501044295796656,0.12495438100137102,0.2217747983638553,0.6500215447708706,0.7359313734972243,0.851912278844348,0.9920238279448675,0.14606149865998233,0.9371598379528654,0.2609586517464522,0.8476526219515991,0.05344125678033563,0.8798332254778843,-0.5651592189285258,0.879192352298889,0.7163584168671,0.6646958567243857,0.9824551451607023,0.7187091187235805,0.9921729983027721,0.8335539026473925,0.5937662763075615,0.4863271431667174
WBTCUSDT,0.998183537652057,0.8830830520371772,0.27601318842722145,0.8111316852531044,0.7814239906678057,0.730730093757608,-0.35400939327618414,0.8277656019025804,0.8835644018333835,0.754490869610216,0.8694975032180984,0.5133167256813732,0.9242904331805082,0.8745537775942311,1.0,-0.08548728217777622,0.8864799494265885,0.39510889462398324,0.8183444744494932,0.3584765430713268,0.5292776183522175,0.20290179219979837,0.21208494771838016,0.8307980987870146,0.8866488349766649,0.8822309178607564,0.2388189456585456,0.5622568470487795,0.8634520615636656,0.9959445393461893,0.7693543538337352,0.7359403887352547,0.734325261967617,0.7101150481409148,-0.15222088120159546,0.11533321652323816,0.13097827148760155,0.9234362587100008,0.8437017487401919,0.19114665484505822,0.02011086877214941,0.6491562851194986,0.7053024628079231,0.2627338568873966,0.6655706561995168,0.5893884972053409,0.5081814991871605,0.744600680030401,0.8256379472065676,0.2773660223275338,0.474407654904075,0.7138502301450765,0.6830366483370541,,0.7596992888912797,0.7570863463502184,0.15485989769710934,0.8045715189826849,0.48514947644782047,-0.2916743583886589,0.7063969939278576,0.7141327324695127,0.7308235662505284,0.8174111792020621,0.28496196597947715,0.5214137137037628,0.5047436055489338,0.8511811775604996,0.8104579513081082,0.8883821689485262,0.4833904062628507,0.6896857414836388,0.43367470628596205,0.05347731013668884,-0.15925019551708566,0.24214949292172472,0.4039858962415919,0.8476551613854387,0.5966816253991465,0.694833564943417,0.8772312338792089,0.4697124113979729,0.7566526541510393,0.16167753603759194,0.8127347958071482,-0.14932331767589554,0.7868243697413934,-0.6449372603046114,0.7131438582569873,0.7189018159297045,0.579027057868384,0.8847102112123563,0.7902449484868028,0.8883311342146718,0.9738522290740145,0.31483356216184233,0.538148571520031
BCHUSDT,-0.11463873735831076,0.07570907062525865,0.8331983687863451,0.07386828922008871,-0.10288846257034823,-0.15157242110417296,0.14952753083849085,-0.20744172591223575,0.07025850859199487,-0.22460552808894757,-0.25301611679673003,0.3672118088136662,0.19274229302005866,0.06625353873204776,-0.08548728217777622,1.0,0.0567375622718478,0.1308301177545589,-0.387393457449955,0.8271700935672994,-0.6092602258823331,0.44809601052340586,-0.9121184075258802,-0.08815523819306963,0.08176268868777037,0.08339697322295601,0.5264322605193686,0.37635594321947935,-0.24895713073813136,-0.11095890702769967,-0.22616815955456537,-0.1967648602492654,-0.18288707255442163,-0.1461122913440149,0.1830296251431707,0.7213373514029505,0.8530351580178789,-0.052664610877310586,0.022358409855787267,0.6739737151849512,0.27825635077040944,-0.3511473671899951,0.18291716124920737,0.013841235958873524,-0.49776334506325576,-0.2132418522697765,-0.19546872242289862,-0.568883551664522,-0.10050682017306335,0.4810394762635355,0.022296451652337634,-0.4893164261508425,0.20061202793562027,,-0.15372001224358392,-0.43012141896129613,0.9022472260330734,0.36188258047005606,-0.25697385081744506,-0.6952225903352981,-0.17551140156345624,-0.15731264945907938,-0.22736895663037676,-0.12461380252102633,0.15206175437980243,-0.7005170827591551,-0.23328819915297333,-0.06848999599271655,-0.35671824556539844,0.15500960713242687,-0.42103539921720834,-0.29429484774653086,-0.18189571175571154,0.2814692771092039,0.6399585391739329,0.7757641812983622,-0.34488636047026416,-0.3464546513702535,-0.223950180740678,-0.056423257443140924,0.08398538844399871,-0.11751174040645866,-0.16580712580619225,-0.6690011855618915,-0.25306457695359674,0.0817093877695023,-0.10628382914886053,-0.1941814231556941,-0.16626507146518532,-0.0024768013450271287,-0.3616765058449925,-0.033154120179976654,-0.25346489310410836,0.08373847132761555,-0.004438188334713232,0.6124288643883765,-0.6433520345736281
WBETHUSDT,0.8921518564943507,0.9941677100782981,0.22176993886458443,0.9179706217345411,0.8668143386475435,0.8701956020269869,0.0030887831372189986,0.7162777535570733,0.9939424992555348,0.8356538831956006,0.9384428805794998,0.4317021319909764,0.8830496646076776,0.9909597436438123,0.8864799494265885,0.0567375622718478,1.0,0.2568028249361466,0.8513447789430447,0.43132060568358743,0.504985734991482,0.5536253621721936,-0.056533112890917385,0.7236705954921606,0.9942364676040276,0.9930471614272104,0.05138566470911973,0.5097897596796716,0.9089404012487702,0.9047632743861678,0.5220725536612915,0.915401579351914,0.904369017277221,0.8986472925868535,-0.20879047340259516,0.01910146779136861,0.12078790215650624,0.8474403570767438,0.8311671824973468,0.3509030811133925,-0.2722612236302195,0.7841746105544473,0.8672849732431847,0.09884679197220485,0.6005730641068191,0.7767168770217401,0.39845780413221493,0.4878163983866559,0.9246993103945115,0.21403281592513526,0.5314280796906643,0.7261462429908897,0.7018467710136315,,0.8167989672915619,0.7526973200267235,0.16232048947120006,0.923503662741303,0.6343303444746847,-0.2887544419376875,0.8975275089925095,0.860151856898767,0.9146962688001905,0.9140285240911525,0.6021684586715992,0.5044252802491199,0.7452779590307215,0.8949421544317095,0.8715146762053602,0.7950161485996329,0.6512557977542222,0.7975623950904595,0.6285145028485297,-0.071082074984523,0.22597433043484394,0.11022251526883074,0.2686579872089229,0.6500280475469729,0.7328943003845129,0.8442806838587894,0.9944142190272479,0.14825806931764565,0.9376246611249406,0.255028241099736,0.8473319243274909,0.0519485431019598,0.8723407504514817,-0.5949425444603466,0.8648376883193736,0.7061343057728818,0.6572423639872255,0.9851098565686885,0.706552764655302,0.9951151516572146,0.8532439011117319,0.5670180199300672,0.48212306899838475
USDSUSDT,0.34603901392676617,0.2790532663790197,0.5199303685199924,0.2996089986315904,-0.05090085945530375,0.16883863950985858,-0.5174022868307965,0.18247236055251367,0.2823632777574282,-0.027975271624164202,0.178397705711976,0.7230587402259014,0.561560127442388,0.26816948772427596,0.39510889462398324,0.1308301177545589,0.2568028249361466,1.0,-0.01144571852929605,0.5580718419973857,0.3605487822013524,0.03942179658419413,-0.18859598083710472,0.2681926564420116,0.27616615960642726,0.2955530627763159,0.7829141427592861,-0.2329278535682567,0.06515437035491857,0.32675103319983406,0.15506504836293508,0.10900457303237994,0.26486222352051225,0.0668274342120386,0.1402126502966915,0.3692064720631213,0.33030269565541204,0.18418729297919453,0.49847310240453624,0.6307183768274829,0.21454187448574422,-0.024890191133398697,0.18507462621762796,0.7624171939594515,-0.30158927680827446,0.22257240818117904,0.537975759447069,0.09231049373351913,0.0940783825380247,0.7752058904856874,-0.5406168134958554,0.09858951776915431,0.6513814205184448,,-0.24315671436835856,0.30262304804394685,0.4798499925313257,0.4719049837661921,0.3821251416196566,-0.6098046319630476,0.19414152466045448,0.15575562208115087,0.06598630934158728,0.22628019455645443,0.308534606180153,-0.2145007484141704,0.21498470923112814,0.12717990229704598,0.05095192700295594,0.6776539053613543,-0.3782555214465584,-0.22685741913935756,0.3840167559654422,0.4216173487566147,-0.06427225301645133,0.4328207107434528,0.0475905791895109,0.1056656480909078,-0.28003347903792714,0.3338419625543546,0.2833896075837435,0.754471197375317,0.1159202102526454,-0.5112820360589503,-0.06654684036359733,0.3654648139118944,-0.05672760471142575,0.046142691524673526,0.13722051952048084,-0.19810367970050566,-0.10444527193322763,0.23204444257670276,0.3846809822830604,0.29555298650158635,0.4847408591572819,-0.037656659597317496,0.34138792308205573
LINKUSDT,0.8446366228411863,0.8418638660548362,-0.18187495745330146,0.8241024346524971,0.9237199097249027,0.8988967946519852,0.06960732626318822,0.750934618744183,0.844470124941197,0.9576179752180826,0.9446960102814114,0.024587337243762525,0.6298022689853274,0.8497944502539194,0.8183444744494932,-0.387393457449955,0.8513447789430447,-0.01144571852929605,1.0,-0.0810058114956157,0.6888862005874881,0.363074051023491,0.41491964365215755,0.7886137632703403,0.8371143522226998,0.8354208739064565,-0.3363709866551915,0.46320042662010186,0.951279204687066,0.8601314095971934,0.6891656947334888,0.918907062063666,0.8670687488678672,0.90956406907937,-0.1522304933584322,-0.298292007163524,-0.32544420525541656,0.8675196095304732,0.6460486079758483,-0.1431538243305754,-0.2893838439384593,0.8443323937408584,0.6255649636319204,0.028913011022555668,0.8350987429643134,0.799523725195898,0.22588728862851637,0.7757565142422037,0.9149730689829697,-0.09486740880292119,0.65981462103974,0.7787655677567396,0.3534036668911657,,0.9096025946346008,0.8093024075798252,-0.2795255681115453,0.6124083474231109,0.6055199501026531,0.09013909154972764,0.872925869585262,0.8948418573687739,0.9201849564672654,0.9157198538685338,0.4000946517614439,0.8121774272936738,0.6433238104931425,0.8470137552079794,0.9907789165476277,0.5778744412590852,0.8875757921093924,0.9388402027562504,0.51135132536247,-0.2829196234111524,-0.05987775974666027,-0.21726605880408037,0.26400869174843167,0.8380611440806859,0.8565767170739212,0.7635087498385424,0.838988057731478,0.11294415105499364,0.9107677304407052,0.6467089109457419,0.956865861021059,-0.14025658290121734,0.9281320504846455,-0.4376997670755926,0.9024605753913337,0.8081975820031113,0.8262245616853144,0.8948792934542427,0.7932167958747254,0.8380297682131859,0.7020360468268734,0.3424598391949019,0.6936976787003793
BSC-USDUSDT,0.3201218595740539,0.4494737888962791,0.8772063565097254,0.37236622825151683,0.11494575805577359,0.122745271044546,-0.16817931836148847,0.1456493434438634,0.44497427350372476,-0.007013931282006546,0.1478300973015187,0.7697861239946249,0.6486426085335865,0.43095506652816673,0.3584765430713268,0.8271700935672994,0.43132060568358743,0.5580718419973857,-0.0810058114956157,1.0,-0.24287252510848556,0.4140212162678911,-0.7845165930949013,0.16632266273373267,0.4573509170087487,0.4594235290673433,0.7588981091490385,0.3384122624677932,0.10372237394981576,0.3154864977233452,-0.01286583329311972,0.12235736744429675,0.18370012305178748,0.1252689199469949,0.004255761016399977,0.6813350255051148,0.8576676258965173,0.23964586279825353,0.48602791401406664,0.8717675553694716,0.18156849445707343,-0.02895294279006448,0.5217558358906168,0.2428826860232917,-0.28196011545710753,0.06747332427485844,0.29257667420836814,-0.2824880795168288,0.19720056372688682,0.6696958465129937,-0.042562502204005086,-0.049041419430104254,0.6845640697833862,,0.028467417235474093,0.015488504506069246,0.9045774252899045,0.7225880681749377,0.07824566081308776,-0.8151120765896772,0.15650923079615675,0.10797531252573499,0.09824958296305586,0.19272103551312306,0.3461952078173175,-0.46254271437450395,0.1498822073492205,0.27303021024450475,-0.03535792826733355,0.6057364315281885,-0.31963676645351285,-0.09430545892548348,0.17737060297408433,0.3914568024920484,0.46619316513236886,0.7679215756888812,-0.014302471803290957,-0.06519203189251994,-0.07795350075075977,0.2711987175028147,0.45439607422380784,0.2138337150593249,0.17063397910903025,-0.6691193814983687,0.0099535975489597,0.20349007390522802,0.1152042048624729,-0.4074512706029264,0.09877196423569928,0.0798860297759653,-0.1590945144649931,0.3410472629025507,0.07555540004288049,0.46110304339735125,0.47421126413680187,0.541498121286353,-0.2813705178384934
HYPEUSDT,0.5327221438574928,0.49486769841342376,-0.28687567918522017,0.5714823971711668,0.5471513525168361,0.7212706084483624,0.003452002054138319,0.5252378375894841,0.5030712679936967,0.6612692562515902,0.6799673145516562,-0.018267256488261135,0.39528948741771114,0.5098272510800101,0.5292776183522175,-0.6092602258823331,0.504985734991482,0.3605487822013524,0.6888862005874881,-0.24287252510848556,1.0,0.19598201155438813,0.5163212713568356,0.5815966440580221,0.4777314461671897,0.4994797442182279,-0.15857244555000027,-0.18432920819933662,0.6161557109925915,0.5390507399153635,0.4534684607630756,0.6899682192233303,0.7449385640040936,0.6665618267835267,0.1228109282484637,-0.4327170340035359,-0.5936441421992548,0.4937934775720812,0.5310831511205054,-0.09672101337822087,-0.22393769653484472,0.6203167038044539,0.2482291638785206,0.5296440365871241,0.35898667525672584,0.7825438122757987,0.29564165852929364,0.6652012438653664,0.5201240504313037,0.18634786619487306,-0.00210800752617765,0.5428579196258378,0.29990410776512055,,0.34501104527919374,0.8017185227291409,-0.3464975951526191,0.34246659020007114,0.6665799879404035,-0.005515968604167166,0.7055205432708114,0.7209846900855342,0.6346931263324126,0.6996641983669373,0.3900546748948899,0.6755171367517532,0.5660109394554304,0.5030989608504013,0.7376822590506773,0.5124678486657019,0.5496967559065671,0.5348441094783034,0.5298371329362634,-0.14104218591027723,-0.25465139576582363,-0.3205387231603502,0.06757010932625282,0.5970286962195738,0.4663096419989965,0.6346464573059377,0.49783056420213856,0.4231637861023971,0.6438910398780064,0.541682504605051,0.5845682253598403,0.1654232756649206,0.5406630014812756,0.18946854816155279,0.717142843217245,0.27653750962631235,0.6745741532191292,0.5724744016391533,0.7679789512213933,0.49896734684789945,0.421764460209739,-0.06462737035289426,0.960730408611741
