,BTCUSDT,ETHUSDT,USDTUSDT,XRPUSDT,BNBUSDT,USDCUSDT,SOLUSDT,TRXUSDT,STETHUSDT,DOGEUSDT,ADAUSDT,FIGR_HELOCUSDT,WBTUSDT,WSTETHUSDT,WBTCUSDT,BCHUSDT,WBETHUSDT,ZECUSDT,USDSUSDT,BSC-USDUSDT,LINKUSDT,HYPEUSDT,LEOUSDT,XLMUSDT,WETHUSDT,USDEUSDT,WEETHUSDT,XMRUSDT,CBBTCUSDT,LTCUSDT,HBARUSDT,AVAXUSDT,SUIUSDT,SHIBUSDT,DAIUSDT,SUSDEUSDT,WLFIUSDT,CROUSDT,USDT0USDT,UNIUSDT,SUSDSUSDT,DOTUSDT,TONUSDT,PYUSDUSDT,MNTUSDT,MUSDT,TAOUSDT,CCUSDT,USD1USDT,AAVEUSDT,C1USDUSDT,BGBUSDT,NEARUSDT,BUIDLUSDT,ASTERUSDT,ICPUSDT,OKBUSDT,USDFUSDT,XAUTUSDT,ETCUSDT,PIUSDT,JITOSOLUSDT,JLPUSDT,ENAUSDT,PEPEUSDT,APTUSDT,HTXUSDT,ONDOUSDT,PUMPUSDT,KCSUSDT,WLDUSDT,POLUSDT,PAXGUSDT,USDTBUSDT,BFUSDUSDT,SYRUPUSDCUSDT,HASHUSDT,ALGOUSDT,TRUMPUSDT,RETHUSDT,ATOMUSDT,USYCUSDT,GTUSDT,FILUSDT,WBNBUSDT,RLUSDUSDT,USDGUSDT,BNSOLUSDT,ARBUSDT,QNTUSDT,VETUSDT,KASUSDT,FLRUSDT,LBTCUSDT,KHYPEUSDT,FBTCUSDT,RSETHUSDT
BTCUSDT,1.0,0.8473434597765914,0.269203610867728,0.6907885864592619,0.711477235464188,-0.11666141099003029,0.5553690648379663,0.7886650567009112,0.8463516235845457,0.6075669464248955,0.843830700766108,0.3849081731484735,0.3750707110224362,0.838570017047064,0.8240561165615858,-0.022104722338049117,0.8529166434535281,0.3199852136395396,-0.2791616404318864,0.4526503121872671,0.701575519691771,0.2937196700494972,0.13945603430566406,0.5362660085110732,0.8523553650725987,0.22813299384690017,0.8515779286762561,0.4126557501550586,0.8221843439066969,0.7928578219021204,0.4567635328933235,0.7599386991384548,0.7838073283404866,0.7212782146634115,-0.37554270995862915,0.16701445959881484,0.18916264627584684,0.6232663762359941,0.09072577874071927,0.6422276172189175,0.009167911512098644,0.7660507315841302,0.850406875888124,-0.04650700176705377,0.6608669411676055,0.6103645826789164,0.5742065736875743,0.43873657704284635,0.1559929899203674,0.6860711658741676,0.11906087914095678,0.4704098184679406,0.7029892602760187,,0.587696404241056,0.07940295351834074,0.6903916023308965,0.12180438268287572,0.43122924161425735,0.7890394752231675,-0.1626273230665963,0.5498923218543488,0.6489087479595235,0.7193549102249883,0.7795644502558396,0.5770169317988064,0.8442154783956823,0.7369012749832785,0.6366091289156462,0.716531888609837,0.5036394145777663,0.705393647801518,0.46968806157503146,-0.09827114191565159,0.25781579445358915,-0.437088961284374,0.4384792933403524,0.6858615244587271,0.6638680761959398,0.8507142456130691,0.3228725775870129,-0.6494070389459141,0.757056978884877,0.38975197914668686,0.7230913698749015,-0.10264672375110691,-0.1371419883374875,0.5549966468338366,0.7911829519925307,0.5913926581457427,0.8575066460563059,0.7008092862898992,0.4980384252898063,0.8049289515617349,0.3156646014397675,0.8325338509426056,0.8476142322509626
ETHUSDT,0.8473434597765914,1.0,0.42652359856980926,0.8081243258997837,0.8675752461930519,0.09322057181086796,0.7436097201619065,0.7845851095103283,0.9735632995543513,0.7812309448355043,0.8958398340973175,0.3619513184063436,0.6145353103801855,0.9719433924560297,0.8482197999450047,0.17115330939395185,0.9761414814882845,0.25443124301836156,-0.4099526675646185,0.5589132160599729,0.8108051325129035,0.24411653768796382,0.4322724155386693,0.6559774707852403,0.9758556062947236,0.20225962662584254,0.9767726154767151,0.5314325951057467,0.8573062554598323,0.910108984521328,0.5452818252092955,0.7783449819249969,0.8563573349156071,0.8544599135876121,-0.25752672328344045,0.3355396734979743,0.25453429324324056,0.8053906168743562,0.13316300803370174,0.6957839842376359,0.12849800163937827,0.8391484462963641,0.9171630291863099,-0.07887203547769783,0.6494395328572052,0.49122966126017314,0.6698468907704311,0.44872726178267425,0.2256575628560929,0.8440601382383398,-0.020930701328751532,0.5516503568304959,0.6641366846303766,,0.7416740026462424,0.01744236563012855,0.7870504629967507,0.2248707228568719,0.5034895301532931,0.8915100927280811,-0.1895045922834219,0.7373692797956428,0.8168182097207918,0.8544906008357019,0.8691097461756583,0.6720879964345668,0.9049856277904033,0.8095046815908163,0.6708739518015356,0.8091459594745682,0.6532408999677733,0.8304327523674451,0.4765896154035189,-0.1207383835213819,0.42612394844357415,-0.229323740221082,0.3455548164142646,0.7648056287974982,0.8224504569289411,0.9777623736490779,0.39716253164905535,-0.7416992914935809,0.8414139843202303,0.4229216247670436,0.8799212133299467,-0.12358075737649755,-0.3930345112996293,0.7464303123220737,0.9128457139859723,0.7328595778555509,0.9530360806298243,0.7545020462321158,0.48593025299353554,0.8224751592232827,0.2735071463175757,0.8246258887650845,0.9738405800102997
USDTUSDT,0.269203610867728,0.42652359856980926,1.0,0.3612993509428814,0.2628076857628956,0.14403174844733377,0.4611908358819355,-0.00636946276393505,0.42317339932602216,0.30324260257392005,0.16046001646128838,0.4557627872502736,0.62685889679523,0.42641926923457985,0.29833984002449115,0.7810747430282786,0.40135905245685166,-0.3115449545932389,-0.44398704494402647,0.8860174744032456,0.12219606619946992,-0.3489227874179828,0.612418967024618,0.34876413992646926,0.4266955008850943,0.6773046069745701,0.4369584909461448,0.23728935920344615,0.27496683065907196,0.3088610843812449,0.1402935160605598,0.14752702858807418,0.14299519930338678,0.2574375620362725,0.2554768713027042,0.8484010842984054,0.783690901708967,0.5106760425228489,0.6668134032371561,0.14426919404471988,0.5666928446153073,0.10581542828098704,0.37950193819256955,0.17250767677252735,-0.08930874133390078,0.058953418223797995,0.08272848810452015,-0.28130325424520464,0.6925863239233511,0.31728410994373735,0.29775069800200793,-0.05329735012814156,-0.22251776033312853,,0.6675992260033499,-0.5464078482348063,-0.00033395763506925534,0.7905568341934749,0.4336611267583819,0.6895688885840311,-0.5255440075374986,0.46176537624693453,0.4559077819389852,0.3124267842646304,0.06967924000635418,-0.10278215639788499,0.14532664664466122,0.11302827660688372,0.3312203343256042,0.567617823000455,0.0004214391370203077,0.17664275181615935,0.36463185955086636,0.3069621063165045,0.8913884489987044,0.21468686520674968,-0.3281881629659197,0.2086362203164573,0.1418199427332902,0.44051704586873447,-0.27375209565244585,-0.3519029451427493,0.04177211324831122,-0.38696642695941263,0.26207954192390887,-0.06784454999627415,-0.2019045592529357,0.4462574532262901,0.23747883562814467,0.250296062669871,0.3588648222877702,0.16105084594664648,0.05073412778453727,0.30762834435314856,-0.3401462183203442,0.335897702692827,0.4440406341860578
XRPUSDT,0.6907885864592619,0.8081243258997837,0.3612993509428814,1.0,0.7814428329026656,0.2163556293675901,0.6271345115442332,0.699192176419266,0.8094901902728595,0.6847706350555277,0.7495057450855498,0.1879068329544529,0.4520812360709979,0.8121480204802182,0.6907440628109575,0.17623502481201347,0.8065893403734539,0.17641447974976088,-0.33484543293893265,0.45379926629199646,0.6760486324812763,0.21829530651372317,0.3724251593930361,0.5757172581278917,0.8072383472914418,0.12703304906803187,0.8132080123798587,0.5115290074921296,0.7034064653039883,0.7584369110240475,0.4605466472233657,0.690922386924418,0.736917313343706,0.7573104104544031,-0.06766324679739676,0.2431378882614471,0.17842704962551822,0.6592223651855675,0.08228184272140521,0.5816028718118076,0.12837863903311417,0.705464678540469,0.7572074989433714,-0.01945535176971803,0.5124400734380645,0.2936417826017694,0.5443894586101359,0.4651717961101933,0.22352250963995707,0.6783937879749217,-0.11312151089257809,0.5367552697280441,0.46279842841932783,,0.5458793936127863,0.03165666287697918,0.6813390446930573,0.24009425675932516,0.3512244883056337,0.7523163181978559,-0.26009174068741175,0.6229112443405775,0.6877875782847248,0.7141689210149839,0.719155486852354,0.5518739129912719,0.7955240426751543,0.696972435656951,0.5124449983694612,0.6706944760912441,0.570061461105411,0.7212881585578198,0.29678082928853694,-0.1504394859539758,0.380514114177431,-0.16958478103352834,0.16943774644512155,0.6556336901366501,0.7354078548850078,0.8153110863384891,0.3793034397761096,-0.5352907934648932,0.7500297306556538,0.4466196027031508,0.7886521770203495,-0.1512396187267698,-0.3111834344337265,0.6295463994316169,0.767663842233055,0.6651297935302297,0.8054998371885962,0.6376606676614882,0.447612513866529,0.6652883253778308,0.24165009943821522,0.6429128939325643,0.8104645117212235
BNBUSDT,0.711477235464188,0.8675752461930519,0.2628076857628956,0.7814428329026656,1.0,0.4529925279983928,0.8020540212613129,0.7411004068160509,0.8703398575307905,0.8834094953238232,0.873012097511856,-0.0568717901437151,0.537827480650083,0.8822732358187441,0.695872083222351,0.043536431200368104,0.8691670808155334,0.3711852159996599,-0.5040268111065066,0.34867382014000403,0.8674461119748985,0.3414473877707087,0.49841243009323277,0.6600690432248694,0.8618008660440899,-0.13895805302791595,0.8683395804836056,0.5087654632745017,0.7330380059113427,0.9105077773722697,0.5298631430405563,0.8339388316879506,0.8818718269978637,0.9446838796059973,-0.050202620036271,0.18296598297350922,-0.031318928177088694,0.7713614798749775,-0.18813882048546732,0.5387796680719003,0.05727538919689599,0.8861295173693715,0.7682431834842366,-0.12524516096751254,0.6647754800622311,0.18105721639843722,0.7033411275480973,0.6099109669970708,0.07472780084594548,0.8180316573375348,-0.4091854153700013,0.6735064373721227,0.5511765244818484,,0.5494014265215498,0.012455756638776821,0.8324844260717262,0.03878321324049799,0.4697460870248646,0.7228218892747588,-0.05432194691480242,0.8018713368858889,0.8404402538053783,0.8906436001160325,0.898832187788052,0.7999397503064454,0.8701006414273594,0.8763821692165341,0.6264264952731591,0.6183463775630448,0.847009601787049,0.9316803873893961,0.3672977818897481,-0.4253882170003946,0.27509990417241614,-0.19402515363948397,0.12569144364378276,0.7807740456063884,0.9565158183428479,0.8753090144663682,0.6835618967372569,-0.5105609541619818,0.9132820941496843,0.596116140486784,0.9597443019398364,-0.3045211074551774,-0.44353430525005816,0.8136852658266002,0.9341747261015463,0.8026138853475654,0.8969398088653842,0.7131416302834326,0.5039538132814704,0.6469800277527727,0.37530526838970685,0.5890932647656423,0.8666442930659066
USDCUSDT,-0.11666141099003029,0.09322057181086796,0.14403174844733377,0.2163556293675901,0.4529925279983928,1.0,0.5055670345433886,-0.06693010930897718,0.09642253579127225,0.5240348649642869,0.10863765304581305,-0.725247207840469,0.3110045243862168,0.13188391538834235,-0.14440056738603205,0.18143258356663972,0.07715918048626869,0.11154077163301829,-0.5248163136270645,0.013820033760450347,0.30833318299779294,0.045230667194410636,0.6385949844150244,0.2762003526447794,0.07203422562568748,-0.4831716727914486,0.08902476697928295,0.15318510012494352,-0.08337249247606517,0.27200949814434733,0.11948424424738546,0.24268633148829202,0.21672097819934166,0.4509314925589728,0.6088439754414179,0.1639254303790864,-0.24276495034431364,0.32141359954533305,-0.402711658819797,-0.21853656922090434,0.16584710471599187,0.25390182654205035,-0.06989444005212449,-0.07469984268551126,0.0398129504302969,-0.7067869577818918,0.22220019254392512,0.2572958722901713,0.0042837555555637,0.24644763176104761,-0.8328084164546671,0.33156531187427285,-0.3161561669403747,,0.016881244184854722,-0.29464737822163994,0.21617879753023533,-0.012061168439963386,0.20732128472783004,0.03696525415173036,0.07850306884114465,0.518520026750292,0.4149093267548533,0.3625294179491894,0.2159577335320607,0.3557542126015765,0.0719439710922605,0.2970155742656655,0.11828180147122669,-0.077352085813373,0.5807188626523571,0.43919543118384174,-0.032791254500889565,-0.5764151679552252,0.17562519880350977,0.2962625162334149,-0.6561017569565883,0.22455188861779463,0.5159646511988305,0.10530563580961685,0.5993785850518172,0.24545593878306754,0.2818658140725651,0.2533000583713217,0.4451999632693579,-0.45663000398552794,-0.4065964748095163,0.5216194462262493,0.2902649090498269,0.40004099882732136,0.15008244510537075,0.05720483028370578,0.07434135448878817,-0.19884336162159041,0.06640100333818383,-0.33446231865215803,0.09549468270727259
SOLUSDT,0.5553690648379663,0.7436097201619065,0.4611908358819355,0.6271345115442332,0.8020540212613129,0.5055670345433886,1.0,0.4100636052978017,0.7453201547984042,0.8706910043050567,0.7310669293220666,-0.027304781399805286,0.7990469021804986,0.7632473345417965,0.5455710935406146,0.14806474753097457,0.7390265090898726,0.4090088520936436,-0.7610372038517969,0.5260377579979948,0.78574406071663,0.25961045908800673,0.7355844855301928,0.6177595895125386,0.7340162130492166,0.0019015211117832194,0.7440793825272434,0.1777882925077335,0.5773164112374651,0.8659513297442866,0.4116379471732708,0.7099395164993065,0.759375047284557,0.8660813658021533,0.043986978228140024,0.48085476885151474,0.0774436292977455,0.8302263211786716,-0.09792032586033529,0.30444160608769816,0.2103754338637958,0.8008665083251587,0.6051764743446357,-0.056893540326004105,0.5134226877787244,0.14464857476874884,0.6720907674100448,0.3264811190741358,0.23584346772782566,0.7736493244638105,-0.33802538787817465,0.32321197694799214,0.3828489084612864,,0.7542064612961382,-0.3424895214964803,0.5407626613655103,0.08805255982963656,0.78274731252843,0.6984195516125898,0.05541426150416207,0.9352546686100509,0.9092100286212111,0.9085511980490533,0.7564894909776747,0.7535278757412359,0.5844509623625168,0.7684956607278915,0.776682416665393,0.5904370237006158,0.7914471922867484,0.8418012334746229,0.6510985218213178,-0.3877130405541935,0.43322122568840804,-0.15391542074719322,-0.08334065577784802,0.6882998333595318,0.8199256646889123,0.7549689641783504,0.6236851985457948,-0.46631886445940524,0.6627747273420493,0.22372354514216353,0.8081126887555913,-0.3371713617688041,-0.45182051807096657,0.938157609389305,0.85005840934463,0.6193867135152221,0.7775546313322089,0.5616458340490424,0.3693921141203359,0.5018257323363109,0.29896130343977845,0.4527638894145429,0.7498017935826231
TRXUSDT,0.7886650567009112,0.7845851095103283,-0.00636946276393505,0.699192176419266,0.7411004068160509,-0.06693010930897718,0.4100636052978017,1.0,0.7995791317279224,0.5577905647891429,0.8509707946854228,0.233515344521167,0.13191387322154044,0.7798838940048551,0.7893463193413938,-0.22144906351663152,0.7962682406984168,0.3236360407643988,0.03997721301802417,0.14095039210664884,0.6794663307491636,0.5631496011545776,-0.04416472355684848,0.5019339146485146,0.7845412291092535,0.05214778190283921,0.7910655105329956,0.43598132380449967,0.7912656590390689,0.7168424695340457,0.4821023635113266,0.7522064851179098,0.8514357239483716,0.7170230443544059,-0.22960355433637522,-0.20736380334970095,-0.14129964839668682,0.45843581843729175,-0.0360565118312979,0.8326554412346817,-0.11921175965964932,0.7711494714893173,0.7856325436152997,0.11039132626025999,0.5874976266534904,0.5828146892352971,0.5946217577074024,0.7790706122617913,0.08737945661807203,0.5627311763367696,-0.00022570708421825491,0.5314163168618299,0.7369232467962233,,0.35494818956313934,0.48523280482255987,0.7364481816242997,-0.009826103756961729,0.11743247636586607,0.6300915854379374,-0.2741385833786385,0.3987655599441512,0.5215468119012441,0.6442582717570713,0.7825252483068073,0.6339293168858808,0.9595635294886881,0.7449350093547926,0.4187661115332701,0.6821222243061903,0.4935904114952248,0.6662468356705002,0.13217395417642824,-0.0845247166667032,0.027048782187104756,-0.4579246083655645,0.5149270727103803,0.6784680647667226,0.6977160218416173,0.7845671282591077,0.425221192938525,-0.5454006716570129,0.858646476786394,0.7796902272278771,0.7479281166392314,0.08204195303584566,-0.10432087149617485,0.4114929889585545,0.764022921918133,0.5550904868255372,0.8076664693544081,0.7464004190331033,0.6037849191802711,0.7823462614667281,0.5789971318107365,0.7551736509624418,0.7818362485230465
STETHUSDT,0.8463516235845457,0.9735632995543513,0.42317339932602216,0.8094901902728595,0.8703398575307905,0.09642253579127225,0.7453201547984042,0.7995791317279224,1.0,0.7835905504770697,0.8963365082637177,0.3625135521797235,0.6200213473674626,0.9737378935019718,0.8470890044757569,0.17083529366162548,0.9780175743354431,0.2524346192878583,-0.40243419578790784,0.5523204237351437,0.8126426764988458,0.2527721095147801,0.43838835389386865,0.6571641435723496,0.9772162327846446,0.19882646953766223,0.9783411490838613,0.5301616500712683,0.856306337719471,0.9106279047116039,0.5483182628279956,0.7742378120733684,0.8598175266582907,0.8560093922333118,-0.25210198113855037,0.3309473261990598,0.24606163860874736,0.8065229289744748,0.13400011347579682,0.7059823458987019,0.1286997497265432,0.8406765504174175,0.9161612379816256,-0.07335550438699315,0.6439040021384433,0.4919554259125635,0.674763739996242,0.4567637311175182,0.22695012772269157,0.8453597584884295,-0.024508611274118883,0.5487219173422707,0.6669088034759595,,0.7446082739301008,0.02988618587406502,0.7879107669437728,0.22270772835896663,0.4983040362913361,0.8884107587746584,-0.19125195027179892,0.7387516137006646,0.817999319381536,0.8563461314854416,0.8710997263450575,0.677822649591776,0.9078590396826058,0.8097139793979203,0.6657726324808273,0.8127420091453067,0.6556896194126971,0.8303661335193601,0.4689473933008606,-0.11543281072976698,0.4240137794047891,-0.22138434967918907,0.349974433262562,0.765251050130179,0.8258195745622824,0.9790680195713646,0.4001168557145951,-0.7455287626917326,0.8437657843140525,0.4333215740341838,0.8826456096403047,-0.11162298080732824,-0.40336515321969796,0.7482920548481536,0.915079076743557,0.7313191672025448,0.9527956663094765,0.7566444660774851,0.48622084675719196,0.8221317028974967,0.28229666716701207,0.8221400434239717,0.9752811532233437
DOGEUSDT,0.6075669464248955,0.7812309448355043,0.30324260257392005,0.6847706350555277,0.8834094953238232,0.5240348649642869,0.8706910043050567,0.5577905647891429,0.7835905504770697,1.0,0.8005297077963142,-0.12118394068354278,0.6523615786634721,0.8005357942674687,0.590069847802955,0.041752407994432576,0.7811011889626548,0.4358815076097395,-0.6565085300869551,0.3761291786146446,0.845368732855187,0.3162533054525679,0.615234060127364,0.6276490214006827,0.7728181487080265,-0.15806956809323613,0.7801737392627197,0.32951251695302536,0.6310322681473727,0.890100359403438,0.4656911697850551,0.7802545132541547,0.8209741129909198,0.9160332484798505,-0.013533692775904764,0.2900590591142442,-0.044248244590748456,0.7911828779777831,-0.23170550605599619,0.3779554506936641,0.09370997015489528,0.8579623237064473,0.6568026945057347,-0.136483885170116,0.618248487685453,0.11861524158099432,0.6987178693044075,0.48438281085669277,0.0839018735848804,0.8000100416312479,-0.45060336781646715,0.5263695184599798,0.47745237154833686,,0.6114552332049756,-0.16566757487632025,0.7058772736959898,-0.012503034228662174,0.6309891560256884,0.660974324343373,0.07876787425706776,0.875275588377821,0.8735095546634122,0.9063082509151582,0.8446627861584982,0.8149259059986955,0.7131365386058507,0.8375846173056961,0.7036037558083108,0.5465041934947514,0.8674588034549916,0.9100135704730458,0.5083581520087197,-0.4833693719177284,0.2924015766291909,-0.17811700349224618,0.013309383254264423,0.7346150144109345,0.9125979092448565,0.7904050060396598,0.7188872967993424,-0.45268281557248374,0.8005670147159206,0.4332053381421503,0.8908677732262247,-0.36499279812387936,-0.46138989499542155,0.8840012821442321,0.8982841805966499,0.7210528559539274,0.8224624546070209,0.6258880243314793,0.4280582605101004,0.5373573673337388,0.35438513394170096,0.47795987681084556,0.7823142898570609
ADAUSDT,0.843830700766108,0.8958398340973175,0.16046001646128838,0.7495057450855498,0.873012097511856,0.10863765304581305,0.7310669293220666,0.8509707946854228,0.8963365082637177,0.8005297077963142,1.0,0.13922231274929445,0.44443739823003525,0.897798365132414,0.8355567047546771,-0.19683616761900266,0.9038029146486468,0.5478399524891489,-0.4368078432216312,0.3450778876021198,0.8888372170099186,0.4794661256814062,0.23833940522041794,0.620297844204646,0.8939975845077283,-0.01108591041791138,0.8967301328121134,0.34730503113143096,0.8551064359943408,0.9460838295673465,0.5148646062124039,0.9229312882731295,0.9515798794051478,0.9138731908386716,-0.3284644648468709,0.08341099467586097,-0.05576277535731159,0.7198796195745208,-0.1776145446615653,0.6148497376162668,-0.06353858820442972,0.9603004407199539,0.8524099011938626,-0.08595223625435043,0.7980311130876546,0.5346157445520021,0.7432024849397423,0.61941592971342,0.04610499169962226,0.7973665737358473,-0.15096189015267894,0.5544873996512414,0.792914005792977,,0.5960520236096023,0.07156080002632771,0.8040696195746128,-0.08712843446280384,0.5677315368478517,0.7612374918098558,0.015225317417711876,0.7299759287034606,0.8026907821207248,0.9039076894731461,0.9532083669909448,0.8356261845167735,0.9214472892359012,0.9259704890721862,0.7720421586116111,0.685525947099509,0.7639262278381432,0.9074440595457524,0.5578416363757426,-0.3609517651495235,0.1414942881404755,-0.5244632694034662,0.38583482080254117,0.8183359009404003,0.8726749469076395,0.9002105967054771,0.6369772400634773,-0.6071015634251136,0.9161117762129967,0.5535951403249371,0.8840979580103431,-0.23273357693672683,-0.21506182102658158,0.73863535983608,0.9579364707387855,0.6930932764346036,0.9495970060026179,0.7854435514643823,0.5858341958179007,0.796986375694819,0.51152742723205,0.7843598171714611,0.8941151504317881
FIGR_HELOCUSDT,0.3849081731484735,0.3619513184063436,0.4557627872502736,0.1879068329544529,-0.0568717901437151,-0.725247207840469,-0.027304781399805286,0.233515344521167,0.3625135521797235,-0.12118394068354278,0.13922231274929445,1.0,0.2967677903070443,0.3328860701683112,0.4254744400368125,0.38346166892984407,0.36761916734636535,-0.3203815577313255,0.2536443108204152,0.5304196855242904,-0.05087574925635695,-0.11694967809076715,-0.01087973307849291,0.09441092497553379,0.3809023924462834,0.8296896961698502,0.37484823799836425,0.11594273514577935,0.36060533306627707,0.09205543725998633,0.11993658982011361,-0.08259972915575672,0.06930938909232286,-0.09020246245873974,-0.33148765688768667,0.37548143708131526,0.6367695491057224,0.17830128989454005,0.8244793919411565,0.5554367507877542,0.24063078915751082,-0.021626889492008475,0.42995919902844654,0.23244476784183335,-0.0852551675092249,0.729469052160905,0.02284305010976503,-0.21995831432561166,0.4820892068133598,0.13556103891509091,0.8610592947943803,-0.26250640487371674,0.27332300726580055,,0.555475946747965,0.12299494649298014,-0.042876874433305956,0.5295793293797039,0.056278406413585925,0.4910416471275704,-0.46978920649561545,-0.045176748259130414,0.05430633978820267,0.021881223115615467,0.010660775425579808,-0.2052665828985418,0.21454881091805592,-0.07677812617911717,0.09971000851062992,0.6028702173065945,-0.3812483717945124,-0.15733303634139426,0.18201718293276295,0.7791691016689374,0.45102852615911415,-0.00012101226374285347,0.4968100764815038,0.04933663922494032,-0.18905990056247504,0.3585396959312315,-0.6142967008960853,-0.6189678669122567,-0.056857394802277396,-0.23795445487407121,-0.048898278447049796,0.5325253912047239,-0.011688907495104591,-0.048096970275623555,0.059588090236264483,-0.0929334654084611,0.23211492221507615,0.1958628315451534,0.03374115003708323,0.4876499227580171,-0.1242488692664253,0.5930817487380645,0.3707627553514303
WBTUSDT,0.3750707110224362,0.6145353103801855,0.62685889679523,0.4520812360709979,0.537827480650083,0.3110045243862168,0.7990469021804986,0.13191387322154044,0.6200213473674626,0.6523615786634721,0.44443739823003525,0.2967677903070443,1.0,0.6411168140173296,0.3770900611764354,0.4430398396237503,0.614584149466653,0.08812982107511705,-0.5933163399554138,0.6033958528429116,0.531676939617066,0.052724729840641096,0.8975932555391958,0.4806766415559554,0.6130763634312245,0.2452081314518063,0.6185807973796814,0.08312932272384788,0.3871278345976254,0.6323288499942571,0.32587500034955424,0.2923856467387443,0.4796325133942526,0.5686011869704884,0.0625774351694869,0.6940821088483711,0.30689947885052693,0.7682600739707475,0.267986083092102,0.3312362295762799,0.3736793690000897,0.49821086619824384,0.4589954077922604,0.012728991602885672,0.17051951136864257,0.17827254204589862,0.515999395185344,0.0010773914455153434,0.38961092158922533,0.6618046968856479,-0.07226661812420718,-0.0001065625741290248,0.23429114453046107,,0.90024332238947,-0.3293267601170964,0.27300847571755077,0.2884757664634517,0.6853990923236921,0.6048848987999523,-0.019428860770581865,0.7978905550193647,0.756077473883908,0.6929345075968325,0.4867121059908508,0.5009502480899973,0.32205819953751824,0.4360356071176642,0.5649388427920464,0.6031685416962312,0.5019463444593311,0.5252558353997382,0.5570767369930875,0.03038871770643066,0.6013877846656066,0.22227744925037443,-0.023768357246834407,0.43998356623561363,0.5332113076675007,0.6222639782774869,0.2434964853970773,-0.5816056891862386,0.3322698249849883,-0.05550713451016325,0.5452598789556287,0.0019594356303841874,-0.6411094942164055,0.8032411277519034,0.6096652347845848,0.372531470633845,0.5482774073776224,0.3652524363975966,0.10996521911743425,0.3691874077629807,0.08607282954703041,0.34508632653049764,0.6245055727619857
WSTETHUSDT,0.838570017047064,0.9719433924560297,0.42641926923457985,0.8121480204802182,0.8822732358187441,0.13188391538834235,0.7632473345417965,0.7798838940048551,0.9737378935019718,0.8005357942674687,0.897798365132414,0.3328860701683112,0.6411168140173296,1.0,0.8382359697400724,0.17252993437934538,0.9757518495517775,0.2617056499276607,-0.42619021111183963,0.5519014173190755,0.8221109271278135,0.25433996270358833,0.4595561775853644,0.6642260965859597,0.9747438300155976,0.17992659681084927,0.9764538699000085,0.5275178178652372,0.8497179765509812,0.918609556586498,0.548883513882025,0.7826202475210603,0.8648962247044547,0.8699563944930548,-0.2319156117681416,0.3373269990939405,0.23526654405424086,0.8159223516962322,0.1151373392105092,0.6900522710104875,0.1330110798740645,0.8486894899526292,0.9089638776605992,-0.07724053613682018,0.6460004033469706,0.46597493221102,0.6813027246771921,0.4616917112548654,0.2248689969986533,0.8514358205119287,-0.05473100286519885,0.5555864443811991,0.6541792144965533,,0.7439613470687302,0.012658037476524636,0.79061690237634,0.21739689879777943,0.511427108486423,0.886034123918269,-0.18179274557545302,0.7573951170319323,0.8318048635222413,0.8684242361270343,0.8764560874216176,0.6903622561600002,0.9043024544209354,0.8191114290586938,0.6736246961736267,0.8050001171309441,0.6760760548176447,0.8446560731252464,0.4740379664252513,-0.1404503556512671,0.42718114320992245,-0.2157471826445454,0.32350936135415986,0.7712311865640052,0.8410477451457937,0.9779117533618866,0.42328717231837215,-0.732294741407261,0.8494811864525527,0.4360537820552704,0.8942723017654376,-0.13248931807706482,-0.41300461801557875,0.7668334795392964,0.9229722585263042,0.7415081058150588,0.954689011661478,0.7551226359344779,0.48711986480811187,0.8110395648088732,0.2846828354011359,0.8066545649486667,0.9737605818592997
WBTCUSDT,0.8240561165615858,0.8482197999450047,0.29833984002449115,0.6907440628109575,0.695872083222351,-0.14440056738603205,0.5455710935406146,0.7893463193413938,0.8470890044757569,0.590069847802955,0.8355567047546771,0.4254744400368125,0.3770900611764354,0.8382359697400724,1.0,0.0018432192445466357,0.8527996298336109,0.2967367205144997,-0.26391275236342404,0.4833069177430315,0.6812458661142298,0.2877381987256753,0.1335678728703435,0.5348533659957937,0.8533617943528221,0.2809689190414142,0.8534377542321034,0.4042339139329172,0.8259839813333806,0.782178064361848,0.4507381349812613,0.7494035853193781,0.7758860131087896,0.7061657303251173,-0.3642661766495334,0.18730979759914843,0.22217661384010096,0.6186548040694275,0.13947806072200788,0.657351629813749,0.03081375714706198,0.750171894482708,0.8554667885144092,-0.01314163340498193,0.6359704864849968,0.634402587857773,0.5611798289960171,0.4252941575739084,0.19894318200943545,0.6709975389890347,0.16680616485380498,0.4400410027945775,0.6889967915476022,,0.6045994382053308,0.07558189293568536,0.664290516958911,0.1614010318511753,0.4295347115873963,0.8080034671543777,-0.20590491229411823,0.5395689160485558,0.641697199086191,0.7076834607715838,0.7589537272772885,0.5488583648053521,0.8400694444761146,0.7203230174707638,0.6337580885249798,0.7420194850204982,0.46716055017480157,0.6821489787864498,0.4716312462000621,-0.05347548457292744,0.2879121377116174,-0.44138261056107875,0.43611439687254255,0.6778027513980851,0.6385161911837787,0.8518588410614834,0.2826749529007659,-0.6585140500367126,0.7382216010766165,0.36890007191663304,0.7069984495353622,-0.07652017526432955,-0.1168864935703794,0.5434658906254005,0.7773351982970619,0.5723317785883346,0.8550141008022694,0.6986960284841321,0.5001247550792235,0.8170978297934562,0.3085319256882267,0.8479819779681024,0.8495512335649984
BCHUSDT,-0.022104722338049117,0.17115330939395185,0.7810747430282786,0.17623502481201347,0.043536431200368104,0.18143258356663972,0.14806474753097457,-0.22144906351663152,0.17083529366162548,0.041752407994432576,-0.19683616761900266,0.38346166892984407,0.4430398396237503,0.17252993437934538,0.0018432192445466357,1.0,0.12349583270707348,-0.6755160073096556,-0.1343295775264452,0.6523380130828886,-0.1733408202291875,-0.5963445644355655,0.5744891011054183,0.15125896828871804,0.176561784478606,0.5430220262140386,0.18071065906470454,0.40737830232343286,-0.01792855790556947,-0.044035312626498464,0.04714655635198999,-0.2506180625691431,-0.20741879169739322,-0.05848110387229192,0.38177296282998696,0.7365500522108324,0.7951671259859797,0.26314360046253393,0.727545819554694,0.05407463261520962,0.5709132860744884,-0.26635175030246866,0.12391476809689246,0.08848245320473158,-0.37964287208451436,-0.26069703607691347,-0.18455369101943234,-0.41830530630179447,0.5646320935790735,0.10172668393559388,0.21698486156509586,-0.012765326442462168,-0.49089549658194387,,0.3645286481402974,-0.35932924392438,-0.09962732072448817,0.8533493614959814,-0.021513337743108804,0.3876713811271189,-0.5750016938430909,0.1424464219047524,0.1310421276096053,-0.05268327974553999,-0.22618628253183226,-0.40462663163670315,-0.07637158573039195,-0.23187419949976287,-0.14874529376457524,0.30465120392759026,-0.21704355931729447,-0.12181782109943744,-0.10901067606640093,0.45969244781483426,0.8242957250710204,0.662533147579315,-0.3845517225900294,-0.08584363688197011,-0.07647706084237568,0.18050975135628025,-0.5061191637745684,-0.1975520693104223,-0.18150072897016506,-0.38920890540208675,0.0413410933867893,0.08212519031492761,-0.3526553179981772,0.13470300117146747,-0.08707893237468377,0.1452378098381623,0.03479182378669501,-0.08856122690344423,-0.19275243694443325,0.021731125652092467,-0.6008503719322974,0.03695303863846268,0.18417176950280953
WBETHUSDT,0.8529166434535281,0.9761414814882845,0.40135905245685166,0.8065893403734539,0.8691670808155334,0.07715918048626869,0.7390265090898726,0.7962682406984168,0.9780175743354431,0.7811011889626548,0.9038029146486468,0.36761916734636535,0.614584149466653,0.9757518495517775,0.8527996298336109,0.12349583270707348,1.0,0.2657610906495002,-0.3932809613125398,0.5343670806663076,0.8201628971346389,0.2612959774802991,0.4235664197539506,0.652558437196847,0.9804586059174275,0.1848823942874493,0.9805271843261782,0.5294933094007351,0.8623616489699585,0.9137360989194044,0.552135750809356,0.7754834096832809,0.8640514707358158,0.8548000984483624,-0.2820553264236811,0.31336966528208837,0.23233184958830322,0.8035546814425798,0.11977695435777787,0.7126826184145123,0.11020454241161169,0.8477267078175944,0.9206406890751367,-0.08856732034195472,0.6601885253682573,0.5086974300217934,0.6818241305204429,0.46104488247502023,0.2028084744957826,0.8515958805241058,-0.023533079517855878,0.5549966174687082,0.6936658491428778,,0.7409918070360174,0.04698001337437215,0.8000212131261093,0.19790457764140487,0.49556262724873756,0.879813790546519,-0.16779036274953602,0.7321581654726745,0.8135584596775374,0.8572308737123514,0.8824013382346697,0.6896007326427994,0.9137887958519967,0.814679629732343,0.6674670305750964,0.8069258094085734,0.6618989416560399,0.8337337046035962,0.47194853035173273,-0.12039841312859738,0.40049103281785997,-0.23017993248801422,0.38014974144595387,0.7673848658325122,0.8283917855003325,0.9809957788116077,0.4068580125600152,-0.7558371878437671,0.8505543329441614,0.4421098151010553,0.8821138785736918,-0.10651177951843557,-0.40657967979057535,0.7425248635396573,0.9199210372030477,0.7310228885560623,0.9548389106203669,0.761736934874092,0.48582121109816934,0.8274845973170235,0.29102548597098093,0.8297711011758351,0.9771537518139775
ZECUSDT,0.3199852136395396,0.25443124301836156,-0.3115449545932389,0.17641447974976088,0.3711852159996599,0.11154077163301829,0.4090088520936436,0.3236360407643988,0.2524346192878583,0.4358815076097395,0.5478399524891489,-0.3203815577313255,0.08812982107511705,0.2617056499276607,0.2967367205144997,-0.6755160073096556,0.2657610906495002,1.0,-0.4317691163197224,-0.1436121669266782,0.5588941199637156,0.5278070542066199,-0.06629760665275472,0.20879120345587482,0.24544640070873092,-0.39013813313783285,0.2455480784080066,-0.2588351552552479,0.3290663957530326,0.5162299914622918,0.15158766209379554,0.6203478336883486,0.5447437515731294,0.5101240039019899,-0.3358310335805864,-0.23353899481017176,-0.49954220983567854,0.25926443890963596,-0.6394432204657715,-0.0010018783141734244,-0.32550634769004666,0.6421912824339877,0.23141084956395358,-0.16022062907597975,0.6331663205159369,0.2826300565574534,0.4805072053093755,0.39811249497441364,-0.3225317772025121,0.34493430458621976,-0.32362393690425284,0.17511609476935996,0.5717515832842689,,0.13887048044968622,-0.07120034140925068,0.3432632800729928,-0.617302500295753,0.5556686813959183,0.10615320940805348,0.5412832427705284,0.4212201942808926,0.4082848199462171,0.5427601033008146,0.5759887296251308,0.6957911692846654,0.32363893541484384,0.604001077607625,0.6296570645785219,0.04733324927234633,0.5966438822126181,0.5644633803714862,0.5723070099296433,-0.6357879408030271,-0.38074492462377246,-0.6822684320409067,0.20346745365240426,0.44036879974908816,0.4764573152988038,0.2548935650135095,0.7246751048442672,-0.07094037136641188,0.46384146998151266,0.28568824294692624,0.3769744458887907,-0.374088255118791,0.11279536545696026,0.4238359487647305,0.5205401226518485,0.22443862045129503,0.39762500135779966,0.34679440581251203,0.3353076134030892,0.24876881994179664,0.553562738336742,0.23194821680145772,0.2481742329948808
USDSUSDT,-0.2791616404318864,-0.4099526675646185,-0.44398704494402647,-0.33484543293893265,-0.5040268111065066,-0.5248163136270645,-0.7610372038517969,0.03997721301802417,-0.40243419578790784,-0.6565085300869551,-0.4368078432216312,0.2536443108204152,-0.5933163399554138,-0.42619021111183963,-0.26391275236342404,-0.1343295775264452,-0.3932809613125398,-0.4317691163197224,1.0,-0.5332170483377341,-0.5524473647260085,0.10880760544960555,-0.5962036236561294,-0.4096000077310945,-0.40111780851696177,0.0888961615558196,-0.4020299602581216,-0.049323512183135826,-0.3032858198379251,-0.6204874292367801,-0.17869945756782243,-0.5753160715154456,-0.3952096077510086,-0.6103688796945222,0.03218478340334193,-0.589406367871599,-0.2140150206861393,-0.6381561633648323,0.26004124878742746,0.2924588771081657,-0.1804163538307226,-0.5324870031119329,-0.31718600921283135,0.3058581101678178,-0.5085730386808961,0.1433020600099674,-0.37989828234156287,0.09542621566283285,-0.051003167026784375,-0.5684065355303731,0.3862717158368341,-0.2732592273710143,-0.09222319259030974,,-0.4925414108632676,0.8025872861096286,-0.3157343165692518,-0.009374677555417616,-0.874350108493707,-0.47966329066592633,-0.32537170502620566,-0.7813596478129765,-0.7069625692367479,-0.6620640702750701,-0.48097197912887546,-0.4706317144806816,-0.17483060633132497,-0.5455964172885953,-0.7607774740016175,-0.1787772285819886,-0.6534961014363283,-0.6641352351890742,-0.7886588840885573,0.6208669518147967,-0.36965657210506797,0.20051213127645864,0.3726429786133524,-0.45813538495368933,-0.5504304279938573,-0.42359419196112036,-0.5226832762634024,0.1377679402537361,-0.34699050027141054,0.24455519881695564,-0.509171062164283,0.7279394824344061,0.19662711812206246,-0.7708545739643103,-0.5544133398603015,-0.49730269882362027,-0.4927221344871688,-0.24896460725490324,-0.1535586845828944,-0.19234324211847034,0.0757616450644395,-0.19337792753324354,-0.4142116208826743
BSC-USDUSDT,0.4526503121872671,0.5589132160599729,0.8860174744032456,0.45379926629199646,0.34867382014000403,0.013820033760450347,0.5260377579979948,0.14095039210664884,0.5523204237351437,0.3761291786146446,0.3450778876021198,0.5304196855242904,0.6033958528429116,0.5519014173190755,0.4833069177430315,0.6523380130828886,0.5343670806663076,-0.1436121669266782,-0.5332170483377341,1.0,0.25377833821701234,-0.28541704258854633,0.49530930698636544,0.4182278983521912,0.560829682384101,0.7292298150975504,0.5682527263434604,0.2496249812970556,0.45656285111989753,0.45927565539676873,0.19368840462799058,0.3533572348666972,0.2878288166974321,0.3737431197764622,0.05963099352490851,0.8407753309533007,0.8148267521574276,0.5860489097258174,0.6207849228478337,0.18815673596670585,0.5012300135534566,0.2679983792308588,0.5437987115210657,0.1252000475591952,0.12973597366338918,0.2565487696983265,0.1742149221032657,-0.23225771301873713,0.6628758989650041,0.4201043851016277,0.38240937637295214,0.02441193443282362,-0.029880694134682594,,0.7351680890961121,-0.5937081797326451,0.11547433303528061,0.7328897789777696,0.5806980079803529,0.83206557207,-0.4767966663879194,0.5284564335119101,0.5488210057752083,0.43677478108973955,0.22305757931457068,-0.002163701031271175,0.28684019512393943,0.27316442985196976,0.5303816815792357,0.6587942374874004,0.07335009363298266,0.30861726708276327,0.5630805672659502,0.22442011149615945,0.863582582409435,-0.04694129852443817,-0.20301540760320863,0.3445846390679106,0.22271659172447675,0.5730410583744096,-0.20709858326644143,-0.44501079775852476,0.1719532123058276,-0.38119067578902716,0.3509507359535044,-0.17013712756642274,-0.07396975688646448,0.5099576451049028,0.3743400938517791,0.3330867409987178,0.5222328273236153,0.29284331419699877,0.17123442434733077,0.4836994450514044,-0.27372502712537883,0.5411938890163154,0.5753654114847522
