,BTCUSDT,ETHUSDT,USDTUSDT,XRPUSDT,SOLUSDT,USDCUSDT,TRXUSDT,STETHUSDT,DOGEUSDT,ADAUSDT,WBTUSDT,WSTETHUSDT,WBTCUSDT,BCHUSDT,WBETHUSDT,HYPEUSDT,USDSUSDT,BSC-USDUSDT,LEOUSDT,ZECUSDT,XLMUSDT,WETHUSDT,WEETHUSDT,XMRUSDT,USDEUSDT,CBBTCUSDT,LTCUSDT,HBARUSDT,AVAXUSDT,SUIUSDT,SHIBUSDT,WLFIUSDT,SUSDEUSDT,CROUSDT,UNIUSDT,TONUSDT,USDT0USDT,SUSDSUSDT,DOTUSDT,PYUSDUSDT,MNTUSDT,MUSDT,CCUSDT,TAOUSDT,AAVEUSDT,USD1USDT,BGBUSDT,NEARUSDT,BUIDLUSDT,ICPUSDT,ASTERUSDT,USDFUSDT,ETCUSDT,XAUTUSDT,PIUSDT,ENAUSDT,JITOSOLUSDT,PEPEUSDT,JLPUSDT,RAINUSDT,APTUSDT,ONDOUSDT,HTXUSDT,KCSUSDT,WLDUSDT,KASUSDT,POLUSDT,PAXGUSDT,SYRUPUSDCUSDT,USDTBUSDT,BFUSDUSDT,RETHUSDT,RLUSDUSDT,GTUSDT,TRUMPUSDT,QNTUSDT,BNSOLUSDT,WBNBUSDT,USDGUSDT,ATOMUSDT,FILUSDT,VETUSDT,USYCUSDT,HASHUSDT,KHYPEUSDT,FLRUSDT,RSETHUSDT,FBTCUSDT
BTCUSDT,1.0,0.7366783278729447,0.14014879549793124,0.6973110586341339,0.5625911658328593,-0.47572914018433876,0.723495623844219,0.7375770144970765,0.6392567247326962,0.735883395588336,0.781146615928862,0.7325664329554479,0.759559031872992,-0.18347172728935826,0.7382761682697859,0.45842557970344683,0.3585758090544951,0.2173799671283708,0.056449211576769374,0.30733177439584153,0.6850489294518174,0.745454252663644,0.7404565319911272,0.46698231556211134,0.1471636064569247,0.7667175194177326,0.7474102136466072,0.6586255818736692,0.506498134187701,0.5978151966471483,0.4301979472503552,-0.03842201872511421,-0.007932855630155878,0.7971235338244859,0.7211310807338793,0.5773484303170686,0.1310180897924096,0.09088919773912474,0.5770019087715899,0.1627093439114904,0.6104613292690232,0.5402250232742727,0.5202810140074162,0.5353241476945984,0.6735351164127341,0.18148736019304795,0.39598811172006654,0.7276931993414427,,0.5753095612218515,0.5338183098472391,0.022294330835333297,0.6810228571768998,0.4493303224988894,-0.10003769572495456,0.46020608991064377,0.5569984654594311,0.6275645289277295,0.645410466474167,0.2435571549753885,0.5100085355220882,0.6744007234425103,0.7429292077182338,0.5771763849255179,0.41706261632347336,0.3321279592412499,0.6159123948051163,0.45505710780583913,-0.18559501133525202,-0.007638759668304114,0.06943821229731056,0.7316800116029,0.4266791220950171,0.5511060360229684,0.5526188242341389,0.2366176536085004,0.5574545075561953,0.6297635994538913,-0.03976376936813651,0.17534610988792798,0.4886105660503592,0.7605219292165842,-0.5300042554733261,0.14342108663114983,0.45020137310973934,0.6075959728319225,0.7403448512003962,0.7954089034196401
ETHUSDT,0.7366783278729447,1.0,0.08219304226246733,0.8677311619022088,0.750089959286208,-0.20453166989715815,0.6378774145250232,0.9247079056375581,0.7652492250423157,0.8450979157194553,0.8322037967407165,0.9224285520059028,0.7250579836588169,-0.11360696779440507,0.9257151182152147,0.4804732361528615,0.2814069219579187,0.32810063271075757,0.4527799838466741,0.038343736315675364,0.6200034103988886,0.9338583174733602,0.9289399395807059,0.3932859070085236,0.04054849045909039,0.7441771648905788,0.8401875947918375,0.44783552598920784,0.741837095010179,0.8572581191277839,0.7079311479285971,0.07058521028321435,-0.03536551131104934,0.7938427327661851,0.7683054570529296,0.8042371149867699,0.2862515567866424,-0.20395223027650372,0.7079523661792302,0.030642240292383237,0.5966484931636256,0.48809501535384636,0.7179888962077816,0.41120868937548016,0.8380451086018363,0.1041826922378799,0.42221840783197384,0.8342405416946804,,0.6755742429933134,0.6497072290766239,-0.006241623839472959,0.8942763101068618,0.659843628885131,-0.08653305749063177,0.7560816515052833,0.749995750845953,0.8705873976837902,0.7978166066144179,0.6130068357843461,0.4806020171078683,0.7990145456951714,0.8208461602895685,0.5815169766027024,0.5837083116935984,0.5642220657772227,0.72576688714691,0.7157621813206847,0.13984788753846103,-0.10452100737103578,-0.05570824033125398,0.9242795387172956,0.17793749994630406,0.6073026628541247,0.6345985086710574,0.35501971208743577,0.7556372417861746,0.7256759616840167,0.12527675075711767,0.19159483174924755,0.5774716543527578,0.9229224394360657,-0.5766346483270325,0.1952562234794593,0.44587063309273567,0.5909160167215961,0.926122685855225,0.7749286884451677
USDTUSDT,0.14014879549793124,0.08219304226246733,1.0,0.1903766690762331,-0.1611175170630429,-0.6264451931796942,-0.16641809895733192,0.08243363140008665,-0.3365518024953835,-0.15794403532271314,0.38934889325547956,0.0691979552189678,0.18168013264471358,0.7425282844885436,0.06788486511813246,-0.28802708621642625,0.6571875865007841,0.7639576672694872,0.0545741694461368,-0.5395788970346027,0.14598223583129147,0.0929868670501317,0.09948136789972198,0.20975294353911705,0.8185260169090982,0.12608290534609712,-0.2584062014692567,0.13198990180647915,-0.29041685976668274,-0.1931394788235105,-0.3674665134200509,0.5843578863951653,0.713707587988393,0.08618997531606475,0.12070780964933774,0.011342269216913899,0.6511803896471922,0.4468305582399666,-0.40801879649910655,0.38059618500078496,-0.371816931188035,0.22623465166970658,-0.16678472293318952,-0.3199973805031439,-0.0238656515096401,0.7451191889687141,-0.3285314985701444,-0.2747565058158986,,-0.34983300207211476,0.32581497554798855,0.88800190493079,0.38410449900442833,0.07580677896161521,-0.6035224923657045,-0.26819718162827494,-0.17178033121824648,-0.24223276821148115,-0.07143240863084308,0.1686541457313801,-0.6427001206807833,-0.34082872067948855,-0.15008598438184756,0.29723562512370505,-0.6247646165491537,-0.07785709890300427,-0.4713100368107544,0.1411950016093972,0.26132775954575505,0.6195372934295221,0.7176605355199842,0.09033135420537607,0.5403309012987333,-0.2932910803100522,-0.47824389979680887,-0.24659814517371426,-0.1898699023685321,-0.2748277622852482,0.21465478353233133,-0.7891306986748436,-0.6557445690919342,-0.017451377527323286,-0.19909968764806116,-0.17803788041329296,-0.30544193876845244,0.047399312809568855,0.0960727231979321,0.30759732983047755
XRPUSDT,0.6973110586341339,0.8677311619022088,0.1903766690762331,1.0,0.8447424948492872,-0.1795466971549198,0.47252221272575495,0.8711911719286425,0.8180584163884534,0.7862611172857883,0.7325851240478537,0.8773492100652099,0.6920773222951819,-0.11605896528924017,0.8653302905870008,0.5814096330760681,0.370770399002754,0.2492167180657897,0.6005042906461753,0.0818894946803947,0.7923516103456566,0.8682925944547267,0.8771170914676705,0.35810327201043457,-0.004732473795285853,0.7082092382426033,0.7375470950879124,0.5995533726840742,0.7009334925243899,0.8588079707068288,0.6534531060593984,-0.028790409755551576,0.04707634240358043,0.8438096552249467,0.598878112174876,0.5666214813226762,0.2843205410515668,-0.049240095335584905,0.5676650745333797,0.2402494221848561,0.5028241648630303,0.2880711589656338,0.8470992222659893,0.4047099725578953,0.8805679156874692,0.2603995992736573,0.34546732977162986,0.6514105397589414,,0.541019317180775,0.45199233895634866,0.025178869161294186,0.8336852074878578,0.8312211856284859,-0.09362311529448332,0.7321735563313577,0.8525683864973589,0.8475377225266477,0.8758548676695386,0.760043633420932,0.3925626898279843,0.7910356336278661,0.6654188305212395,0.5419700132969658,0.5774242297690808,0.5852401328671504,0.6489325558408755,0.8190098944740466,0.256496284121791,-0.1975125241237886,-0.00709944404834402,0.8743083538476382,0.3518049431916528,0.5451181779735136,0.5428986038035403,0.3008077865783578,0.8488909828266435,0.6833136586187366,0.20691346741108071,0.18095481803750596,0.4746594565784082,0.8697507565071418,-0.3264463962365164,-0.0130998646582537,0.5385743311257634,0.7575011769127973,0.870272734543594,0.6979749808474487
SOLUSDT,0.5625911658328593,0.750089959286208,-0.1611175170630429,0.8447424948492872,1.0,0.04364398589061244,0.46447638648607725,0.7533250753939748,0.8488512413451795,0.7477387583048875,0.5338989712954986,0.7631098009572108,0.5472894616872743,-0.37974897027463317,0.7521189245697221,0.664709826332407,0.15192212544486972,-0.0245016124198002,0.5491911127646958,0.23793796379476545,0.6673960100227344,0.7451549780311022,0.7538055310210021,0.17695183582935092,-0.23619609153633978,0.5759260266510828,0.7319960025809343,0.47720457599494237,0.7465150352147577,0.8719090460940978,0.7517935932251955,-0.19834538421313924,-0.184191166864474,0.7213580174277175,0.5082826048682704,0.49015631465155635,0.05327981870234448,-0.24445329572787,0.6242612629888702,0.16780718497282504,0.5228891226148538,0.17166378196526616,0.840840688926537,0.4943693394258051,0.7872636666208095,0.03303397575127937,0.3392477877010922,0.6577657057178393,,0.6441597174991426,0.32224754262168726,-0.2716564648038745,0.6358301891989698,0.7512042522579655,0.07590363417274909,0.7953449598161803,0.8440375430092215,0.8413370377439783,0.8245949890907979,0.6642761217814223,0.5419117492418095,0.8289761579053416,0.626834618360969,0.4139550431544805,0.7032362312822888,0.5993563582370489,0.7038406865420345,0.7069104574200764,0.13828785624421833,-0.3400380294579832,-0.23685288938205093,0.7536569098988629,0.17848138755887075,0.5693817703669812,0.5947018771702807,0.38019205554572133,0.8449122039574452,0.6837612287293483,0.13484256407725362,0.3956240953866402,0.6514473312354288,0.7813746566762845,-0.1590610699833242,0.0674776714193426,0.6300208824244935,0.691613922939519,0.7491139072792017,0.5129347906474683
USDCUSDT,-0.47572914018433876,-0.20453166989715815,-0.6264451931796942,-0.1795466971549198,0.04364398589061244,1.0,-0.388169237367923,-0.2034942125471383,0.02271016271743184,-0.10504977935952775,-0.579548462084854,-0.18436620616001856,-0.5004366589795857,-0.16600736865726026,-0.19958970245812654,-0.0023692605157423514,-0.5249622758907312,-0.43863822697841165,0.44500472391398843,-0.11903535418912999,-0.444112682121424,-0.2179106217520678,-0.21112047349082086,-0.4344345964587592,-0.750740414910155,-0.45093192516532715,-0.11528115926215662,-0.5848117133600702,0.110967770754593,0.07525461225811712,0.14439457643935122,-0.4225939735954215,-0.5191705223610967,-0.46406948870574355,-0.3920810373799562,-0.09398775269635455,-0.19148256706761935,-0.3403474888598679,0.1557925556019855,-0.4084413827973121,-0.11718243609444255,-0.4153842022735361,0.19293070156837555,-0.3833738883955117,-0.1121865982307628,-0.49443338682746346,0.04335252246613308,-0.10909002412704316,,-0.10131795705755232,-0.3899533734507937,-0.4869884112658531,-0.33122325554775534,0.053523208571647864,0.3978962489901726,0.1141186395156985,0.06490959501671598,0.11965346141995938,-0.08330625321706378,0.2715135636942892,0.1390111231884068,-0.016917171137376553,-0.19322079365831032,-0.5104987684352741,0.37144393963114697,-0.01814008199737364,0.13644860098385034,0.083318810582198,0.40564944454116103,-0.6238666010439774,-0.5838181218291896,-0.19559726380493014,-0.7564156281082368,-0.05857959511083008,0.22108585748536314,-0.10984564799985876,0.07939014717033173,-0.024718636322587164,0.2290942171088146,0.47641903790965384,0.20167949583882155,-0.16180792055990698,0.3706763694258614,-0.13499112777638667,-0.034185214115355037,-0.31618057354081247,-0.21840618939600043,-0.6011115717017623
TRXUSDT,0.723495623844219,0.6378774145250232,-0.16641809895733192,0.47252221272575495,0.46447638648607725,-0.388169237367923,1.0,0.7238103083211588,0.6101540931698411,0.7568586149945493,0.6977124474426585,0.6300142716564291,0.7058001744027939,-0.4498673667076834,0.6454107233517866,0.5421828594486443,0.22836631235374055,0.005225308407154971,-0.2087658854716158,0.5337493319332426,0.513555542412995,0.6448525729556276,0.6351599418252988,0.2940890961487355,0.030209430273899617,0.7206483788783108,0.8151342361651437,0.5357234023241897,0.5168939232411656,0.561322394704782,0.4504759710296987,-0.23609096058293524,-0.2976520253274883,0.6636237815185964,0.8078111187572271,0.6106612817197162,-0.07577352704194894,-0.02672091520342975,0.7336278460907041,0.08191675125861712,0.6808211641003447,0.6652454180545141,0.43705414921515173,0.6529967737645241,0.5193305779366922,-0.01565915075470412,0.3820639994198972,0.8505557164000618,,0.761082240984755,0.5542696349244531,-0.22971925952030062,0.5083062562658442,0.24757638735080192,0.01178776816924678,0.4340875507594649,0.45458823477343535,0.5859562415694819,0.5364369015161317,-0.02992993926822362,0.7558949706404996,0.7005886193194752,0.8277299940099964,0.5367164140653876,0.48258011517886934,0.2469277377716452,0.700067827157616,0.25474362621986046,-0.4877680763943891,-0.033944123257080586,-0.13560699861219855,0.6253491114775082,0.30361358750522605,0.6154962986588859,0.6711611943908158,0.22468096548611574,0.4622883820121441,0.6529509352041509,-0.137651720468096,0.3993752892942706,0.7248374005342378,0.703882356559197,-0.4901949977604233,0.28966864626529576,0.5499844650822537,0.49396394043647907,0.6393715451678218,0.7259968095045919
STETHUSDT,0.7375770144970765,0.9247079056375581,0.08243363140008665,0.8711911719286425,0.7533250753939748,-0.2034942125471383,0.7238103083211588,1.0,0.7673967029305804,0.8466771416491073,0.8306946500723614,0.9215680570537205,0.7261264492399725,-0.11622366020482067,0.9243312064879619,0.4884163850579019,0.28875482697880683,0.32406603941228895,0.45417647183345505,0.04416270162828162,0.6255608770753937,0.9321622464611327,0.9278613164199242,0.388232834282718,0.038644654975412626,0.7452356818652484,0.8398564858136871,0.4530297246647978,0.740539401351844,0.8581332934942033,0.7039184782934339,0.059584111302960714,-0.03881362438780542,0.7945295639063448,0.7678525047900471,0.7979844212591739,0.28667758708522134,-0.1941160916381418,0.7088674017573986,0.04023161346130502,0.5942837525242284,0.4882680693918844,0.7253994107663192,0.4107631240512789,0.8383154049010387,0.111836377352197,0.41793863005294724,0.8317767585659046,,0.6742876503805989,0.6459394175897021,-0.006122045092443775,0.8922041631394392,0.6654330573365368,-0.08795291278441761,0.7531327751552883,0.7534769081660877,0.870779400789367,0.8007803594131715,0.6157833597267501,0.48374462478364755,0.8001881115626601,0.8195260175888612,0.581734967972563,0.5845061410648648,0.5612645720972563,0.7260203025499286,0.7195958451826906,0.13941375440522116,-0.10871659365208798,-0.05619692620863608,0.9231942551987923,0.1859073220145155,0.606923246959938,0.6365601660876538,0.34680349381699266,0.7588483550400394,0.7261499899621474,0.13088359390737486,0.19592316400596063,0.5785611828020998,0.9229878420871769,-0.5672431604698959,0.18667618807566322,0.4533620388705999,0.5972386323696737,0.9248572199294203,0.7741927276732575
DOGEUSDT,0.6392567247326962,0.7652492250423157,-0.3365518024953835,0.8180584163884534,0.8488512413451795,0.02271016271743184,0.6101540931698411,0.7673967029305804,1.0,0.8818488949410802,0.5150137777340315,0.7773907940535313,0.6107017972450276,-0.5630961923004535,0.7716539777182924,0.677136793355225,-0.03787238277465266,-0.2025878496298505,0.3915466021814562,0.4681955022057415,0.7267534683790254,0.7628783172654459,0.7623386863652842,0.34078766427149354,-0.4003609670150487,0.6525622939156906,0.8560813669902946,0.6097632824939935,0.7900396265960494,0.8654772847558497,0.8038911417068417,-0.2888910934347596,-0.2916881570725091,0.8288110824206573,0.5098258801098318,0.5089409417385523,-0.17216555401478492,-0.2773951446594401,0.7215024712233746,0.013811987009017654,0.7575182746109687,0.158612155362397,0.7980700691214053,0.6860717527584681,0.8452054433865432,-0.19613187422268302,0.5707643988025718,0.7850881510803494,,0.7204253329531437,0.24500464004631994,-0.47541206211437265,0.552974050182005,0.6647377128818671,0.2582246544531318,0.8092317128168437,0.8582378940091178,0.8894638136371491,0.847451797349082,0.48865029901904483,0.7393715360275951,0.9413760875751898,0.7296519129685014,0.3835436232627565,0.8624454554565365,0.5845765190747805,0.8716108567974646,0.5982306293015595,-0.036585192680797164,-0.4661481543726169,-0.34318958936438976,0.7627916800611582,0.10896635045036772,0.7013395512687249,0.7508080810508405,0.5066605726881154,0.8641470800407118,0.8043862655469659,-0.06069461712047527,0.5740672530431042,0.8012474727599784,0.8200857494853745,-0.2775591937859908,0.1541761382504288,0.6612583223497066,0.7145827561784668,0.7606371211709526,0.5544040699929629
ADAUSDT,0.735883395588336,0.8450979157194553,-0.15794403532271314,0.7862611172857883,0.7477387583048875,-0.10504977935952775,0.7568586149945493,0.8466771416491073,0.8818488949410802,1.0,0.7258985269651189,0.8488822064431545,0.7151753848308987,-0.34785232354476986,0.849740727175076,0.6336707707515526,0.23138147178087626,0.06964605186432034,0.29526129710519344,0.32570058928377077,0.6203615269948493,0.848070959325333,0.8468931185546196,0.28899011348181464,-0.1566495142573298,0.7465306194514691,0.90751260955643,0.4955943305811223,0.7313608152572699,0.8354760517495886,0.6551322999745051,-0.26869997370134824,-0.30320772104184934,0.7534218394353439,0.7776269875273931,0.721083130965538,0.09523454985451105,-0.10461381285110946,0.8457977049198062,0.0451855217813522,0.6855909332105119,0.5308279222184408,0.7795189419749391,0.49813713002471693,0.7799532364215614,0.010919600479155031,0.4566743873909881,0.8967836276487285,,0.7480281827486044,0.541429704867082,-0.22300040036574512,0.720223767956912,0.6069640321478074,0.041053684173534576,0.680300425900052,0.7501537028879083,0.87013759539276,0.7850196129067901,0.45630441901835506,0.7367167445077953,0.8620861933821626,0.8711006661911999,0.5148860781142764,0.7069906657490832,0.44180288533111095,0.846334192029372,0.6331067441993251,-0.0590084755779214,-0.2779038633998099,-0.22920291997573622,0.8427558320614587,0.17185813191605595,0.6774174163458075,0.8079089929266976,0.23932444327725508,0.7580875590412004,0.788596535756142,0.10079035968283388,0.4672910630084028,0.767144181903038,0.8986275720606544,-0.45207813129256896,0.14341285348042337,0.6053726628194601,0.6160133899941445,0.8436628028446782,0.7147884102473051
WBTUSDT,0.781146615928862,0.8322037967407165,0.38934889325547956,0.7325851240478537,0.5338989712954986,-0.579548462084854,0.6977124474426585,0.8306946500723614,0.5150137777340315,0.7258985269651189,1.0,0.8679492846725401,0.7880125649120993,0.0607808515592111,0.8286974792249662,0.39248388317562094,0.580315131234457,0.560139543556258,0.16586607888375085,-0.012115235721207426,0.594086294949456,0.8440478510958165,0.8400874682606975,0.37439127777815817,0.46363640178953064,0.7756439801783159,0.7054625659138304,0.4886685373912237,0.523307573322444,0.651472643924129,0.4542493522716169,0.23655067109598518,0.16872125615695832,0.7395686506857228,0.8835529888465644,0.7529178996436784,0.44373379990824235,0.01325069651050007,0.5373703954902125,0.2548774283469339,0.42431794744639356,0.7104553490885295,0.4976478551034476,0.3816881775321427,0.6490581322831267,0.40838132509097586,0.18586118489774625,0.7261150129713146,,0.6069454227989566,0.8145617373167435,0.30515879200016655,0.9112984761280862,0.49106297510260133,-0.35442559194366524,0.518396957201397,0.5225310543248091,0.6213031005811033,0.630998874489179,0.392691498331935,0.2982376087617878,0.5896012683707681,0.7614196132304667,0.7285994497427585,0.2183582353744981,0.4139488981815262,0.46936721396876485,0.560722817658294,-0.05149178870757412,0.2807897012116666,0.23214404240031838,0.8280174625173652,0.48171493599093335,0.4671777880512287,0.39604350347723244,0.1994150669997634,0.5210177935377845,0.5471498081362604,0.11796634728723446,-0.10344461723934467,0.3614017881613535,0.810183313842955,-0.6113043545734722,0.20602872514192236,0.3693695699337668,0.5487031629709098,0.8400646364515225,0.8928268942171024
WSTETHUSDT,0.7325664329554479,0.9224285520059028,0.0691979552189678,0.8773492100652099,0.7631098009572108,-0.18436620616001856,0.6300142716564291,0.9215680570537205,0.7773907940535313,0.8488822064431545,0.8679492846725401,1.0,0.7205340968598303,-0.1257087900361212,0.9221865773153733,0.4980828110161114,0.28148500578661684,0.3072873669149999,0.4673133592518613,0.05240820276804142,0.6306424010725052,0.9293185687333101,0.9256965232695149,0.3827416876100077,0.01672292673767481,0.7409721713968839,0.8405719326623668,0.4556587784714781,0.7447633853324133,0.863583228241731,0.7069237335616889,0.039975581416520876,-0.050446450304536185,0.7942683587566384,0.7566274890263192,0.7880853269476142,0.27840977160682573,-0.19127988294788262,0.7127287294897662,0.04046187591035974,0.5964162687232929,0.4741614621781662,0.7398858629595998,0.40926642601216273,0.8434422992038443,0.10606341345134995,0.4224537908706466,0.8285136279564144,,0.6709846578803551,0.6294846602529233,-0.019657131290384072,0.884261162469523,0.6764705714344689,-0.07652906298316892,0.756441329952603,0.7640842063908466,0.8776107746495883,0.8077632863687672,0.6263663461173795,0.4919659025387315,0.8066060770653803,0.815526151163901,0.5717396024010338,0.5989647514565533,0.5620077872421894,0.733803356313134,0.7275083054474168,0.1481047343548073,-0.1309665566311146,-0.06887729093795739,0.921403658581496,0.18031877973379837,0.6093771256693419,0.6456781833411082,0.34327783158183306,0.7694171985634424,0.7308114498943574,0.13654579064970918,0.21257868795643808,0.5853347146056208,0.9230647571416878,-0.5520795600868226,0.17471059074936754,0.4621851176187806,0.603612560377837,0.922356459841233,0.763699019569418
WBTCUSDT,0.759559031872992,0.7250579836588169,0.18168013264471358,0.6920773222951819,0.5472894616872743,-0.5004366589795857,0.7058001744027939,0.7261264492399725,0.6107017972450276,0.7151753848308987,0.7880125649120993,0.7205340968598303,1.0,-0.026497546749287244,0.7259182777970725,0.4515928619693327,0.397888540281498,0.24889972786125691,0.055858844423666384,0.2806848230386824,0.6812761931290383,0.7336766193921772,0.729936034744279,0.4487857502622604,0.19337967717378068,0.7578762953145544,0.7199563064402333,0.6518580922669067,0.48519739325436007,0.5829023764118382,0.4075373943087142,-0.015150896011214653,0.02294212968053209,0.7836688956847233,0.7211457633793045,0.5631288760656705,0.16250225149606898,0.10887072014345278,0.5469234236043796,0.19943226383208676,0.5709830543960047,0.5471940764605877,0.5090542212829601,0.516189565484193,0.6544364798087721,0.2282199221217614,0.3532704393725798,0.6995024341336105,,0.558683388283379,0.5460252553844156,0.06468405925372553,0.687305731696613,0.4491507457368505,-0.1367916560359881,0.4430171835549889,0.5412019284739766,0.6024322413459766,0.6321085084732896,0.24864223937630972,0.47129232888072026,0.6468141935455348,0.7209694474435856,0.5887719981170776,0.3734728768171324,0.3262445023392616,0.575901209341663,0.45533560561771436,-0.17871445874163708,0.032071813573142274,0.1028181439856839,0.7206360442060118,0.45930482166543163,0.5247734450499933,0.5127434612829144,0.21703291542789963,0.5403492163774476,0.6016641344585311,-0.021876223013089207,0.13321155686023545,0.45341260780901255,0.7446070250017822,-0.5127220428465503,0.13274469751003182,0.4424058617349758,0.6061350538276183,0.7297114284977193,0.7954822354155695
BCHUSDT,-0.18347172728935826,-0.11360696779440507,0.7425282844885436,-0.11605896528924017,-0.37974897027463317,-0.16600736865726026,-0.4498673667076834,-0.11622366020482067,-0.5630961923004535,-0.34785232354476986,0.0607808515592111,-0.1257087900361212,-0.026497546749287244,1.0,-0.12699287277377733,-0.6099081586467692,0.33022177664514524,0.7057044864400763,0.1732995644873646,-0.8046767913396594,-0.2970702139848124,-0.10098786181275082,-0.10210050174674079,0.11114229401515287,0.5264400949051169,-0.18689451577304475,-0.4445755007517864,-0.33262783282956887,-0.4179055173253192,-0.3849010376267254,-0.5085194231196272,0.5337300542406167,0.548687008280443,-0.3076863877060255,-0.139698543687778,0.011653143830646173,0.6524107182002149,0.35955397982164305,-0.4250155624543272,-0.0571324351687948,-0.4909526477630954,0.06923818787875007,-0.32425588739061506,-0.7577231600946465,-0.2172388622625231,0.43863953999518984,-0.2557559624372123,-0.40866566115211905,,-0.6148707850196659,0.15094068908157462,0.8178829171862793,0.17630227671675075,-0.11653575622380756,-0.434750318579484,-0.43595302174555084,-0.3845941236017782,-0.3425688360412647,-0.33081596653506035,0.16562320747314171,-0.7374336681821757,-0.571742974295713,-0.3158168965590351,-0.05707971702970139,-0.6072213606488572,-0.2733391916187706,-0.5215293660252563,0.041072754585716006,0.5390350870726137,0.3942420081602609,0.5291803842483656,-0.10301508104077925,-0.006862845598895448,-0.4412291698016243,-0.4350315132820069,-0.422809065323326,-0.3904919012127276,-0.41657907323004445,0.30535874969720866,-0.7050352563943665,-0.7674183962731876,-0.2171951869408421,-0.22455959922427163,-0.2386737652691616,-0.6394331794740985,-0.3808702723249154,-0.10880617034999973,-0.036461712588805525
WBETHUSDT,0.7382761682697859,0.9257151182152147,0.06788486511813246,0.8653302905870008,0.7521189245697221,-0.19958970245812654,0.6454107233517866,0.9243312064879619,0.7716539777182924,0.849740727175076,0.8286974792249662,0.9221865773153733,0.7259182777970725,-0.12699287277377733,1.0,0.485765878084215,0.27218702496616665,0.3153017873270455,0.4463686370959994,0.051770373411431835,0.6205485159570632,0.9334011581025731,0.9282628283265212,0.39386110092703835,0.028624990783458232,0.7459062242877564,0.8469665748348618,0.45066489346107363,0.7456558282832804,0.859232627803005,0.7119681713605958,0.059591476939835214,-0.047235000043759884,0.7957077099873976,0.7691647963463791,0.8047138868290963,0.27399109414219086,-0.20715755582891612,0.7162046259149979,0.024842820246939318,0.6064963225703413,0.4880856978968955,0.7196703811201877,0.41986674554639786,0.8392202270940353,0.09242686470017211,0.4303239983783512,0.8413652223100072,,0.6823696476795267,0.645543224847329,-0.020509280639476175,0.8882172168777599,0.6568387392488866,-0.07666520467867124,0.7581971227430377,0.7520820423400159,0.8742771803573641,0.7993015739640627,0.6057111221618814,0.4942571248642165,0.8058195647378373,0.8262501633220268,0.5787005113160134,0.5939883217295556,0.5632656863203793,0.7354724700364852,0.7115036674889763,0.13047365081824833,-0.11384832640606765,-0.06589264603273702,0.9236676458727177,0.1726659352078088,0.6141293024493398,0.6447750381524799,0.35844450607708334,0.7580181745404583,0.7320353702440512,0.11894266612719678,0.2054764641957946,0.5894138034709108,0.9246328716754231,-0.5768677620233018,0.19865934505477892,0.4517895787323835,0.5918515117144282,0.9255428388507922,0.7738394087403185
HYPEUSDT,0.45842557970344683,0.4804732361528615,-0.28802708621642625,0.5814096330760681,0.664709826332407,-0.0023692605157423514,0.5421828594486443,0.4884163850579019,0.677136793355225,0.6336707707515526,0.39248388317562094,0.4980828110161114,0.4515928619693327,-0.6099081586467692,0.485765878084215,1.0,0.3373766495793156,-0.22932034362832335,0.20788089151405406,0.5207383397002797,0.5699434960841783,0.4657891023856638,0.4884073332548644,-0.21602633410804636,-0.15567838451083402,0.46559031780537347,0.6036496768487877,0.43887380234215445,0.5680198303552867,0.7075233588304654,0.5349138855787635,-0.5192386163124001,-0.3949704907506122,0.49979866370847187,0.5362932435161025,0.23977367760849455,-0.06692628879108009,-0.0682341500956418,0.5903659572226556,0.49267099788561547,0.3286038050509257,0.2997078996257148,0.7771140241011886,0.5566586104754442,0.46971830912301826,0.2041398422381312,-0.006715568116138563,0.5363855543801318,,0.7073558326583247,0.26893842177397587,-0.34844420775626717,0.35605282241790787,0.5868411650923899,-0.004803137800914052,0.5702328101368541,0.6723568809761926,0.596525501752934,0.6483512999739356,0.36458061295905386,0.6540460748835051,0.6983406338592625,0.5197538245188288,0.4096420067514991,0.5239869605796056,0.3888311881243847,0.5419349913336394,0.48833171872095354,-0.23347915900503954,-0.22548407321502706,-0.283879239204725,0.4839581016896124,0.4095430153945578,0.46557656886375665,0.4971173499521654,0.1162034474981462,0.667406983671311,0.5274847191228308,0.1774201462619328,0.4987879339873803,0.7201848125488944,0.567348932710888,0.21657511741197225,0.0031430722856970158,0.8468075733384555,0.681870691546512,0.48533183062803686,0.3827472663359712
USDSUSDT,0.3585758090544951,0.2814069219579187,0.6571875865007841,0.370770399002754,0.15192212544486972,-0.5249622758907312,0.22836631235374055,0.28875482697880683,-0.03787238277465266,0.23138147178087626,0.580315131234457,0.28148500578661684,0.397888540281498,0.33022177664514524,0.27218702496616665,0.3373766495793156,1.0,0.5806451456686939,0.07063950578182286,-0.16734032556313147,0.3349008394393668,0.278821680610941,0.30652242949446123,-0.1942283694751303,0.7232386952095069,0.35015223828009134,0.08924463123265687,0.23478196925872594,-0.00890503409595724,0.18660714208873902,-0.17260353905322876,0.02841661087542122,0.25707494665939506,0.1894304972757014,0.5443494139358132,0.15516917989426304,0.6541049531523072,0.5151965908648457,0.06356261485950826,0.7604546548356533,-0.2872837284759724,0.5949802077925329,0.3331570499131156,-0.10559077490350888,0.0927985333697917,0.9526194219562288,-0.5135744884436511,0.0643724526749424,,0.12369269006990673,0.548196709470002,0.6637189180342866,0.5125849830870315,0.3616866295721663,-0.6635164589287956,-0.050726690327228346,0.14521004789625427,0.0541987204367308,0.22470724197841446,0.30089731037379314,-0.13496264632078295,0.013754949804615477,0.18510764723801296,0.5290722095923537,-0.36290762453945635,-0.0018194026583829247,-0.1653226631357973,0.3953503539349949,0.015282248476029277,0.49110657487039044,0.4521361781419152,0.2934597256262463,0.7837433690037183,-0.05041876269623943,-0.1110603219152051,-0.4529278627028664,0.12563934567144597,-0.0038342123763911965,0.4742294992539308,-0.37245886676165857,-0.13482788911548477,0.27108880377728223,0.0718172485938718,-0.24330794227115157,0.2980494026701202,0.3717243516984789,0.29962907529297733,0.47200322087345736
BSC-USDUSDT,0.2173799671283708,0.32810063271075757,0.7639576672694872,0.2492167180657897,-0.0245016124198002,-0.43863822697841165,0.005225308407154971,0.32406603941228895,-0.2025878496298505,0.06964605186432034,0.560139543556258,0.3072873669149999,0.24889972786125691,0.7057044864400763,0.3153017873270455,-0.22932034362832335,0.5806451456686939,1.0,0.22306141155528522,-0.6778418414056667,0.019558622687566737,0.3421338201950304,0.340527937194161,0.14417488183072094,0.7409943795274087,0.2080731081507004,-0.01141701449733797,-0.09452367122600869,-0.017671294185944944,0.08076627281394269,-0.07241486373559851,0.6277382929130235,0.5312926995296773,0.09508666973613387,0.38563026286094587,0.413214268645878,0.7527760447090356,0.12764580693075506,-0.08558965347738282,0.16908268051210695,-0.25035233203536955,0.42793544561749886,-0.018570135806690306,-0.34360110326340476,0.11189483869463313,0.5839131972957312,-0.2419310962757022,0.04421639748556531,,-0.06639041262819237,0.6148663147011052,0.7849546505697049,0.6255992113066636,0.15242391070426434,-0.5836009956325741,0.017558731282682035,-0.03666839786297915,0.0337447260181438,0.05288388827361731,0.34243940721559,-0.46749178423253773,-0.14962626232028206,0.12357903708926234,0.3817852692669549,-0.41924938165580894,0.09086371991910495,-0.23621256469721535,0.30350888485734473,0.34954932518104187,0.5767515574554072,0.5312147659460886,0.3321405432045883,0.263516595945803,-0.13112808323363426,-0.24016597856835353,-0.14318268467251777,-0.04314351372408884,-0.09056083549150205,0.30211253836826774,-0.668349490713706,-0.38838885977583043,0.22411761392253113,-0.41517137414707084,0.02012356000466656,-0.2628597829315974,-0.022395107564394348,0.33769308398380843,0.4094418463097715
LEOUSDT,0.056449211576769374,0.4527799838466741,0.0545741694461368,0.6005042906461753,0.5491911127646958,0.44500472391398843,-0.2087658854716158,0.45417647183345505,0.3915466021814562,0.29526129710519344,0.16586607888375085,0.4673133592518613,0.055858844423666384,0.1732995644873646,0.4463686370959994,0.20788089151405406,0.07063950578182286,0.22306141155528522,1.0,-0.4550975999145641,0.18184065506675876,0.44622875783662064,0.4606711145635384,-0.07459738276469181,-0.19930360425516605,0.07677438552362079,0.2065092840386453,-0.12482779010108659,0.47170425747501005,0.595173777432757,0.49819075286638154,0.08384505831798586,0.03945873969089295,0.18766918477905523,0.06679529882470153,0.3107012548303277,0.38321593234099877,-0.300338307759907,0.22156814297419736,0.0005203048452019776,-0.0283188222288494,-0.16537661916745028,0.6289460510513023,-0.21790314249076537,0.48826034813269276,0.10378564006863124,0.04073595742138911,0.14682594353200093,,0.11561463475849293,0.1417995027768973,0.050719238915450764,0.5048899919360808,0.677475821460202,-0.04291934459456591,0.5791585236974074,0.567592254326775,0.5570396651008508,0.48796658375757024,0.9332734884293041,-0.06886987974197019,0.3312309122589102,0.1334522873732305,0.07363478879631262,0.3659433422152329,0.4765212445288167,0.2408395738753464,0.7217615354080835,0.7523016547431919,-0.29041915159758513,-0.1355865622153375,0.4685307415683368,-0.1992093363342215,0.12604176861121932,0.1849232290072993,0.13248407124190276,0.5676508560690753,0.2501001390294782,0.4409199104609147,0.029830144995666746,0.11540433587346241,0.41134486454189223,0.04061981998440089,-0.13858660028302866,0.14118319308246663,0.24190470952165502,0.44949838191529845,0.050028148711382656
ZECUSDT,0.30733177439584153,0.038343736315675364,-0.5395788970346027,0.0818894946803947,0.23793796379476545,-0.11903535418912999,0.5337493319332426,0.04416270162828162,0.4681955022057415,0.32570058928377077,-0.012115235721207426,0.05240820276804142,0.2806848230386824,-0.8046767913396594,0.051770373411431835,0.5207383397002797,-0.16734032556313147,-0.6778418414056667,-0.4550975999145641,1.0,0.4337917629799616,0.030893665834025443,0.03149931839435372,0.12546360333417012,-0.421249786612079,0.3075462240332823,0.4102513949626371,0.6043076514497192,0.1773327975901407,0.14328821735177324,0.15308977605309962,-0.6507077356104587,-0.4681961160351386,0.3879509573529503,0.13504429728843925,-0.1452137335173525,-0.6558895204695054,0.12396912563565465,0.35564328645800297,0.11879978266754111,0.5599885566199809,0.05425655620733652,0.21366276573919452,0.7326159181581924,0.1726580508985374,-0.2871612413161597,0.3494982825854381,0.3495280872335334,,0.40515995944454297,-0.22476272350016857,-0.6401082524012386,-0.2550901643491796,0.0006187294018756455,0.38466783834265383,0.08439890086360696,0.23983107249786328,0.18271899367313305,0.244923712268287,-0.40726607533422593,0.7504741330935397,0.46124273673954314,0.30997906918533663,0.0648313903784027,0.4731099055364276,-0.019540984353444594,0.485555245301523,-0.16248771184879768,-0.6903253310623285,-0.3760082123528312,-0.3315436161999801,0.02913623766440852,0.25164667062353474,0.40854729958825314,0.4690427903492911,0.17341206829324401,0.24125332327212118,0.38714156820495965,-0.37161877573257895,0.66536000567271,0.6071108115302947,0.1643035112069873,0.11130318645860235,0.06057629589514139,0.5619596213309164,0.41591390631825625,0.03636044440158919,0.15962611495324175
XLMUSDT,0.6850489294518174,0.6200034103988886,0.14598223583129147,0.7923516103456566,0.6673960100227344,-0.444112682121424,0.513555542412995,0.6255608770753937,0.7267534683790254,0.6203615269948493,0.594086294949456,0.6306424010725052,0.6812761931290383,-0.2970702139848124,0.6205485159570632,0.5699434960841783,0.3349008394393668,0.019558622687566737,0.18184065506675876,0.4337917629799616,1.0,0.6197597299202324,0.6276365955388405,0.4495662173936611,0.03734983847870935,0.6864402299578065,0.6085216693005184,0.8650139443501995,0.46926223708118137,0.5842280000183045,0.4280439108206645,-0.12137968807047711,0.09286609952792309,0.8730165171222808,0.4440925959305477,0.23530098336543837,-0.007038311562596442,0.16103363819932917,0.35954641333290066,0.37602639537733024,0.5407116809271545,0.19389005287992656,0.6095245317209068,0.6438133678663637,0.7107159803907199,0.25074829418776484,0.3466845739144744,0.48913279022152256,,0.44242240909510167,0.21966940110115352,-0.05377913779249227,0.528335093568237,0.6010857244595601,-0.026283800892963092,0.47506368626695017,0.6707579024921914,0.5752743778010658,0.721116907514533,0.34492568516850686,0.4155551042910468,0.6817712166814345,0.518337149746664,0.4942590894872509,0.4411148197428344,0.4063085600535564,0.5220115794423877,0.4936287722005983,-0.11985000373924896,-0.1314992461461687,0.08847392932958556,0.6216982397431937,0.6003403780046315,0.48933620048747317,0.40175773788212754,0.31609885867174686,0.6606413783878929,0.5725896842582189,-0.06473682182933653,0.18705602818809056,0.39396992741627,0.6484061827226911,-0.20579378416741964,-0.02653306146607391,0.5640975947876578,0.8066316462632199,0.6254959086357058,0.6543599831661312
WETHUSDT,0.745454252663644,0.9338583174733602,0.0929868670501317,0.8682925944547267,0.7451549780311022,-0.2179106217520678,0.6448525729556276,0.9321622464611327,0.7628783172654459,0.848070959325333,0.8440478510958165,0.9293185687333101,0.7336766193921772,-0.10098786181275082,0.9334011581025731,0.4657891023856638,0.278821680610941,0.3421338201950304,0.44622875783662064,0.030893665834025443,0.6197597299202324,1.0,0.9364191909822371,0.41416238193191507,0.0495061141196106,0.7526620875761868,0.8452764638054576,0.4509811858345193,0.74069376026778,0.8533549361605371,0.7060040106904344,0.08730225970190952,-0.02470812791463734,0.8010825517289538,0.7751034103358233,0.8175736740549088,0.2914870856500936,-0.20320905913282467,0.7089421322698654,0.016185897313504314,0.6063486218789931,0.4969757274442216,0.7071346331005831,0.4105721009032417,0.8429751554575013,0.09953111625939809,0.4357370422845981,0.8420074118001362,,0.6731535583340589,0.6594749877251104,0.0035903266323748222,0.9038374715444507,0.6524459366926381,-0.08802974524157119,0.7533625603231674,0.7445322581566238,0.8713684888079084,0.7958860816661926,0.6067008894450779,0.4769180626941626,0.797932060861796,0.8290232826288289,0.5863876707223161,0.5806931111903283,0.5628345418127981,0.7286651550432683,0.7124467060930442,0.13998318770159943,-0.09655524352630306,-0.04681687169585222,0.9316348817698279,0.1740996221573151,0.6106653510507918,0.6368540595649334,0.3604998723685865,0.7505024561188937,0.7289601524888334,0.1170511252797379,0.18213271173724166,0.5718303184647877,0.9285635857431618,-0.6023996260208414,0.20302210663304057,0.431866726276083,0.5852644253700849,0.9337805304985788,0.7872420310913759
WEETHUSDT,0.7404565319911272,0.9289399395807059,0.09948136789972198,0.8771170914676705,0.7538055310210021,-0.21112047349082086,0.6351599418252988,0.9278613164199242,0.7623386863652842,0.8468931185546196,0.8400874682606975,0.9256965232695149,0.729936034744279,-0.10210050174674079,0.9282628283265212,0.4884073332548644,0.30652242949446123,0.340527937194161,0.4606711145635384,0.03149931839435372,0.6276365955388405,0.9364191909822371,1.0,0.45371593596976156,0.05460719074384116,0.7479850853648743,0.8367797174622614,0.4517671492796634,0.7384516470001842,0.8595101473644887,0.6992832038560811,0.06702140576995055,-0.028710361827567258,0.7943677162456261,0.7744304058598496,0.8012220323039411,0.30409789261185716,-0.18630326986280976,0.70544833698901,0.05157908117919182,0.5840172254446122,0.4963636763331623,0.7287586700830132,0.40160908322297584,0.8387015630805579,0.13059769274976785,0.4065346533980218,0.8285226531316984,,0.6711495967374919,0.6561384162778549,0.011685980655187396,0.9031233873721648,0.6720111019295933,-0.10237949478150772,0.7512996282065709,0.7538482682434033,0.869775637137469,0.8023888327111506,0.6253899955191833,0.4731554041311218,0.7957011187893158,0.8188215242890797,0.5896354769460455,0.5738069426069298,0.5617457959537524,0.718161226091082,0.7281402631377517,0.14757549888713922,-0.09716001829959404,-0.04499905721781992,0.9277431475340283,0.19662567061041344,0.6019019111586921,0.6295382449124739,0.3378929955415761,0.7588521904651968,0.72217967833202,0.1423775284256171,0.1826890375482636,0.5693173221183611,0.9256678349481763,-0.5670061806830421,0.18121224708795935,0.4523031198389833,0.5997887369697842,0.9294085661339422,0.7803077526543439
